ID,Date,Element,Data_Value
NZ000933090,2011-03-28,TMAX,212
NZ000933090,2010-06-13,TMIN,70
NZ000933090,2005-03-08,TMIN,120
NZ000933090,2012-03-07,TMAX,239
NZ000933090,2006-03-17,TMAX,206
NZ000933090,2011-07-18,TMAX,142
NZ000933090,2008-08-21,TMIN,75
NZ000933090,2006-01-27,TMIN,136
NZ000933090,2010-03-19,TMIN,146
NZ000933090,2010-08-06,TMIN,42
NZ000933090,2015-05-27,TMAX,131
NZ000933090,2010-03-19,TMAX,205
NZ000933090,2007-10-08,TMAX,164
NZ000933090,2014-10-31,TMAX,163
NZ000933090,2008-05-01,TMAX,164
NZ000933090,2005-10-22,TMIN,55
NZ000933090,2012-10-11,TMAX,159
NZ000933090,2008-05-14,TMAX,177
NZ000933090,2009-10-27,TMAX,161
NZ000933090,2013-08-26,TMIN,51
NZ000933090,2012-03-07,TMIN,111
NZ000933090,2009-04-08,TMAX,180
NZ000933090,2014-07-23,TMIN,-21
NZ000933090,2015-11-22,TMAX,177
NZ000933090,2015-11-30,TMAX,210
NZ000933090,2006-12-24,TMIN,99
NZ000933090,2011-07-18,TMIN,32
NZ000933090,2014-07-23,TMAX,149
NZ000933090,2005-03-08,TMAX,200
NZ000933090,2015-11-13,TMIN,53
NZ000933090,2011-02-24,TMAX,249
NZ000933090,2007-07-19,TMAX,161
NZ000933090,2012-12-09,TMAX,187
NZ000933090,2006-03-25,TMAX,179
NZ000933090,2010-06-13,TMAX,133
NZ000933090,2013-08-26,TMAX,150
NZ000933090,2006-01-27,TMAX,247
NZ000933090,2005-07-16,TMAX,111
NZ000933090,2005-11-14,TMIN,63
NZ000933090,2012-12-09,TMIN,60
NZ000933090,2005-10-26,TMAX,178
NZ000933090,2010-08-06,TMAX,148
NZ000933090,2015-07-30,TMAX,114
NZ000933090,2010-11-27,TMAX,264
NZ000933090,2011-03-01,TMAX,244
NZ000933090,2013-05-03,TMAX,189
NZ000933090,2008-09-20,TMAX,163
NZ000933090,2011-10-20,TMAX,178
NZ000933090,2009-04-24,TMIN,98
NZ000933090,2009-04-24,TMAX,202
NZ000933090,2008-09-20,TMIN,43
NZ000933090,2011-07-26,TMAX,122
NZ000933090,2012-07-27,TMAX,131
NZ000933090,2014-07-10,TMAX,163
NZ000933090,2015-04-01,TMAX,203
NZ000933090,2007-06-23,TMAX,136
NZ000933090,2014-08-16,TMAX,142
NZ000933090,2008-12-05,TMAX,202
NZ000933090,2005-04-30,TMAX,179
NZ000933090,2012-07-27,TMIN,26
NZ000933090,2009-04-16,TMAX,207
NZ000933090,2008-02-24,TMAX,228
NZ000933090,2014-11-01,TMAX,167
NZ000933090,2007-05-01,TMIN,151
NZ000933090,2013-01-24,TMAX,226
NZ000933090,2010-03-30,TMAX,206
NZ000933090,2015-07-30,TMIN,38
NZ000933090,2010-05-30,TMAX,132
NZ000933090,2005-04-30,TMIN,146
NZ000933090,2013-06-14,TMAX,147
NZ000933090,2010-10-18,TMAX,151
NZ000933090,2010-03-30,TMIN,89
NZ000933090,2005-10-26,TMIN,80
NZ000933090,2011-03-14,TMAX,230
NZ000933090,2014-07-10,TMIN,106
NZ000933090,2007-07-26,TMAX,154
NZ000933090,2012-12-18,TMAX,191
NZ000933090,2013-01-24,TMIN,131
NZ000933090,2011-10-20,TMIN,75
NZ000933090,2009-12-30,TMAX,210
NZ000933090,2007-06-23,TMIN,83
NZ000933090,2014-04-26,TMAX,173
NZ000933090,2011-07-26,TMIN,-26
NZ000933090,2012-09-20,TMIN,36
NZ000933090,2010-06-09,TMAX,141
NZ000933090,2013-10-22,TMIN,123
NZ000933090,2010-12-09,TMAX,206
NZ000933090,2014-12-13,TMAX,180
NZ000933090,2007-11-13,TMIN,43
NZ000933090,2005-06-24,TMAX,127
NZ000933090,2007-05-01,TMAX,192
NZ000933090,2015-08-18,TMAX,137
NZ000933090,2014-06-30,TMIN,114
NZ000933090,2008-07-17,TMIN,93
NZ000933090,2006-01-11,TMAX,210
NZ000933090,2007-04-09,TMIN,91
NZ000933090,2015-11-13,TMAX,162
NZ000933090,2010-09-23,TMAX,139
NZ000933090,2015-03-28,TMAX,222
NZ000933090,2014-04-12,TMAX,207
NZ000933090,2008-03-07,TMAX,219
NZ000933090,2006-08-27,TMAX,146
NZ000933090,2011-03-01,TMIN,137
NZ000933090,2015-03-28,TMIN,145
NZ000933090,2015-11-23,TMAX,170
NZ000933090,2013-04-05,TMAX,194
NZ000933090,2010-09-23,TMIN,89
NZ000933090,2013-10-22,TMAX,175
NZ000933090,2009-10-28,TMAX,169
NZ000933090,2014-01-21,TMAX,204
NZ000933090,2012-04-09,TMAX,196
NZ000933090,2006-01-11,TMIN,101
NZ000933090,2014-12-13,TMIN,87
NZ000933090,2005-10-22,TMAX,159
NZ000933090,2012-08-27,TMAX,161
NZ000933090,2011-01-24,TMAX,201
NZ000933090,2014-11-25,TMAX,171
NZ000933090,2005-06-24,TMIN,73
NZ000933090,2014-11-25,TMIN,151
NZ000933090,2012-04-09,TMIN,67
NZ000933090,2009-12-29,TMAX,219
NZ000933090,2013-03-18,TMAX,227
NZ000933090,2012-09-20,TMAX,164
NZ000933090,2014-05-09,TMAX,165
NZ000933090,2014-11-01,TMIN,99
NZ000933090,2015-04-01,TMIN,86
NZ000933090,2015-11-27,TMIN,163
NZ000933090,2013-07-16,TMIN,40
NZ000933090,2006-12-24,TMAX,174
NZ000933090,2015-11-30,TMIN,100
NZ000933090,2007-04-09,TMAX,191
NZ000933090,2007-12-12,TMIN,155
NZ000933090,2013-07-16,TMAX,130
NZ000933090,2011-01-30,TMAX,209
NZ000933090,2007-10-30,TMAX,176
NZ000933090,2010-03-26,TMAX,212
NZ000933090,2012-05-26,TMIN,58
NZ000933090,2009-04-28,TMAX,196
NZ000933090,2009-01-31,TMAX,233
NZ000933090,2010-01-07,TMAX,207
NZ000933090,2005-05-11,TMIN,133
NZ000933090,2009-01-15,TMAX,217
NZ000933090,2012-08-13,TMAX,155
NZ000933090,2005-05-11,TMAX,175
NZ000933090,2007-09-12,TMIN,30
NZ000933090,2012-10-17,TMIN,107
NZ000933090,2009-01-02,TMIN,172
NZ000933090,2007-01-08,TMIN,151
NZ000933090,2007-09-12,TMAX,148
NZ000933090,2005-05-25,TMAX,157
NZ000933090,2013-05-19,TMAX,171
NZ000933090,2009-01-31,TMIN,165
NZ000933090,2005-05-25,TMIN,75
NZ000933090,2013-12-11,TMAX,193
NZ000933090,2010-04-17,TMAX,184
NZ000933090,2009-11-20,TMAX,176
NZ000933090,2013-09-02,TMAX,153
NZ000933090,2009-11-02,TMIN,108
NZ000933090,2009-11-02,TMAX,167
NZ000933090,2010-01-13,TMIN,83
NZ000933090,2010-01-13,TMAX,196
NZ000933090,2009-11-20,TMIN,120
NZ000933090,2014-09-05,TMAX,186
NZ000933090,2008-08-10,TMIN,-9
NZ000933090,2007-02-21,TMAX,219
NZ000933090,2007-02-21,TMIN,128
NZ000933090,2005-08-09,TMAX,141
NZ000933090,2005-05-30,TMIN,22
NZ000933090,2015-08-09,TMIN,33
NZ000933090,2005-08-09,TMIN,72
NZ000933090,2006-04-20,TMAX,183
NZ000933090,2005-03-13,TMIN,116
NZ000933090,2015-02-06,TMAX,203
NZ000933090,2007-12-27,TMAX,192
NZ000933090,2009-05-06,TMAX,170
NZ000933090,2012-05-21,TMAX,158
NZ000933090,2005-09-23,TMAX,154
NZ000933090,2010-12-21,TMAX,216
NZ000933090,2012-05-22,TMIN,35
NZ000933090,2006-09-16,TMAX,149
NZ000933090,2006-09-16,TMIN,80
NZ000933090,2007-12-27,TMIN,66
NZ000933090,2015-04-21,TMAX,188
NZ000933090,2005-09-23,TMIN,51
NZ000933090,2015-04-04,TMIN,87
NZ000933090,2007-07-06,TMAX,140
NZ000933090,2015-04-04,TMAX,218
NZ000933090,2012-02-15,TMAX,218
NZ000933090,2011-12-26,TMIN,120
NZ000933090,2012-05-21,TMIN,36
NZ000933090,2011-12-26,TMAX,211
NZ000933090,2007-07-11,TMAX,105
NZ000933090,2012-02-15,TMIN,145
NZ000933090,2012-05-22,TMAX,149
NZ000933090,2009-11-23,TMAX,175
NZ000933090,2009-09-12,TMAX,151
NZ000933090,2005-05-30,TMAX,125
NZ000933090,2009-11-23,TMIN,101
NZ000933090,2011-07-07,TMAX,149
NZ000933090,2015-01-30,TMAX,265
NZ000933090,2007-09-13,TMIN,105
NZ000933090,2007-09-13,TMAX,160
NZ000933090,2012-10-12,TMAX,165
NZ000933090,2015-10-10,TMAX,155
NZ000933090,2014-04-18,TMIN,154
NZ000933090,2007-06-12,TMIN,71
NZ000933090,2009-10-07,TMAX,147
NZ000933090,2010-05-10,TMIN,71
NZ000933090,2015-08-25,TMAX,128
NZ000933090,2008-08-14,TMAX,131
NZ000933090,2013-02-27,TMAX,225
NZ000933090,2013-10-12,TMIN,98
NZ000933090,2014-04-18,TMAX,225
NZ000933090,2013-03-11,TMIN,119
NZ000933090,2006-07-28,TMAX,128
NZ000933090,2007-06-12,TMAX,150
NZ000933090,2014-08-20,TMAX,148
NZ000933090,2005-08-01,TMAX,147
NZ000933090,2008-04-09,TMAX,202
NZ000933090,2013-03-11,TMAX,290
NZ000933090,2005-08-01,TMIN,92
NZ000933090,2009-10-07,TMIN,47
NZ000933090,2008-08-14,TMIN,87
NZ000933090,2009-04-23,TMIN,78
NZ000933090,2009-04-23,TMAX,177
NZ000933090,2013-08-19,TMAX,170
NZ000933090,2013-07-09,TMIN,13
NZ000933090,2006-05-27,TMAX,172
NZ000933090,2011-01-30,TMIN,122
NZ000933090,2010-05-10,TMAX,205
NZ000933090,2013-07-09,TMAX,130
NZ000933090,2009-10-09,TMAX,138
NZ000933090,2013-10-12,TMAX,151
NZ000933090,2015-08-09,TMAX,105
NZ000933090,2007-11-12,TMAX,172
NZ000933090,2007-12-12,TMAX,238
NZ000933090,2015-07-15,TMAX,132
NZ000933090,2012-11-11,TMAX,156
NZ000933090,2014-05-26,TMAX,155
NZ000933090,2012-06-19,TMAX,165
NZ000933090,2006-06-10,TMIN,101
NZ000933090,2008-08-10,TMAX,127
NZ000933090,2013-09-24,TMAX,167
NZ000933090,2010-04-17,TMIN,40
NZ000933090,2012-06-19,TMIN,104
NZ000933090,2006-11-24,TMAX,170
NZ000933090,2009-07-01,TMAX,125
NZ000933090,2013-07-29,TMIN,23
NZ000933090,2015-04-21,TMIN,110
NZ000933090,2013-02-27,TMIN,119
NZ000933090,2015-02-12,TMAX,217
NZ000933090,2013-07-29,TMAX,137
NZ000933090,2013-09-24,TMIN,111
NZ000933090,2005-12-31,TMIN,166
NZ000933090,2005-12-31,TMAX,213
NZ000933090,2015-09-24,TMAX,166
NZ000933090,2014-09-05,TMIN,116
NZ000933090,2015-01-30,TMIN,180
NZ000933090,2007-11-12,TMIN,54
NZ000933090,2013-03-20,TMAX,208
NZ000933090,2014-11-13,TMIN,46
NZ000933090,2005-05-12,TMIN,67
NZ000933090,2014-11-13,TMAX,152
NZ000933090,2012-10-12,TMIN,56
NZ000933090,2009-01-15,TMIN,89
NZ000933090,2005-05-12,TMAX,179
NZ000933090,2012-10-17,TMAX,172
NZ000933090,2009-12-22,TMAX,198
NZ000933090,2012-08-16,TMIN,47
NZ000933090,2012-08-16,TMAX,141
NZ000933090,2005-11-26,TMIN,89
NZ000933090,2006-08-20,TMAX,143
NZ000933090,2006-02-14,TMAX,219
NZ000933090,2006-11-23,TMIN,144
NZ000933090,2008-01-04,TMAX,242
NZ000933090,2015-01-20,TMAX,237
NZ000933090,2010-05-18,TMAX,178
NZ000933090,2007-02-18,TMIN,90
NZ000933090,2007-03-17,TMAX,197
NZ000933090,2014-08-23,TMIN,26
NZ000933090,2008-07-03,TMAX,157
NZ000933090,2011-11-03,TMAX,171
NZ000933090,2008-03-21,TMAX,227
NZ000933090,2006-12-04,TMAX,169
NZ000933090,2005-02-06,TMIN,180
NZ000933090,2012-01-18,TMAX,209
NZ000933090,2005-02-06,TMAX,261
NZ000933090,2009-04-18,TMIN,88
NZ000933090,2006-11-23,TMAX,182
NZ000933090,2005-12-05,TMIN,151
NZ000933090,2014-08-23,TMAX,136
NZ000933090,2007-03-17,TMIN,153
NZ000933090,2012-01-18,TMIN,132
NZ000933090,2007-02-27,TMAX,236
NZ000933090,2012-12-28,TMIN,171
NZ000933090,2007-06-11,TMIN,75
NZ000933090,2008-01-06,TMAX,245
NZ000933090,2007-05-24,TMAX,173
NZ000933090,2014-04-05,TMAX,232
NZ000933090,2012-07-13,TMIN,89
NZ000933090,2009-04-18,TMAX,195
NZ000933090,2012-12-28,TMAX,215
NZ000933090,2008-01-04,TMIN,127
NZ000933090,2007-03-13,TMAX,212
NZ000933090,2010-11-27,TMIN,107
NZ000933090,2010-02-18,TMAX,253
NZ000933090,2013-07-01,TMAX,150
NZ000933090,2015-02-05,TMAX,213
NZ000933090,2015-03-07,TMAX,216
NZ000933090,2011-03-14,TMIN,122
NZ000933090,2007-09-26,TMAX,142
NZ000933090,2009-01-02,TMAX,225
NZ000933090,2005-07-20,TMIN,90
NZ000933090,2006-10-09,TMAX,151
NZ000933090,2005-07-20,TMAX,140
NZ000933090,2012-03-08,TMAX,182
NZ000933090,2007-10-23,TMAX,166
NZ000933090,2012-07-13,TMAX,131
NZ000933090,2010-06-09,TMIN,7
NZ000933090,2013-07-01,TMIN,99
NZ000933090,2012-07-21,TMAX,140
NZ000933090,2010-09-15,TMIN,67
NZ000933090,2015-03-06,TMIN,160
NZ000933090,2010-09-15,TMAX,144
NZ000933090,2008-08-21,TMAX,156
NZ000933090,2005-11-26,TMAX,185
NZ000933090,2011-09-05,TMAX,152
NZ000933090,2014-04-04,TMAX,205
NZ000933090,2012-07-21,TMIN,54
NZ000933090,2015-03-06,TMAX,224
NZ000933090,2012-08-21,TMIN,40
NZ000933090,2012-08-21,TMAX,165
NZ000933090,2011-06-11,TMAX,149
NZ000933090,2008-03-21,TMIN,98
NZ000933090,2007-10-28,TMAX,155
NZ000933090,2015-02-05,TMIN,139
NZ000933090,2013-07-17,TMAX,126
NZ000933090,2005-12-05,TMAX,179
NZ000933090,2013-04-10,TMAX,182
NZ000933090,2011-09-29,TMIN,31
NZ000933090,2007-09-14,TMIN,129
NZ000933090,2010-04-15,TMAX,195
NZ000933090,2013-09-17,TMAX,158
NZ000933090,2010-04-11,TMAX,196
NZ000933090,2014-09-11,TMAX,159
NZ000933090,2014-05-18,TMIN,60
NZ000933090,2010-09-29,TMIN,134
NZ000933090,2013-07-07,TMAX,152
NZ000933090,2014-09-11,TMIN,73
NZ000933090,2010-09-29,TMAX,154
NZ000933090,2012-05-15,TMAX,157
NZ000933090,2012-03-10,TMAX,203
NZ000933090,2011-09-29,TMAX,158
NZ000933090,2010-04-11,TMIN,50
NZ000933090,2012-09-28,TMIN,120
NZ000933090,2012-09-28,TMAX,166
NZ000933090,2012-03-10,TMIN,94
NZ000933090,2007-01-01,TMAX,180
NZ000933090,2014-05-18,TMAX,167
NZ000933090,2008-12-27,TMAX,222
NZ000933090,2011-06-20,TMAX,157
NZ000933090,2012-07-29,TMAX,137
NZ000933090,2005-03-13,TMAX,205
NZ000933090,2014-12-02,TMAX,177
NZ000933090,2007-01-30,TMAX,196
NZ000933090,2012-07-29,TMIN,52
NZ000933090,2015-12-04,TMAX,194
NZ000933090,2006-04-20,TMIN,90
NZ000933090,2009-11-15,TMAX,166
NZ000933090,2010-07-24,TMAX,135
NZ000933090,2007-06-16,TMAX,106
NZ000933090,2008-01-13,TMIN,107
NZ000933090,2014-04-05,TMIN,89
NZ000933090,2011-08-03,TMIN,56
NZ000933090,2012-07-03,TMIN,50
NZ000933090,2011-08-03,TMAX,138
NZ000933090,2012-07-03,TMAX,91
NZ000933090,2008-06-14,TMAX,163
NZ000933090,2006-11-30,TMAX,167
NZ000933090,2014-12-05,TMAX,190
NZ000933090,2013-07-14,TMAX,137
NZ000933090,2013-07-17,TMIN,63
NZ000933090,2007-06-11,TMAX,150
NZ000933090,2013-02-26,TMAX,222
NZ000933090,2010-05-11,TMAX,208
NZ000933090,2005-02-02,TMIN,200
NZ000933090,2006-11-01,TMAX,154
NZ000933090,2014-03-16,TMAX,226
NZ000933090,2005-03-28,TMIN,106
NZ000933090,2005-03-28,TMAX,194
NZ000933090,2010-05-11,TMIN,89
NZ000933090,2005-02-02,TMAX,286
NZ000933090,2013-02-26,TMIN,121
NZ000933090,2013-07-07,TMIN,55
NZ000933090,2008-10-25,TMAX,174
NZ000933090,2013-03-25,TMAX,219
NZ000933090,2013-03-25,TMIN,107
NZ000933090,2007-02-18,TMAX,212
NZ000933090,2007-06-16,TMIN,50
NZ000933090,2009-03-25,TMIN,50
NZ000933090,2008-01-13,TMAX,220
NZ000933090,2006-02-01,TMAX,262
NZ000933090,2006-02-14,TMIN,136
NZ000933090,2006-06-10,TMAX,152
NZ000933090,2008-02-02,TMAX,271
NZ000933090,2006-05-31,TMAX,132
NZ000933090,2014-08-15,TMAX,138
NZ000933090,2007-08-14,TMIN,48
NZ000933090,2011-01-21,TMIN,153
NZ000933090,2010-12-03,TMAX,219
NZ000933090,2007-08-14,TMAX,136
NZ000933090,2009-02-21,TMAX,233
NZ000933090,2015-03-10,TMAX,223
NZ000933090,2005-05-24,TMAX,170
NZ000933090,2006-08-07,TMAX,141
NZ000933090,2009-06-03,TMIN,13
NZ000933090,2014-08-15,TMIN,-3
NZ000933090,2008-07-06,TMAX,127
NZ000933090,2006-10-01,TMAX,171
NZ000933090,2009-06-03,TMAX,129
NZ000933090,2012-12-11,TMIN,99
NZ000933090,2013-02-23,TMIN,129
NZ000933090,2011-05-29,TMAX,149
NZ000933090,2013-02-23,TMAX,245
NZ000933090,2011-05-29,TMIN,38
NZ000933090,2008-11-01,TMAX,151
NZ000933090,2008-07-21,TMAX,148
NZ000933090,2012-05-28,TMAX,167
NZ000933090,2012-12-11,TMAX,197
NZ000933090,2010-02-01,TMAX,246
NZ000933090,2008-08-30,TMIN,81
NZ000933090,2006-01-08,TMAX,199
NZ000933090,2005-06-18,TMAX,143
NZ000933090,2005-06-18,TMIN,59
NZ000933090,2013-11-16,TMIN,114
NZ000933090,2014-12-26,TMAX,210
NZ000933090,2009-10-16,TMAX,179
NZ000933090,2009-04-22,TMIN,60
NZ000933090,2005-12-21,TMIN,155
NZ000933090,2011-07-11,TMAX,143
NZ000933090,2005-12-21,TMAX,198
NZ000933090,2006-10-02,TMAX,151
NZ000933090,2012-10-05,TMAX,165
NZ000933090,2005-05-24,TMIN,80
NZ000933090,2008-06-06,TMAX,146
NZ000933090,2009-04-22,TMAX,169
NZ000933090,2011-03-08,TMIN,69
NZ000933090,2008-06-06,TMIN,81
NZ000933090,2011-03-08,TMAX,205
NZ000933090,2008-08-30,TMAX,149
NZ000933090,2006-08-11,TMAX,136
NZ000933090,2008-07-31,TMIN,111
NZ000933090,2007-11-14,TMAX,159
NZ000933090,2012-10-05,TMIN,79
NZ000933090,2008-07-31,TMAX,153
NZ000933090,2007-08-08,TMAX,138
NZ000933090,2010-02-01,TMIN,166
NZ000933090,2015-04-13,TMAX,180
NZ000933090,2008-06-22,TMAX,158
NZ000933090,2005-04-11,TMIN,144
NZ000933090,2005-04-11,TMAX,196
NZ000933090,2005-04-16,TMAX,178
NZ000933090,2013-01-08,TMAX,202
NZ000933090,2015-06-11,TMAX,147
NZ000933090,2009-01-07,TMAX,220
NZ000933090,2009-06-13,TMAX,163
NZ000933090,2012-02-02,TMIN,161
NZ000933090,2013-08-29,TMAX,132
NZ000933090,2006-03-02,TMIN,119
NZ000933090,2012-02-02,TMAX,192
NZ000933090,2015-08-30,TMAX,155
NZ000933090,2006-04-29,TMAX,190
NZ000933090,2005-06-25,TMIN,49
NZ000933090,2006-04-29,TMIN,129
NZ000933090,2011-08-14,TMAX,129
NZ000933090,2005-06-25,TMAX,91
NZ000933090,2010-03-24,TMAX,210
NZ000933090,2011-04-30,TMIN,55
NZ000933090,2015-07-17,TMAX,144
NZ000933090,2005-02-18,TMAX,203
NZ000933090,2015-07-07,TMAX,144
NZ000933090,2009-07-05,TMAX,142
NZ000933090,2005-02-18,TMIN,97
NZ000933090,2006-03-02,TMAX,192
NZ000933090,2006-10-04,TMAX,147
NZ000933090,2005-11-22,TMIN,69
NZ000933090,2009-02-02,TMAX,242
NZ000933090,2007-04-26,TMIN,79
NZ000933090,2011-08-22,TMIN,34
NZ000933090,2013-04-27,TMAX,190
NZ000933090,2011-08-22,TMAX,137
NZ000933090,2011-09-28,TMAX,149
NZ000933090,2008-01-19,TMAX,275
NZ000933090,2007-04-26,TMAX,180
NZ000933090,2009-01-07,TMIN,100
NZ000933090,2005-11-22,TMAX,166
NZ000933090,2009-02-02,TMIN,140
NZ000933090,2005-01-26,TMAX,265
NZ000933090,2006-05-23,TMAX,159
NZ000933090,2012-11-13,TMAX,173
NZ000933090,2008-01-05,TMIN,160
NZ000933090,2005-03-11,TMAX,188
NZ000933090,2005-03-11,TMIN,89
NZ000933090,2008-01-05,TMAX,240
NZ000933090,2013-04-27,TMIN,140
NZ000933090,2005-04-16,TMIN,110
NZ000933090,2005-01-26,TMIN,137
NZ000933090,2013-11-16,TMAX,186
NZ000933090,2007-08-08,TMIN,2
NZ000933090,2014-12-29,TMIN,138
NZ000933090,2012-08-12,TMAX,154
NZ000933090,2008-09-16,TMAX,171
NZ000933090,2005-04-14,TMIN,52
NZ000933090,2015-12-08,TMAX,175
NZ000933090,2009-08-22,TMAX,152
NZ000933090,2005-04-14,TMAX,173
NZ000933090,2009-08-22,TMIN,69
NZ000933090,2012-03-14,TMIN,115
NZ000933090,2007-02-03,TMIN,100
NZ000933090,2014-11-23,TMIN,112
NZ000933090,2007-03-28,TMAX,202
NZ000933090,2011-09-11,TMAX,136
NZ000933090,2014-11-23,TMAX,173
NZ000933090,2006-03-23,TMAX,219
NZ000933090,2011-09-11,TMIN,91
NZ000933090,2012-03-14,TMAX,197
NZ000933090,2005-08-21,TMAX,147
NZ000933090,2015-07-22,TMIN,10
NZ000933090,2005-08-21,TMIN,84
NZ000933090,2008-02-22,TMIN,158
NZ000933090,2012-01-04,TMAX,201
NZ000933090,2006-12-01,TMAX,152
NZ000933090,2015-07-22,TMAX,135
NZ000933090,2007-12-19,TMAX,211
NZ000933090,2007-03-28,TMIN,159
NZ000933090,2010-06-20,TMAX,164
NZ000933090,2015-02-27,TMAX,220
NZ000933090,2010-10-08,TMIN,103
NZ000933090,2008-11-08,TMAX,169
NZ000933090,2009-10-31,TMIN,62
NZ000933090,2012-04-06,TMAX,223
NZ000933090,2015-01-09,TMAX,235
NZ000933090,2015-01-09,TMIN,129
NZ000933090,2007-09-17,TMAX,155
NZ000933090,2009-10-31,TMAX,174
NZ000933090,2010-10-08,TMAX,170
NZ000933090,2010-06-20,TMIN,115
NZ000933090,2007-09-17,TMIN,104
NZ000933090,2005-11-12,TMAX,183
NZ000933090,2014-07-20,TMAX,110
NZ000933090,2010-03-01,TMAX,229
NZ000933090,2012-04-21,TMAX,189
NZ000933090,2012-10-13,TMAX,166
NZ000933090,2007-02-03,TMAX,209
NZ000933090,2012-04-21,TMIN,53
NZ000933090,2005-11-12,TMIN,140
NZ000933090,2013-12-14,TMAX,211
NZ000933090,2009-04-10,TMAX,178
NZ000933090,2009-03-19,TMAX,213
NZ000933090,2009-07-12,TMAX,95
NZ000933090,2013-11-09,TMAX,217
NZ000933090,2006-12-01,TMIN,72
NZ000933090,2014-07-31,TMAX,167
NZ000933090,2008-10-16,TMAX,174
NZ000933090,2015-07-18,TMAX,142
NZ000933090,2012-06-30,TMAX,101
NZ000933090,2012-06-30,TMIN,0
NZ000933090,2010-08-23,TMIN,46
NZ000933090,2009-01-14,TMAX,248
NZ000933090,2012-11-07,TMAX,166
NZ000933090,2012-11-07,TMIN,41
NZ000933090,2014-01-06,TMAX,203
NZ000933090,2015-12-15,TMAX,190
NZ000933090,2011-01-27,TMIN,109
NZ000933090,2007-04-19,TMAX,173
NZ000933090,2008-08-26,TMAX,168
NZ000933090,2007-10-22,TMAX,169
NZ000933090,2011-01-27,TMAX,214
NZ000933090,2014-12-29,TMAX,223
NZ000933090,2011-05-13,TMIN,155
NZ000933090,2008-10-16,TMIN,102
NZ000933090,2011-05-13,TMAX,199
NZ000933090,2010-06-24,TMIN,50
NZ000933090,2010-06-24,TMAX,136
NZ000933090,2008-08-26,TMIN,97
NZ000933090,2015-12-15,TMIN,110
NZ000933090,2009-08-16,TMAX,154
NZ000933090,2014-07-31,TMIN,135
NZ000933090,2014-09-02,TMAX,167
NZ000933090,2006-04-27,TMIN,103
NZ000933090,2014-08-09,TMAX,118
NZ000933090,2013-11-09,TMIN,92
NZ000933090,2010-08-23,TMAX,150
NZ000933090,2012-02-22,TMAX,211
NZ000933090,2010-06-08,TMAX,106
NZ000933090,2009-05-01,TMIN,60
NZ000933090,2009-07-02,TMIN,-4
NZ000933090,2006-04-27,TMAX,201
NZ000933090,2012-11-02,TMAX,160
NZ000933090,2015-04-05,TMAX,209
NZ000933090,2007-04-02,TMAX,211
NZ000933090,2012-11-02,TMIN,77
NZ000933090,2012-02-22,TMIN,177
NZ000933090,2011-01-21,TMAX,263
NZ000933090,2010-08-16,TMIN,82
NZ000933090,2009-05-01,TMAX,168
NZ000933090,2008-02-25,TMAX,227
NZ000933090,2009-08-21,TMAX,158
NZ000933090,2008-02-22,TMAX,239
NZ000933090,2010-04-07,TMAX,171
NZ000933090,2009-07-02,TMAX,111
NZ000933090,2011-04-30,TMAX,217
NZ000933090,2009-07-09,TMAX,115
NZ000933090,2007-05-28,TMAX,149
NZ000933090,2008-06-07,TMAX,148
NZ000933090,2009-04-19,TMIN,104
NZ000933090,2010-03-27,TMAX,207
NZ000933090,2014-11-08,TMAX,167
NZ000933090,2011-09-19,TMIN,50
NZ000933090,2013-05-20,TMIN,71
NZ000933090,2008-01-07,TMAX,231
NZ000933090,2011-09-19,TMAX,143
NZ000933090,2013-05-20,TMAX,172
NZ000933090,2011-11-22,TMAX,178
NZ000933090,2009-08-11,TMIN,87
NZ000933090,2009-04-19,TMAX,194
NZ000933090,2010-04-04,TMIN,97
NZ000933090,2011-11-22,TMIN,94
NZ000933090,2009-05-03,TMIN,83
NZ000933090,2007-09-10,TMAX,157
NZ000933090,2009-08-11,TMAX,146
NZ000933090,2009-06-01,TMAX,120
NZ000933090,2009-06-01,TMIN,22
NZ000933090,2009-05-26,TMAX,139
NZ000933090,2008-01-07,TMIN,158
NZ000933090,2006-06-11,TMAX,160
NZ000933090,2010-09-03,TMAX,140
NZ000933090,2010-03-27,TMIN,119
NZ000933090,2010-04-26,TMIN,117
NZ000933090,2006-12-22,TMAX,164
NZ000933090,2011-03-17,TMAX,229
NZ000933090,2005-05-07,TMIN,99
NZ000933090,2015-09-27,TMAX,141
NZ000933090,2008-09-24,TMAX,177
NZ000933090,2009-04-02,TMIN,74
NZ000933090,2005-05-07,TMAX,163
NZ000933090,2013-12-30,TMAX,203
NZ000933090,2008-11-17,TMAX,175
NZ000933090,2009-05-03,TMAX,166
NZ000933090,2011-07-03,TMAX,131
NZ000933090,2012-03-15,TMAX,187
NZ000933090,2007-10-07,TMIN,117
NZ000933090,2013-11-13,TMIN,85
NZ000933090,2014-09-06,TMAX,163
NZ000933090,2013-11-13,TMAX,198
NZ000933090,2015-10-07,TMAX,160
NZ000933090,2006-12-22,TMIN,61
NZ000933090,2009-03-05,TMAX,231
NZ000933090,2011-03-17,TMIN,152
NZ000933090,2013-05-25,TMIN,47
NZ000933090,2010-10-17,TMAX,168
NZ000933090,2010-03-29,TMAX,201
NZ000933090,2011-07-02,TMAX,130
NZ000933090,2010-04-04,TMAX,213
NZ000933090,2011-07-03,TMIN,20
NZ000933090,2010-04-26,TMAX,207
NZ000933090,2013-05-24,TMAX,153
NZ000933090,2009-01-16,TMAX,230
NZ000933090,2010-11-09,TMAX,187
NZ000933090,2015-10-20,TMIN,92
NZ000933090,2012-04-26,TMIN,71
NZ000933090,2006-10-18,TMAX,153
NZ000933090,2005-12-13,TMIN,174
NZ000933090,2012-12-31,TMIN,144
NZ000933090,2015-10-20,TMAX,161
NZ000933090,2009-01-16,TMIN,106
NZ000933090,2005-12-13,TMAX,263
NZ000933090,2009-08-03,TMIN,85
NZ000933090,2012-12-31,TMAX,206
NZ000933090,2012-04-20,TMAX,173
NZ000933090,2012-09-25,TMAX,163
NZ000933090,2014-06-16,TMIN,89
NZ000933090,2013-07-03,TMAX,140
NZ000933090,2011-05-07,TMIN,155
NZ000933090,2011-05-07,TMAX,186
NZ000933090,2007-12-05,TMIN,91
NZ000933090,2015-03-01,TMAX,232
NZ000933090,2010-04-25,TMAX,207
NZ000933090,2007-12-05,TMAX,216
NZ000933090,2012-02-11,TMAX,223
NZ000933090,2010-12-05,TMAX,209
NZ000933090,2009-01-29,TMIN,72
NZ000933090,2006-10-18,TMIN,56
NZ000933090,2010-12-05,TMIN,141
NZ000933090,2010-02-24,TMAX,252
NZ000933090,2008-10-01,TMAX,155
NZ000933090,2014-08-26,TMAX,146
NZ000933090,2007-11-15,TMAX,167
NZ000933090,2007-11-15,TMIN,61
NZ000933090,2010-02-24,TMIN,170
NZ000933090,2013-06-20,TMAX,111
NZ000933090,2006-06-11,TMIN,115
NZ000933090,2010-08-20,TMAX,138
NZ000933090,2009-01-29,TMAX,219
NZ000933090,2010-08-20,TMIN,50
NZ000933090,2009-11-29,TMIN,127
NZ000933090,2013-05-25,TMAX,149
NZ000933090,2010-04-22,TMAX,171
NZ000933090,2005-01-18,TMIN,95
NZ000933090,2014-11-08,TMIN,37
NZ000933090,2009-11-29,TMAX,176
NZ000933090,2012-09-25,TMIN,76
NZ000933090,2009-08-03,TMAX,146
NZ000933090,2012-04-26,TMAX,199
NZ000933090,2005-01-18,TMAX,188
NZ000933090,2008-12-30,TMAX,212
NZ000933090,2015-10-07,TMIN,67
NZ000933090,2007-10-07,TMAX,158
NZ000933090,2009-02-22,TMIN,163
NZ000933090,2012-09-27,TMAX,165
NZ000933090,2006-03-04,TMAX,193
NZ000933090,2005-10-06,TMAX,149
NZ000933090,2005-10-06,TMIN,78
NZ000933090,2015-01-01,TMAX,211
NZ000933090,2009-03-05,TMIN,145
NZ000933090,2005-09-25,TMAX,170
NZ000933090,2006-04-04,TMAX,198
NZ000933090,2006-04-04,TMIN,148
NZ000933090,2005-09-25,TMIN,130
NZ000933090,2006-03-04,TMIN,60
NZ000933090,2013-02-02,TMIN,139
NZ000933090,2010-05-06,TMAX,174
NZ000933090,2014-07-29,TMAX,135
NZ000933090,2009-11-04,TMAX,172
NZ000933090,2006-07-11,TMAX,149
NZ000933090,2013-06-24,TMIN,5
NZ000933090,2009-11-04,TMIN,125
NZ000933090,2007-04-17,TMIN,119
NZ000933090,2007-04-17,TMAX,186
NZ000933090,2013-06-24,TMAX,149
NZ000933090,2013-12-28,TMIN,141
NZ000933090,2006-07-11,TMIN,109
NZ000933090,2005-05-23,TMIN,101
NZ000933090,2010-01-08,TMAX,199
NZ000933090,2013-02-09,TMAX,214
NZ000933090,2011-10-07,TMAX,169
NZ000933090,2015-07-17,TMIN,38
NZ000933090,2013-08-16,TMIN,97
NZ000933090,2013-08-16,TMAX,154
NZ000933090,2011-10-07,TMIN,56
NZ000933090,2006-04-08,TMIN,142
NZ000933090,2006-04-08,TMAX,194
NZ000933090,2013-05-23,TMAX,154
NZ000933090,2014-01-17,TMAX,190
NZ000933090,2010-05-01,TMAX,177
NZ000933090,2013-02-02,TMAX,247
NZ000933090,2013-06-27,TMAX,92
NZ000933090,2013-09-14,TMAX,136
NZ000933090,2008-05-22,TMIN,51
NZ000933090,2013-09-14,TMIN,81
NZ000933090,2010-05-06,TMIN,37
NZ000933090,2008-04-10,TMIN,70
NZ000933090,2008-04-10,TMAX,202
NZ000933090,2008-07-23,TMAX,151
NZ000933090,2013-02-09,TMIN,84
NZ000933090,2015-12-09,TMIN,63
NZ000933090,2015-11-21,TMIN,121
NZ000933090,2013-06-27,TMIN,51
NZ000933090,2005-05-23,TMAX,159
NZ000933090,2009-08-27,TMAX,160
NZ000933090,2013-12-28,TMAX,215
NZ000933090,2006-12-25,TMAX,163
NZ000933090,2005-11-30,TMAX,226
NZ000933090,2008-05-02,TMAX,163
NZ000933090,2006-12-25,TMIN,140
NZ000933090,2013-09-26,TMAX,169
NZ000933090,2013-09-26,TMIN,108
NZ000933090,2012-10-09,TMAX,169
NZ000933090,2013-10-29,TMAX,151
NZ000933090,2012-10-09,TMIN,119
NZ000933090,2005-11-30,TMIN,109
NZ000933090,2015-05-13,TMIN,107
NZ000933090,2012-04-24,TMAX,196
NZ000933090,2015-05-13,TMAX,181
NZ000933090,2015-06-13,TMIN,105
NZ000933090,2009-06-30,TMIN,84
NZ000933090,2012-04-24,TMIN,56
NZ000933090,2009-06-30,TMAX,114
NZ000933090,2015-07-20,TMAX,131
NZ000933090,2015-06-13,TMAX,143
NZ000933090,2011-08-13,TMAX,150
NZ000933090,2009-02-22,TMAX,227
NZ000933090,2013-04-01,TMAX,212
NZ000933090,2013-10-29,TMIN,36
NZ000933090,2012-01-24,TMIN,68
NZ000933090,2005-05-28,TMIN,113
NZ000933090,2011-03-27,TMAX,228
NZ000933090,2010-12-17,TMIN,168
NZ000933090,2010-06-25,TMIN,93
NZ000933090,2012-10-06,TMAX,152
NZ000933090,2013-06-28,TMAX,121
NZ000933090,2012-01-24,TMAX,205
NZ000933090,2014-07-29,TMIN,18
NZ000933090,2005-07-24,TMAX,156
NZ000933090,2009-04-02,TMAX,175
NZ000933090,2005-07-24,TMIN,93
NZ000933090,2005-10-17,TMAX,160
NZ000933090,2008-05-02,TMIN,67
NZ000933090,2010-11-13,TMIN,139
NZ000933090,2010-12-17,TMAX,218
NZ000933090,2008-04-15,TMAX,188
NZ000933090,2010-11-13,TMAX,169
NZ000933090,2009-06-06,TMAX,153
NZ000933090,2010-11-28,TMAX,216
NZ000933090,2010-06-25,TMAX,137
NZ000933090,2005-10-17,TMIN,46
NZ000933090,2005-05-28,TMAX,163
NZ000933090,2006-04-12,TMAX,182
NZ000933090,2006-04-12,TMIN,119
NZ000933090,2015-10-23,TMAX,178
NZ000933090,2011-09-12,TMAX,139
NZ000933090,2014-05-03,TMAX,175
NZ000933090,2005-04-09,TMIN,75
NZ000933090,2005-04-09,TMAX,189
NZ000933090,2008-12-18,TMAX,198
NZ000933090,2014-05-15,TMIN,53
NZ000933090,2007-10-21,TMIN,104
NZ000933090,2014-07-04,TMIN,25
NZ000933090,2007-10-21,TMAX,159
NZ000933090,2015-02-19,TMAX,228
NZ000933090,2005-03-27,TMAX,203
NZ000933090,2005-03-27,TMIN,155
NZ000933090,2015-02-19,TMIN,82
NZ000933090,2011-09-18,TMIN,52
NZ000933090,2014-05-15,TMAX,148
NZ000933090,2014-02-27,TMIN,132
NZ000933090,2014-02-27,TMAX,223
NZ000933090,2005-05-04,TMAX,166
NZ000933090,2013-08-08,TMAX,165
NZ000933090,2013-03-07,TMAX,243
NZ000933090,2007-09-30,TMIN,122
NZ000933090,2007-11-02,TMAX,167
NZ000933090,2005-02-04,TMIN,212
NZ000933090,2011-09-18,TMAX,144
NZ000933090,2005-02-04,TMAX,268
NZ000933090,2010-07-31,TMIN,16
NZ000933090,2012-06-18,TMIN,84
NZ000933090,2012-04-05,TMAX,221
NZ000933090,2010-08-08,TMAX,144
NZ000933090,2015-06-30,TMIN,105
NZ000933090,2010-03-18,TMIN,34
NZ000933090,2010-03-18,TMAX,185
NZ000933090,2008-06-04,TMAX,128
NZ000933090,2011-09-02,TMIN,38
NZ000933090,2014-02-15,TMAX,213
NZ000933090,2007-03-29,TMIN,165
NZ000933090,2014-02-17,TMIN,126
NZ000933090,2009-02-11,TMAX,229
NZ000933090,2012-10-31,TMAX,167
NZ000933090,2014-02-17,TMAX,240
NZ000933090,2013-04-15,TMAX,214
NZ000933090,2008-05-20,TMAX,161
NZ000933090,2014-10-08,TMAX,165
NZ000933090,2007-04-04,TMAX,200
NZ000933090,2007-03-29,TMAX,241
NZ000933090,2012-10-31,TMIN,45
NZ000933090,2014-11-20,TMAX,165
NZ000933090,2005-05-04,TMIN,130
NZ000933090,2014-08-11,TMIN,84
NZ000933090,2014-08-11,TMAX,150
NZ000933090,2013-04-15,TMIN,108
NZ000933090,2014-11-20,TMIN,94
NZ000933090,2009-03-11,TMAX,175
NZ000933090,2011-09-02,TMAX,138
NZ000933090,2011-08-01,TMIN,66
NZ000933090,2007-11-02,TMIN,46
NZ000933090,2010-10-11,TMIN,57
NZ000933090,2006-04-30,TMAX,190
NZ000933090,2005-01-01,TMIN,140
NZ000933090,2005-09-09,TMIN,63
NZ000933090,2011-03-06,TMAX,187
NZ000933090,2007-03-03,TMIN,134
NZ000933090,2012-01-30,TMAX,229
NZ000933090,2007-03-03,TMAX,226
NZ000933090,2012-03-20,TMAX,180
NZ000933090,2012-01-30,TMIN,89
NZ000933090,2014-01-30,TMAX,223
NZ000933090,2009-08-13,TMIN,99
NZ000933090,2012-12-25,TMIN,188
NZ000933090,2008-08-02,TMAX,141
NZ000933090,2010-08-22,TMIN,50
NZ000933090,2012-03-20,TMIN,134
NZ000933090,2010-08-22,TMAX,150
NZ000933090,2014-11-17,TMAX,172
NZ000933090,2009-08-13,TMAX,162
NZ000933090,2012-09-29,TMAX,202
NZ000933090,2011-04-03,TMAX,209
NZ000933090,2011-04-03,TMIN,85
NZ000933090,2014-11-17,TMIN,81
NZ000933090,2011-08-01,TMAX,119
NZ000933090,2008-08-02,TMIN,107
NZ000933090,2012-01-12,TMAX,218
NZ000933090,2010-07-31,TMAX,145
NZ000933090,2007-09-30,TMAX,162
NZ000933090,2012-02-17,TMAX,223
NZ000933090,2005-07-06,TMAX,134
NZ000933090,2012-12-17,TMIN,154
NZ000933090,2008-12-18,TMIN,133
NZ000933090,2007-10-27,TMAX,154
NZ000933090,2012-05-08,TMAX,178
NZ000933090,2012-05-08,TMIN,96
NZ000933090,2007-11-25,TMIN,89
NZ000933090,2012-12-25,TMAX,285
NZ000933090,2012-11-20,TMAX,167
NZ000933090,2012-12-17,TMAX,221
NZ000933090,2012-01-12,TMIN,170
NZ000933090,2013-12-02,TMIN,59
NZ000933090,2010-10-11,TMAX,119
NZ000933090,2012-08-14,TMIN,63
NZ000933090,2012-08-14,TMAX,149
NZ000933090,2013-12-19,TMAX,202
NZ000933090,2007-11-25,TMAX,198
NZ000933090,2015-06-30,TMAX,145
NZ000933090,2005-07-06,TMIN,110
NZ000933090,2014-01-03,TMAX,205
NZ000933090,2013-05-15,TMAX,182
NZ000933090,2005-12-18,TMAX,207
NZ000933090,2005-12-18,TMIN,163
NZ000933090,2015-11-27,TMAX,189
NZ000933090,2008-03-09,TMAX,232
NZ000933090,2012-01-19,TMAX,205
NZ000933090,2008-02-10,TMAX,232
NZ000933090,2009-12-27,TMIN,171
NZ000933090,2014-10-20,TMIN,84
NZ000933090,2009-04-06,TMIN,71
NZ000933090,2008-08-15,TMIN,73
NZ000933090,2011-10-23,TMAX,159
NZ000933090,2010-08-24,TMIN,45
NZ000933090,2011-05-14,TMAX,187
NZ000933090,2008-02-10,TMIN,170
NZ000933090,2008-03-09,TMIN,82
NZ000933090,2013-10-06,TMAX,172
NZ000933090,2013-10-06,TMIN,91
NZ000933090,2014-10-02,TMAX,147
NZ000933090,2006-02-13,TMAX,217
NZ000933090,2010-05-02,TMAX,173
NZ000933090,2010-05-02,TMIN,76
NZ000933090,2010-10-19,TMAX,166
NZ000933090,2008-12-15,TMIN,171
NZ000933090,2010-10-19,TMIN,48
NZ000933090,2014-10-02,TMIN,54
NZ000933090,2012-02-09,TMIN,131
NZ000933090,2009-12-27,TMAX,229
NZ000933090,2015-04-02,TMAX,210
NZ000933090,2015-01-18,TMAX,243
NZ000933090,2005-11-14,TMAX,187
NZ000933090,2007-07-19,TMIN,80
NZ000933090,2015-01-18,TMIN,98
NZ000933090,2008-09-26,TMIN,36
NZ000933090,2014-09-16,TMAX,149
NZ000933090,2008-09-26,TMAX,156
NZ000933090,2009-08-06,TMAX,146
NZ000933090,2005-07-16,TMIN,58
NZ000933090,2010-05-04,TMAX,178
NZ000933090,2007-03-21,TMAX,199
NZ000933090,2007-03-21,TMIN,86
NZ000933090,2012-01-19,TMIN,109
NZ000933090,2011-05-14,TMIN,110
NZ000933090,2005-06-30,TMIN,14
NZ000933090,2014-10-20,TMAX,154
NZ000933090,2005-06-30,TMAX,122
NZ000933090,2012-06-23,TMIN,93
NZ000933090,2010-04-20,TMAX,189
NZ000933090,2007-09-25,TMAX,149
NZ000933090,2012-06-23,TMAX,154
NZ000933090,2015-04-02,TMIN,98
NZ000933090,2008-08-15,TMAX,137
NZ000933090,2012-03-13,TMIN,76
NZ000933090,2009-04-06,TMAX,205
NZ000933090,2012-02-09,TMAX,214
NZ000933090,2015-08-28,TMIN,37
NZ000933090,2014-10-06,TMAX,157
NZ000933090,2005-01-20,TMAX,199
NZ000933090,2005-01-20,TMIN,86
NZ000933090,2008-02-11,TMAX,243
NZ000933090,2014-12-17,TMIN,148
NZ000933090,2014-05-14,TMAX,142
NZ000933090,2005-10-16,TMIN,80
NZ000933090,2005-10-16,TMAX,170
NZ000933090,2014-12-17,TMAX,208
NZ000933090,2015-03-14,TMAX,237
NZ000933090,2010-12-25,TMAX,207
NZ000933090,2012-07-04,TMAX,153
NZ000933090,2008-01-25,TMAX,249
NZ000933090,2008-03-05,TMAX,226
NZ000933090,2005-07-25,TMIN,120
NZ000933090,2005-11-16,TMAX,180
NZ000933090,2005-11-16,TMIN,130
NZ000933090,2005-07-25,TMAX,152
NZ000933090,2011-04-14,TMIN,100
NZ000933090,2008-01-25,TMIN,173
NZ000933090,2011-04-14,TMAX,198
NZ000933090,2012-03-13,TMAX,214
NZ000933090,2012-11-22,TMAX,186
NZ000933090,2013-11-14,TMAX,176
NZ000933090,2008-05-18,TMAX,161
NZ000933090,2009-03-25,TMAX,204
NZ000933090,2010-08-24,TMAX,146
NZ000933090,2015-03-14,TMIN,132
NZ000933090,2010-03-14,TMIN,77
NZ000933090,2005-04-13,TMAX,181
NZ000933090,2015-03-16,TMAX,231
NZ000933090,2013-01-15,TMAX,208
NZ000933090,2012-03-01,TMAX,186
NZ000933090,2008-05-18,TMIN,50
NZ000933090,2010-06-30,TMAX,143
NZ000933090,2005-04-13,TMIN,59
NZ000933090,2010-01-10,TMAX,200
NZ000933090,2008-08-07,TMAX,142
NZ000933090,2008-08-07,TMIN,51
NZ000933090,2010-03-14,TMAX,204
NZ000933090,2015-08-28,TMAX,148
NZ000933090,2010-01-10,TMIN,80
NZ000933090,2005-04-04,TMIN,125
NZ000933090,2005-04-04,TMAX,207
NZ000933090,2006-11-19,TMAX,159
NZ000933090,2009-07-18,TMIN,86
NZ000933090,2006-10-22,TMAX,158
NZ000933090,2009-07-18,TMAX,140
NZ000933090,2007-09-05,TMAX,130
NZ000933090,2015-08-08,TMAX,103
NZ000933090,2013-06-30,TMIN,29
NZ000933090,2006-03-20,TMIN,119
NZ000933090,2010-04-09,TMAX,181
NZ000933090,2008-12-06,TMAX,191
NZ000933090,2010-04-09,TMIN,59
NZ000933090,2012-01-13,TMIN,164
NZ000933090,2010-11-15,TMAX,218
NZ000933090,2012-01-13,TMAX,200
NZ000933090,2007-12-02,TMAX,204
NZ000933090,2005-04-01,TMIN,120
NZ000933090,2010-09-02,TMIN,44
NZ000933090,2010-09-02,TMAX,138
NZ000933090,2010-04-14,TMAX,197
NZ000933090,2005-04-01,TMAX,214
NZ000933090,2007-10-12,TMAX,155
NZ000933090,2011-04-21,TMIN,70
NZ000933090,2011-04-21,TMAX,183
NZ000933090,2006-03-03,TMAX,198
NZ000933090,2007-05-10,TMIN,75
NZ000933090,2012-03-23,TMAX,201
NZ000933090,2014-06-18,TMIN,116
NZ000933090,2014-06-18,TMAX,149
NZ000933090,2010-01-02,TMIN,148
NZ000933090,2010-01-02,TMAX,212
NZ000933090,2007-10-12,TMIN,110
NZ000933090,2006-10-05,TMAX,132
NZ000933090,2011-07-19,TMIN,26
NZ000933090,2014-06-21,TMAX,160
NZ000933090,2014-06-01,TMAX,145
NZ000933090,2007-12-28,TMAX,202
NZ000933090,2005-09-06,TMIN,123
NZ000933090,2013-03-27,TMAX,230
NZ000933090,2005-09-06,TMAX,164
NZ000933090,2013-03-27,TMIN,116
NZ000933090,2015-10-30,TMAX,168
NZ000933090,2005-04-18,TMAX,196
NZ000933090,2005-04-18,TMIN,66
NZ000933090,2008-04-17,TMAX,192
NZ000933090,2011-07-19,TMAX,143
NZ000933090,2005-05-14,TMAX,165
NZ000933090,2005-03-26,TMAX,219
NZ000933090,2005-03-26,TMIN,164
NZ000933090,2005-05-18,TMAX,175
NZ000933090,2005-05-18,TMIN,122
NZ000933090,2008-12-14,TMAX,214
NZ000933090,2009-07-17,TMAX,134
NZ000933090,2007-05-10,TMAX,183
NZ000933090,2014-06-21,TMIN,100
NZ000933090,2008-12-06,TMIN,49
NZ000933090,2005-05-14,TMIN,54
NZ000933090,2011-06-03,TMIN,70
NZ000933090,2009-03-21,TMIN,85
NZ000933090,2011-12-07,TMAX,209
NZ000933090,2007-04-12,TMIN,107
NZ000933090,2013-04-17,TMAX,200
NZ000933090,2014-12-31,TMAX,207
NZ000933090,2014-08-13,TMAX,128
NZ000933090,2009-04-10,TMIN,27
NZ000933090,2007-01-07,TMIN,92
NZ000933090,2007-06-22,TMAX,136
NZ000933090,2010-01-17,TMIN,138
NZ000933090,2014-06-11,TMAX,165
NZ000933090,2013-01-22,TMAX,240
NZ000933090,2015-01-10,TMAX,233
NZ000933090,2013-01-22,TMIN,138
NZ000933090,2014-06-15,TMIN,40
NZ000933090,2014-06-15,TMAX,154
NZ000933090,2008-11-08,TMIN,38
NZ000933090,2005-08-14,TMIN,39
NZ000933090,2011-07-25,TMAX,67
NZ000933090,2005-08-14,TMAX,137
NZ000933090,2014-05-03,TMIN,78
NZ000933090,2012-07-22,TMAX,137
NZ000933090,2010-03-01,TMIN,122
NZ000933090,2011-06-08,TMAX,166
NZ000933090,2007-11-08,TMAX,168
NZ000933090,2015-07-01,TMAX,146
NZ000933090,2010-11-29,TMAX,198
NZ000933090,2012-09-10,TMAX,149
NZ000933090,2014-08-13,TMIN,50
NZ000933090,2012-07-22,TMIN,99
NZ000933090,2012-08-03,TMAX,163
NZ000933090,2008-08-06,TMAX,151
NZ000933090,2010-01-17,TMAX,245
NZ000933090,2006-11-17,TMAX,178
NZ000933090,2008-02-07,TMIN,97
NZ000933090,2011-06-27,TMAX,137
NZ000933090,2011-12-28,TMAX,229
NZ000933090,2008-02-07,TMAX,221
NZ000933090,2011-12-28,TMIN,148
NZ000933090,2009-03-21,TMAX,214
NZ000933090,2013-10-02,TMAX,160
NZ000933090,2009-02-05,TMAX,229
NZ000933090,2011-06-27,TMIN,18
NZ000933090,2013-10-02,TMIN,50
NZ000933090,2012-09-10,TMIN,93
NZ000933090,2009-02-05,TMIN,131
NZ000933090,2012-06-12,TMAX,114
NZ000933090,2013-11-29,TMIN,128
NZ000933090,2011-12-16,TMAX,203
NZ000933090,2013-11-29,TMAX,198
NZ000933090,2007-01-07,TMAX,197
NZ000933090,2015-06-15,TMAX,142
NZ000933090,2013-11-19,TMAX,210
NZ000933090,2015-08-18,TMIN,51
NZ000933090,2010-11-08,TMAX,208
NZ000933090,2010-11-08,TMIN,86
NZ000933090,2013-02-12,TMAX,227
NZ000933090,2011-06-24,TMIN,79
NZ000933090,2008-02-02,TMIN,142
NZ000933090,2008-08-23,TMAX,153
NZ000933090,2007-01-26,TMAX,212
NZ000933090,2009-11-19,TMAX,176
NZ000933090,2013-01-12,TMAX,216
NZ000933090,2012-09-08,TMAX,163
NZ000933090,2013-12-22,TMAX,211
NZ000933090,2013-01-12,TMIN,96
NZ000933090,2013-02-12,TMIN,109
NZ000933090,2011-05-02,TMIN,135
NZ000933090,2011-06-24,TMAX,129
NZ000933090,2013-04-21,TMAX,192
NZ000933090,2007-07-07,TMAX,97
NZ000933090,2006-11-05,TMIN,129
NZ000933090,2009-11-19,TMIN,89
NZ000933090,2007-03-24,TMAX,207
NZ000933090,2011-02-20,TMAX,237
NZ000933090,2007-10-19,TMAX,137
NZ000933090,2011-10-26,TMAX,176
NZ000933090,2007-03-24,TMIN,129
NZ000933090,2007-05-05,TMAX,176
NZ000933090,2007-05-21,TMAX,173
NZ000933090,2005-08-06,TMAX,140
NZ000933090,2015-11-06,TMAX,211
NZ000933090,2010-04-03,TMAX,201
NZ000933090,2013-06-30,TMAX,138
NZ000933090,2008-12-09,TMAX,190
NZ000933090,2014-01-30,TMIN,98
NZ000933090,2012-08-09,TMAX,130
NZ000933090,2005-01-01,TMAX,184
NZ000933090,2013-04-21,TMIN,159
NZ000933090,2008-07-30,TMAX,148
NZ000933090,2013-07-24,TMAX,144
NZ000933090,2008-07-30,TMIN,104
NZ000933090,2006-03-20,TMAX,215
NZ000933090,2008-01-31,TMIN,128
NZ000933090,2015-07-06,TMAX,144
NZ000933090,2013-05-28,TMAX,93
NZ000933090,2006-05-12,TMAX,165
NZ000933090,2005-08-06,TMIN,59
NZ000933090,2015-11-06,TMIN,47
NZ000933090,2005-09-09,TMAX,178
NZ000933090,2007-06-07,TMAX,158
NZ000933090,2008-05-12,TMAX,140
NZ000933090,2009-09-07,TMAX,147
NZ000933090,2009-09-07,TMIN,9
NZ000933090,2008-01-31,TMAX,251
NZ000933090,2011-05-02,TMAX,183
NZ000933090,2006-11-05,TMAX,185
NZ000933090,2010-10-06,TMIN,66
NZ000933090,2007-06-01,TMIN,119
NZ000933090,2009-05-13,TMAX,168
NZ000933090,2006-06-13,TMAX,121
NZ000933090,2005-03-15,TMIN,159
NZ000933090,2009-05-13,TMIN,15
NZ000933090,2013-09-30,TMAX,166
NZ000933090,2014-06-01,TMIN,50
NZ000933090,2012-11-25,TMIN,63
NZ000933090,2009-07-11,TMAX,110
NZ000933090,2013-02-16,TMIN,96
NZ000933090,2007-06-01,TMAX,169
NZ000933090,2008-05-28,TMAX,152
NZ000933090,2010-07-26,TMAX,137
NZ000933090,2013-02-16,TMAX,215
NZ000933090,2010-07-26,TMIN,15
NZ000933090,2015-08-21,TMIN,14
NZ000933090,2012-11-25,TMAX,181
NZ000933090,2005-04-29,TMAX,163
NZ000933090,2005-03-15,TMAX,233
NZ000933090,2008-11-09,TMAX,190
NZ000933090,2009-07-17,TMIN,56
NZ000933090,2005-04-29,TMIN,99
NZ000933090,2008-05-28,TMIN,32
NZ000933090,2015-08-21,TMAX,123
NZ000933090,2007-03-08,TMAX,216
NZ000933090,2013-07-04,TMAX,157
NZ000933090,2009-12-07,TMAX,187
NZ000933090,2013-06-06,TMAX,132
NZ000933090,2014-06-28,TMAX,144
NZ000933090,2008-11-09,TMIN,73
NZ000933090,2009-02-11,TMIN,169
NZ000933090,2013-05-18,TMIN,109
NZ000933090,2005-08-13,TMIN,56
NZ000933090,2008-12-08,TMAX,215
NZ000933090,2011-10-16,TMAX,159
NZ000933090,2012-01-02,TMAX,219
NZ000933090,2015-08-22,TMAX,131
NZ000933090,2008-12-14,TMIN,134
NZ000933090,2011-08-12,TMAX,154
NZ000933090,2015-08-22,TMIN,22
NZ000933090,2015-11-24,TMAX,183
NZ000933090,2015-11-24,TMIN,55
NZ000933090,2005-11-18,TMIN,71
NZ000933090,2005-11-18,TMAX,179
NZ000933090,2008-12-08,TMIN,116
NZ000933090,2005-08-13,TMAX,142
NZ000933090,2014-01-05,TMAX,211
NZ000933090,2015-08-14,TMAX,130
NZ000933090,2009-09-28,TMAX,159
NZ000933090,2009-07-11,TMIN,35
NZ000933090,2006-10-20,TMAX,163
NZ000933090,2006-05-06,TMIN,85
NZ000933090,2012-09-05,TMIN,96
NZ000933090,2006-04-25,TMAX,185
NZ000933090,2013-12-20,TMAX,220
NZ000933090,2005-07-31,TMAX,143
NZ000933090,2005-07-31,TMIN,110
NZ000933090,2014-10-21,TMIN,89
NZ000933090,2005-08-08,TMIN,59
NZ000933090,2005-08-08,TMAX,147
NZ000933090,2009-12-02,TMAX,185
NZ000933090,2011-01-11,TMAX,257
NZ000933090,2015-02-02,TMIN,181
NZ000933090,2015-03-11,TMIN,109
NZ000933090,2015-03-11,TMAX,221
NZ000933090,2013-06-13,TMAX,156
NZ000933090,2013-05-14,TMAX,166
NZ000933090,2014-02-06,TMAX,273
NZ000933090,2006-07-19,TMIN,94
NZ000933090,2005-10-09,TMAX,153
NZ000933090,2012-10-02,TMAX,155
NZ000933090,2012-07-28,TMIN,22
NZ000933090,2012-07-28,TMAX,137
NZ000933090,2012-11-23,TMIN,91
NZ000933090,2012-08-28,TMAX,147
NZ000933090,2008-03-18,TMIN,92
NZ000933090,2007-04-22,TMAX,180
NZ000933090,2005-10-09,TMIN,93
NZ000933090,2008-03-18,TMAX,223
NZ000933090,2009-02-10,TMIN,174
NZ000933090,2014-07-22,TMAX,113
NZ000933090,2009-02-10,TMAX,223
NZ000933090,2012-10-02,TMIN,87
NZ000933090,2015-03-26,TMAX,223
NZ000933090,2014-10-21,TMAX,168
NZ000933090,2007-04-22,TMIN,79
NZ000933090,2006-07-19,TMAX,119
NZ000933090,2013-06-13,TMIN,34
NZ000933090,2015-10-18,TMAX,152
NZ000933090,2012-02-27,TMAX,204
NZ000933090,2012-02-27,TMIN,95
NZ000933090,2005-02-10,TMIN,164
NZ000933090,2015-10-16,TMIN,71
NZ000933090,2005-02-10,TMAX,236
NZ000933090,2009-12-21,TMAX,197
NZ000933090,2014-10-01,TMAX,188
NZ000933090,2010-07-09,TMIN,45
NZ000933090,2012-08-04,TMIN,93
NZ000933090,2012-08-04,TMAX,154
NZ000933090,2010-11-26,TMIN,105
NZ000933090,2013-06-12,TMAX,164
NZ000933090,2010-11-26,TMAX,252
NZ000933090,2009-07-24,TMAX,146
NZ000933090,2010-07-09,TMAX,110
NZ000933090,2015-10-16,TMAX,156
NZ000933090,2008-05-26,TMAX,134
NZ000933090,2010-01-03,TMAX,218
NZ000933090,2011-09-13,TMIN,87
NZ000933090,2011-09-13,TMAX,136
NZ000933090,2013-04-14,TMAX,202
NZ000933090,2010-08-21,TMAX,159
NZ000933090,2013-04-14,TMIN,101
NZ000933090,2008-03-03,TMAX,210
NZ000933090,2011-09-17,TMAX,144
NZ000933090,2008-07-15,TMAX,139
NZ000933090,2008-07-15,TMIN,39
NZ000933090,2012-05-27,TMAX,158
NZ000933090,2013-10-16,TMIN,82
NZ000933090,2010-08-30,TMAX,145
NZ000933090,2015-01-08,TMAX,252
NZ000933090,2013-10-16,TMAX,152
NZ000933090,2010-08-30,TMIN,52
NZ000933090,2011-03-11,TMIN,76
NZ000933090,2011-12-23,TMIN,120
NZ000933090,2012-11-23,TMAX,173
NZ000933090,2006-01-25,TMAX,245
NZ000933090,2015-07-16,TMIN,59
NZ000933090,2014-06-29,TMAX,141
NZ000933090,2014-06-29,TMIN,36
NZ000933090,2010-06-14,TMIN,60
NZ000933090,2011-01-09,TMIN,128
NZ000933090,2010-06-14,TMAX,147
NZ000933090,2006-02-15,TMAX,216
NZ000933090,2014-08-05,TMIN,33
NZ000933090,2015-02-20,TMIN,148
NZ000933090,2005-06-06,TMIN,23
NZ000933090,2014-08-05,TMAX,147
NZ000933090,2012-09-15,TMAX,145
NZ000933090,2012-09-15,TMIN,101
NZ000933090,2014-05-24,TMAX,187
NZ000933090,2015-02-20,TMAX,224
NZ000933090,2005-06-06,TMAX,151
NZ000933090,2006-09-15,TMAX,140
NZ000933090,2015-07-16,TMAX,146
NZ000933090,2008-07-19,TMAX,162
NZ000933090,2006-02-07,TMIN,97
NZ000933090,2006-02-07,TMAX,222
NZ000933090,2014-02-23,TMAX,222
NZ000933090,2006-08-22,TMAX,112
NZ000933090,2010-05-15,TMIN,127
NZ000933090,2011-01-09,TMAX,243
NZ000933090,2005-06-21,TMAX,147
NZ000933090,2010-05-15,TMAX,175
NZ000933090,2014-01-15,TMAX,189
NZ000933090,2005-06-21,TMIN,112
NZ000933090,2013-03-17,TMAX,205
NZ000933090,2013-03-17,TMIN,156
NZ000933090,2014-01-15,TMIN,79
NZ000933090,2011-04-26,TMAX,155
NZ000933090,2010-11-19,TMAX,217
NZ000933090,2005-11-21,TMIN,80
NZ000933090,2015-09-11,TMIN,45
NZ000933090,2012-04-08,TMAX,198
NZ000933090,2010-09-04,TMIN,29
NZ000933090,2007-11-20,TMAX,179
NZ000933090,2007-11-20,TMIN,84
NZ000933090,2012-04-07,TMAX,205
NZ000933090,2007-12-17,TMAX,225
NZ000933090,2012-10-08,TMIN,97
NZ000933090,2007-04-14,TMAX,173
NZ000933090,2009-03-15,TMAX,202
NZ000933090,2006-06-29,TMAX,122
NZ000933090,2006-06-29,TMIN,25
NZ000933090,2013-08-07,TMIN,119
NZ000933090,2013-08-07,TMAX,161
NZ000933090,2007-12-17,TMIN,134
NZ000933090,2007-04-14,TMIN,79
NZ000933090,2013-02-10,TMIN,95
NZ000933090,2013-02-10,TMAX,225
NZ000933090,2010-05-24,TMAX,167
NZ000933090,2005-11-21,TMAX,170
NZ000933090,2015-09-11,TMAX,134
NZ000933090,2009-11-14,TMAX,170
NZ000933090,2009-11-14,TMIN,37
NZ000933090,2010-11-19,TMIN,117
NZ000933090,2010-02-11,TMAX,220
NZ000933090,2010-05-26,TMAX,172
NZ000933090,2005-12-16,TMIN,163
NZ000933090,2005-12-16,TMAX,226
NZ000933090,2011-11-08,TMAX,177
NZ000933090,2005-04-17,TMAX,179
NZ000933090,2011-11-08,TMIN,117
NZ000933090,2010-02-11,TMIN,120
NZ000933090,2010-09-04,TMAX,148
NZ000933090,2012-10-08,TMAX,163
NZ000933090,2011-03-11,TMAX,209
NZ000933090,2014-10-04,TMIN,59
NZ000933090,2011-12-23,TMAX,202
NZ000933090,2005-12-09,TMAX,198
NZ000933090,2005-09-16,TMAX,155
NZ000933090,2014-01-28,TMAX,201
NZ000933090,2012-10-25,TMIN,92
NZ000933090,2014-01-28,TMIN,104
NZ000933090,2009-12-17,TMIN,71
NZ000933090,2006-11-18,TMAX,176
NZ000933090,2005-09-16,TMIN,92
NZ000933090,2006-06-24,TMAX,117
NZ000933090,2009-12-17,TMAX,196
NZ000933090,2005-10-11,TMIN,101
NZ000933090,2005-10-11,TMAX,173
NZ000933090,2010-11-02,TMIN,78
NZ000933090,2010-11-02,TMAX,178
NZ000933090,2011-04-19,TMAX,176
NZ000933090,2013-10-14,TMAX,160
NZ000933090,2006-02-26,TMAX,206
NZ000933090,2007-10-15,TMIN,78
NZ000933090,2011-08-28,TMAX,145
NZ000933090,2015-02-11,TMIN,109
NZ000933090,2009-07-22,TMAX,157
NZ000933090,2006-06-02,TMAX,144
NZ000933090,2006-06-02,TMIN,45
NZ000933090,2011-06-01,TMAX,175
NZ000933090,2007-12-06,TMAX,182
NZ000933090,2011-08-28,TMIN,37
NZ000933090,2015-12-26,TMIN,109
NZ000933090,2015-12-26,TMAX,214
NZ000933090,2012-10-25,TMAX,156
NZ000933090,2005-12-23,TMIN,124
NZ000933090,2005-12-23,TMAX,191
NZ000933090,2008-03-13,TMAX,226
NZ000933090,2008-03-13,TMIN,97
NZ000933090,2011-06-01,TMIN,56
NZ000933090,2005-10-25,TMAX,173
NZ000933090,2013-07-30,TMAX,136
NZ000933090,2013-07-30,TMIN,28
NZ000933090,2008-06-02,TMAX,157
NZ000933090,2005-04-19,TMAX,170
NZ000933090,2009-02-14,TMAX,226
NZ000933090,2014-09-27,TMIN,115
NZ000933090,2010-09-11,TMIN,108
NZ000933090,2005-08-16,TMIN,59
NZ000933090,2009-03-23,TMIN,95
NZ000933090,2013-10-19,TMAX,166
NZ000933090,2005-08-16,TMAX,143
NZ000933090,2005-01-28,TMIN,155
NZ000933090,2005-01-28,TMAX,232
NZ000933090,2005-03-24,TMIN,169
NZ000933090,2008-09-18,TMAX,154
NZ000933090,2008-12-29,TMAX,246
NZ000933090,2012-09-23,TMAX,152
NZ000933090,2011-04-19,TMIN,34
NZ000933090,2009-03-23,TMAX,179
NZ000933090,2012-09-23,TMIN,47
NZ000933090,2005-10-25,TMIN,64
NZ000933090,2014-09-27,TMAX,164
NZ000933090,2010-07-14,TMAX,123
NZ000933090,2010-07-14,TMIN,12
NZ000933090,2012-07-01,TMIN,11
NZ000933090,2005-03-16,TMIN,132
NZ000933090,2012-07-01,TMAX,119
NZ000933090,2005-03-16,TMAX,229
NZ000933090,2005-04-19,TMIN,80
NZ000933090,2008-12-29,TMIN,117
NZ000933090,2009-02-14,TMIN,119
NZ000933090,2011-10-04,TMAX,174
NZ000933090,2015-11-15,TMAX,159
NZ000933090,2012-07-09,TMIN,18
NZ000933090,2012-07-09,TMAX,127
NZ000933090,2015-02-11,TMAX,207
NZ000933090,2013-02-14,TMAX,220
NZ000933090,2013-02-14,TMIN,139
NZ000933090,2015-03-25,TMAX,213
NZ000933090,2014-07-11,TMAX,157
NZ000933090,2014-07-11,TMIN,118
NZ000933090,2009-02-28,TMAX,217
NZ000933090,2007-11-16,TMAX,174
NZ000933090,2009-02-28,TMIN,153
NZ000933090,2011-09-08,TMIN,44
NZ000933090,2005-03-25,TMAX,226
NZ000933090,2014-11-18,TMIN,120
NZ000933090,2012-12-27,TMAX,234
NZ000933090,2007-12-09,TMIN,165
NZ000933090,2007-12-09,TMAX,229
NZ000933090,2006-04-09,TMAX,195
NZ000933090,2012-12-27,TMIN,166
NZ000933090,2015-04-10,TMAX,198
NZ000933090,2014-11-18,TMAX,170
NZ000933090,2011-09-08,TMAX,152
NZ000933090,2013-08-31,TMAX,149
NZ000933090,2013-08-31,TMIN,56
NZ000933090,2014-07-24,TMIN,19
NZ000933090,2014-07-24,TMAX,144
NZ000933090,2006-10-11,TMIN,38
NZ000933090,2005-12-09,TMIN,170
NZ000933090,2005-01-19,TMAX,197
NZ000933090,2006-10-11,TMAX,151
NZ000933090,2005-04-17,TMIN,82
NZ000933090,2011-04-22,TMAX,200
NZ000933090,2011-04-22,TMIN,82
NZ000933090,2005-03-25,TMIN,176
NZ000933090,2005-01-19,TMIN,85
NZ000933090,2005-04-07,TMIN,107
NZ000933090,2005-04-07,TMAX,191
NZ000933090,2011-12-20,TMIN,101
NZ000933090,2011-12-20,TMAX,201
NZ000933090,2009-02-01,TMAX,233
NZ000933090,2005-09-27,TMAX,158
NZ000933090,2015-11-05,TMAX,160
NZ000933090,2005-01-27,TMAX,228
NZ000933090,2005-04-28,TMIN,50
NZ000933090,2008-10-21,TMIN,122
NZ000933090,2005-08-22,TMAX,149
NZ000933090,2007-08-11,TMAX,156
NZ000933090,2005-08-22,TMIN,90
NZ000933090,2011-07-27,TMAX,138
NZ000933090,2011-05-16,TMIN,108
NZ000933090,2005-06-12,TMAX,153
NZ000933090,2005-04-28,TMAX,185
NZ000933090,2015-06-03,TMIN,112
NZ000933090,2005-01-04,TMAX,198
NZ000933090,2005-06-12,TMIN,95
NZ000933090,2015-03-25,TMIN,112
NZ000933090,2015-06-03,TMAX,163
NZ000933090,2005-01-04,TMIN,163
NZ000933090,2011-05-16,TMAX,169
NZ000933090,2014-09-18,TMIN,47
NZ000933090,2014-09-18,TMAX,144
NZ000933090,2011-05-23,TMAX,167
NZ000933090,2012-06-11,TMAX,153
NZ000933090,2006-04-11,TMIN,127
NZ000933090,2005-01-27,TMIN,145
NZ000933090,2006-04-11,TMAX,177
NZ000933090,2005-01-06,TMAX,183
NZ000933090,2015-09-18,TMAX,159
NZ000933090,2012-05-10,TMAX,150
NZ000933090,2005-01-21,TMIN,105
NZ000933090,2005-01-21,TMAX,206
NZ000933090,2008-05-04,TMAX,129
NZ000933090,2008-05-04,TMIN,29
NZ000933090,2005-01-06,TMIN,156
NZ000933090,2011-05-31,TMAX,161
NZ000933090,2008-03-25,TMAX,236
NZ000933090,2009-03-28,TMAX,205
NZ000933090,2005-09-27,TMIN,132
NZ000933090,2011-10-14,TMAX,156
NZ000933090,2005-08-07,TMAX,131
NZ000933090,2011-02-26,TMAX,226
NZ000933090,2014-02-18,TMIN,138
NZ000933090,2011-02-26,TMIN,115
NZ000933090,2007-09-01,TMAX,154
NZ000933090,2007-09-01,TMIN,99
NZ000933090,2008-11-23,TMAX,225
NZ000933090,2011-09-26,TMAX,135
NZ000933090,2009-10-12,TMIN,108
NZ000933090,2007-10-04,TMIN,-1
NZ000933090,2014-02-18,TMAX,249
NZ000933090,2007-10-04,TMAX,150
NZ000933090,2010-04-12,TMAX,198
NZ000933090,2007-09-08,TMAX,133
NZ000933090,2007-09-08,TMIN,43
NZ000933090,2005-02-09,TMIN,139
NZ000933090,2008-03-06,TMAX,221
NZ000933090,2015-03-02,TMAX,230
NZ000933090,2009-12-18,TMAX,195
NZ000933090,2008-04-26,TMIN,90
NZ000933090,2014-04-17,TMIN,148
NZ000933090,2014-04-17,TMAX,194
NZ000933090,2009-12-23,TMIN,78
NZ000933090,2009-12-23,TMAX,192
NZ000933090,2008-02-08,TMAX,237
NZ000933090,2011-09-26,TMIN,19
NZ000933090,2006-05-05,TMIN,85
NZ000933090,2009-11-18,TMAX,183
NZ000933090,2005-02-09,TMAX,237
NZ000933090,2011-10-27,TMIN,103
NZ000933090,2009-12-18,TMIN,82
NZ000933090,2011-10-27,TMAX,147
NZ000933090,2015-03-02,TMIN,116
NZ000933090,2015-06-22,TMAX,109
NZ000933090,2008-03-06,TMIN,112
NZ000933090,2007-04-03,TMIN,89
NZ000933090,2005-07-03,TMIN,53
NZ000933090,2011-04-02,TMAX,207
NZ000933090,2012-08-02,TMIN,89
NZ000933090,2011-11-18,TMIN,100
NZ000933090,2011-11-18,TMAX,163
NZ000933090,2009-09-22,TMAX,164
NZ000933090,2007-10-31,TMAX,184
NZ000933090,2009-01-05,TMAX,204
NZ000933090,2007-10-31,TMIN,42
NZ000933090,2011-12-15,TMIN,156
NZ000933090,2008-05-29,TMAX,144
NZ000933090,2008-05-29,TMIN,24
NZ000933090,2010-12-11,TMAX,185
NZ000933090,2007-06-17,TMAX,116
NZ000933090,2007-06-17,TMIN,57
NZ000933090,2014-03-14,TMAX,224
NZ000933090,2015-10-14,TMAX,164
NZ000933090,2013-09-11,TMIN,118
NZ000933090,2013-10-18,TMAX,176
NZ000933090,2009-03-27,TMIN,97
NZ000933090,2005-07-03,TMAX,129
NZ000933090,2009-03-27,TMAX,205
NZ000933090,2013-12-01,TMAX,182
NZ000933090,2010-04-12,TMIN,63
NZ000933090,2015-10-14,TMIN,55
NZ000933090,2008-11-15,TMAX,200
NZ000933090,2007-04-03,TMAX,188
NZ000933090,2014-10-23,TMAX,171
NZ000933090,2012-08-02,TMAX,147
NZ000933090,2014-10-23,TMIN,68
NZ000933090,2008-02-18,TMAX,232
NZ000933090,2008-02-18,TMIN,144
NZ000933090,2007-09-20,TMAX,209
NZ000933090,2013-09-11,TMAX,161
NZ000933090,2008-04-26,TMAX,201
NZ000933090,2008-11-29,TMAX,219
NZ000933090,2011-09-25,TMAX,135
NZ000933090,2010-07-21,TMIN,70
NZ000933090,2011-04-04,TMAX,211
NZ000933090,2011-11-05,TMAX,144
NZ000933090,2015-09-01,TMAX,142
NZ000933090,2005-08-26,TMAX,165
NZ000933090,2008-02-17,TMIN,145
NZ000933090,2008-02-17,TMAX,218
NZ000933090,2015-09-01,TMIN,98
NZ000933090,2005-08-26,TMIN,46
NZ000933090,2015-07-23,TMAX,128
NZ000933090,2012-02-01,TMAX,208
NZ000933090,2010-09-20,TMIN,73
NZ000933090,2015-12-14,TMAX,181
NZ000933090,2007-01-16,TMIN,117
NZ000933090,2012-07-18,TMIN,15
NZ000933090,2015-07-23,TMIN,19
NZ000933090,2009-09-14,TMIN,53
NZ000933090,2012-03-27,TMAX,190
NZ000933090,2009-09-14,TMAX,162
NZ000933090,2009-08-29,TMAX,167
NZ000933090,2009-06-29,TMIN,77
NZ000933090,2012-09-16,TMIN,109
NZ000933090,2009-06-29,TMAX,101
NZ000933090,2005-08-02,TMIN,37
NZ000933090,2011-09-09,TMIN,111
NZ000933090,2011-09-09,TMAX,152
NZ000933090,2005-08-02,TMAX,132
NZ000933090,2007-12-07,TMAX,204
NZ000933090,2011-02-19,TMIN,126
NZ000933090,2005-01-11,TMIN,113
NZ000933090,2010-01-15,TMAX,212
NZ000933090,2015-02-07,TMIN,77
NZ000933090,2005-01-11,TMAX,207
NZ000933090,2015-02-07,TMAX,199
NZ000933090,2013-06-03,TMAX,148
NZ000933090,2013-08-09,TMIN,83
NZ000933090,2007-01-16,TMAX,205
NZ000933090,2008-06-30,TMAX,131
NZ000933090,2012-10-15,TMIN,67
NZ000933090,2010-09-20,TMAX,147
NZ000933090,2012-02-18,TMAX,218
NZ000933090,2009-01-05,TMIN,77
NZ000933090,2013-11-28,TMAX,183
NZ000933090,2013-12-13,TMAX,210
NZ000933090,2012-02-18,TMIN,111
NZ000933090,2009-10-12,TMAX,145
NZ000933090,2005-07-19,TMIN,63
NZ000933090,2006-03-28,TMAX,191
NZ000933090,2015-05-03,TMAX,164
NZ000933090,2009-01-04,TMAX,203
NZ000933090,2012-04-10,TMIN,112
NZ000933090,2011-11-27,TMIN,83
NZ000933090,2005-07-19,TMAX,135
NZ000933090,2012-04-10,TMAX,202
NZ000933090,2012-10-15,TMAX,158
NZ000933090,2012-11-08,TMAX,183
NZ000933090,2005-06-29,TMAX,145
NZ000933090,2005-06-29,TMIN,73
NZ000933090,2015-12-14,TMIN,95
NZ000933090,2012-07-18,TMAX,141
NZ000933090,2012-08-29,TMIN,22
NZ000933090,2015-06-21,TMAX,125
NZ000933090,2012-03-04,TMAX,191
NZ000933090,2015-09-22,TMAX,159
NZ000933090,2012-03-04,TMIN,66
NZ000933090,2011-11-27,TMAX,175
NZ000933090,2014-01-12,TMIN,138
NZ000933090,2009-01-04,TMIN,88
NZ000933090,2014-01-12,TMAX,190
NZ000933090,2008-12-12,TMAX,197
NZ000933090,2012-11-08,TMIN,76
NZ000933090,2012-08-29,TMAX,138
NZ000933090,2006-07-14,TMIN,42
NZ000933090,2014-03-14,TMIN,94
NZ000933090,2010-02-02,TMAX,271
NZ000933090,2012-06-22,TMIN,33
NZ000933090,2005-09-04,TMIN,100
NZ000933090,2015-03-12,TMAX,214
NZ000933090,2007-08-16,TMAX,137
NZ000933090,2005-10-13,TMAX,168
NZ000933090,2011-12-08,TMIN,90
NZ000933090,2012-06-22,TMAX,148
NZ000933090,2011-12-08,TMAX,201
NZ000933090,2007-09-22,TMAX,179
NZ000933090,2006-05-13,TMAX,160
NZ000933090,2007-07-17,TMIN,84
NZ000933090,2007-07-17,TMAX,145
NZ000933090,2005-10-13,TMIN,93
NZ000933090,2014-03-02,TMAX,199
NZ000933090,2007-08-16,TMIN,65
NZ000933090,2007-01-15,TMAX,204
NZ000933090,2008-11-19,TMAX,168
NZ000933090,2008-06-13,TMIN,113
NZ000933090,2009-08-02,TMIN,26
NZ000933090,2009-08-02,TMAX,148
NZ000933090,2013-07-22,TMIN,49
NZ000933090,2010-10-25,TMAX,178
NZ000933090,2013-07-22,TMAX,143
NZ000933090,2005-09-04,TMAX,161
NZ000933090,2008-06-13,TMAX,168
NZ000933090,2011-05-06,TMAX,203
NZ000933090,2008-02-26,TMAX,225
NZ000933090,2011-05-06,TMIN,129
NZ000933090,2005-12-20,TMAX,202
NZ000933090,2005-12-20,TMIN,141
NZ000933090,2009-09-24,TMIN,81
NZ000933090,2008-11-19,TMIN,36
NZ000933090,2009-09-24,TMAX,153
NZ000933090,2013-02-13,TMAX,223
NZ000933090,2008-07-14,TMAX,135
NZ000933090,2013-06-09,TMAX,132
NZ000933090,2009-06-20,TMAX,121
NZ000933090,2009-06-20,TMIN,21
NZ000933090,2014-03-02,TMIN,67
NZ000933090,2005-02-25,TMIN,131
NZ000933090,2008-02-21,TMIN,161
NZ000933090,2013-04-29,TMAX,196
NZ000933090,2013-02-01,TMAX,237
NZ000933090,2007-07-14,TMIN,5
NZ000933090,2009-01-10,TMAX,204
NZ000933090,2007-07-14,TMAX,126
NZ000933090,2007-06-04,TMAX,151
NZ000933090,2007-06-04,TMIN,57
NZ000933090,2013-08-30,TMAX,131
NZ000933090,2005-08-07,TMIN,81
NZ000933090,2015-09-06,TMAX,123
NZ000933090,2012-06-13,TMAX,122
NZ000933090,2013-04-29,TMIN,158
NZ000933090,2012-06-13,TMIN,-9
NZ000933090,2006-01-05,TMAX,183
NZ000933090,2005-06-03,TMIN,42
NZ000933090,2005-06-03,TMAX,129
NZ000933090,2011-02-22,TMAX,245
NZ000933090,2010-09-07,TMAX,161
NZ000933090,2007-07-05,TMAX,144
NZ000933090,2006-07-18,TMIN,39
NZ000933090,2006-07-18,TMAX,128
NZ000933090,2008-07-14,TMIN,35
NZ000933090,2009-04-07,TMAX,205
NZ000933090,2008-02-21,TMAX,229
NZ000933090,2009-04-07,TMIN,88
NZ000933090,2005-02-25,TMAX,231
NZ000933090,2011-01-05,TMAX,247
NZ000933090,2011-01-05,TMIN,167
NZ000933090,2011-01-15,TMAX,237
NZ000933090,2011-01-15,TMIN,99
NZ000933090,2010-10-25,TMIN,61
NZ000933090,2006-12-14,TMAX,179
NZ000933090,2006-09-04,TMAX,156
NZ000933090,2005-05-20,TMIN,138
NZ000933090,2014-08-31,TMIN,42
NZ000933090,2015-03-19,TMAX,196
NZ000933090,2012-03-30,TMIN,87
NZ000933090,2014-08-31,TMAX,168
NZ000933090,2014-11-05,TMAX,165
NZ000933090,2005-05-20,TMAX,181
NZ000933090,2007-06-15,TMAX,110
NZ000933090,2014-06-22,TMAX,157
NZ000933090,2013-10-13,TMIN,107
NZ000933090,2013-10-13,TMAX,164
NZ000933090,2007-08-22,TMAX,134
NZ000933090,2005-05-19,TMIN,129
NZ000933090,2012-03-30,TMAX,200
NZ000933090,2007-02-23,TMAX,214
NZ000933090,2005-10-04,TMIN,109
NZ000933090,2005-10-04,TMAX,162
NZ000933090,2010-12-28,TMAX,205
NZ000933090,2008-04-14,TMIN,141
NZ000933090,2011-09-06,TMIN,36
NZ000933090,2011-09-06,TMAX,147
NZ000933090,2007-05-30,TMAX,149
NZ000933090,2009-09-22,TMIN,82
NZ000933090,2015-10-05,TMAX,168
NZ000933090,2010-08-17,TMAX,167
NZ000933090,2010-02-02,TMIN,173
NZ000933090,2006-05-25,TMAX,176
NZ000933090,2014-02-07,TMAX,217
NZ000933090,2006-05-25,TMIN,132
NZ000933090,2011-06-16,TMAX,135
NZ000933090,2014-02-07,TMIN,124
NZ000933090,2014-11-05,TMIN,37
NZ000933090,2013-10-26,TMIN,57
NZ000933090,2013-08-09,TMAX,168
NZ000933090,2005-05-19,TMAX,202
NZ000933090,2013-10-26,TMAX,165
NZ000933090,2010-03-11,TMAX,220
NZ000933090,2005-07-22,TMAX,130
NZ000933090,2008-11-04,TMIN,111
NZ000933090,2005-07-22,TMIN,58
NZ000933090,2008-07-13,TMAX,158
NZ000933090,2008-11-04,TMAX,178
NZ000933090,2011-07-22,TMAX,120
NZ000933090,2005-09-30,TMIN,113
NZ000933090,2005-09-30,TMAX,164
NZ000933090,2015-07-04,TMAX,143
NZ000933090,2009-09-19,TMAX,153
NZ000933090,2008-01-15,TMAX,231
NZ000933090,2008-12-28,TMAX,223
NZ000933090,2008-12-28,TMIN,102
NZ000933090,2011-11-26,TMAX,175
NZ000933090,2013-04-26,TMAX,184
NZ000933090,2013-01-25,TMAX,246
NZ000933090,2006-04-19,TMAX,188
NZ000933090,2013-01-16,TMIN,127
NZ000933090,2015-06-14,TMAX,148
NZ000933090,2013-01-16,TMAX,203
NZ000933090,2013-11-05,TMAX,192
NZ000933090,2011-05-08,TMAX,194
NZ000933090,2005-07-14,TMAX,149
NZ000933090,2013-11-05,TMIN,89
NZ000933090,2014-12-25,TMAX,210
NZ000933090,2005-07-14,TMIN,123
NZ000933090,2013-06-23,TMAX,120
NZ000933090,2013-10-27,TMAX,170
NZ000933090,2008-07-11,TMIN,80
NZ000933090,2013-03-12,TMAX,261
NZ000933090,2013-04-26,TMIN,132
NZ000933090,2011-07-22,TMIN,87
NZ000933090,2011-05-08,TMIN,140
NZ000933090,2006-07-14,TMAX,121
NZ000933090,2015-09-16,TMIN,118
NZ000933090,2009-10-17,TMIN,116
NZ000933090,2014-12-06,TMIN,85
NZ000933090,2014-12-06,TMAX,186
NZ000933090,2006-09-23,TMIN,92
NZ000933090,2012-12-20,TMAX,221
NZ000933090,2006-01-15,TMAX,214
NZ000933090,2012-12-20,TMIN,82
NZ000933090,2008-09-17,TMIN,42
NZ000933090,2006-09-23,TMAX,161
NZ000933090,2014-10-11,TMAX,171
NZ000933090,2006-01-22,TMAX,215
NZ000933090,2014-10-11,TMIN,60
NZ000933090,2014-11-26,TMAX,182
NZ000933090,2009-02-24,TMAX,210
NZ000933090,2014-02-21,TMIN,143
NZ000933090,2009-11-22,TMAX,196
NZ000933090,2014-02-21,TMAX,254
NZ000933090,2005-04-23,TMAX,174
NZ000933090,2005-04-23,TMIN,111
NZ000933090,2009-09-05,TMAX,146
NZ000933090,2010-05-17,TMAX,174
NZ000933090,2013-03-19,TMAX,195
NZ000933090,2011-02-16,TMIN,173
NZ000933090,2008-09-17,TMAX,161
NZ000933090,2006-10-17,TMIN,49
NZ000933090,2011-07-09,TMAX,153
NZ000933090,2006-10-17,TMAX,146
NZ000933090,2013-03-09,TMAX,267
NZ000933090,2010-12-31,TMAX,234
NZ000933090,2010-06-27,TMAX,146
NZ000933090,2005-02-16,TMAX,221
NZ000933090,2005-02-16,TMIN,130
NZ000933090,2011-07-09,TMIN,87
NZ000933090,2015-12-24,TMAX,192
NZ000933090,2011-05-17,TMAX,174
NZ000933090,2014-07-30,TMIN,77
NZ000933090,2014-07-30,TMAX,159
NZ000933090,2013-06-18,TMAX,162
NZ000933090,2014-12-30,TMIN,166
NZ000933090,2011-11-30,TMAX,196
NZ000933090,2011-11-30,TMIN,128
NZ000933090,2008-04-23,TMIN,120
NZ000933090,2008-04-23,TMAX,190
NZ000933090,2006-09-12,TMIN,43
NZ000933090,2007-02-11,TMAX,226
NZ000933090,2012-04-15,TMAX,194
NZ000933090,2008-09-11,TMAX,153
NZ000933090,2008-09-11,TMIN,104
NZ000933090,2014-07-02,TMAX,113
NZ000933090,2012-10-26,TMIN,71
NZ000933090,2012-10-26,TMAX,155
NZ000933090,2012-04-15,TMIN,79
NZ000933090,2006-09-12,TMAX,138
NZ000933090,2015-09-08,TMIN,34
NZ000933090,2009-01-06,TMAX,214
NZ000933090,2010-12-31,TMIN,124
NZ000933090,2015-03-30,TMAX,210
NZ000933090,2006-10-07,TMAX,150
NZ000933090,2009-10-08,TMIN,35
NZ000933090,2014-01-04,TMAX,213
NZ000933090,2008-03-27,TMIN,131
NZ000933090,2014-01-04,TMIN,146
NZ000933090,2009-10-08,TMAX,156
NZ000933090,2008-03-27,TMAX,247
NZ000933090,2009-09-15,TMAX,164
NZ000933090,2006-10-07,TMIN,22
NZ000933090,2015-09-08,TMAX,142
NZ000933090,2014-12-30,TMAX,218
NZ000933090,2008-09-30,TMAX,156
NZ000933090,2009-01-06,TMIN,89
NZ000933090,2007-07-23,TMAX,137
NZ000933090,2007-07-23,TMIN,-10
NZ000933090,2009-09-05,TMIN,13
NZ000933090,2010-12-06,TMIN,142
NZ000933090,2009-02-20,TMIN,204
NZ000933090,2013-07-15,TMIN,40
NZ000933090,2015-07-26,TMIN,93
NZ000933090,2015-05-04,TMAX,163
NZ000933090,2006-05-19,TMAX,162
NZ000933090,2015-05-04,TMIN,61
NZ000933090,2009-02-20,TMAX,233
NZ000933090,2011-02-21,TMIN,149
NZ000933090,2006-05-19,TMIN,70
NZ000933090,2011-10-02,TMIN,126
NZ000933090,2014-02-22,TMAX,233
NZ000933090,2008-01-21,TMAX,278
NZ000933090,2009-05-10,TMAX,140
NZ000933090,2013-06-08,TMAX,151
NZ000933090,2012-12-02,TMIN,135
NZ000933090,2005-11-15,TMIN,131
NZ000933090,2013-07-15,TMAX,99
NZ000933090,2007-12-23,TMAX,215
NZ000933090,2007-11-06,TMAX,164
NZ000933090,2007-11-06,TMIN,66
NZ000933090,2007-12-03,TMAX,195
NZ000933090,2009-08-24,TMAX,162
NZ000933090,2013-09-25,TMAX,171
NZ000933090,2007-06-28,TMIN,13
NZ000933090,2009-01-13,TMAX,236
NZ000933090,2013-09-12,TMAX,160
NZ000933090,2015-07-26,TMAX,136
NZ000933090,2012-04-28,TMAX,172
NZ000933090,2007-12-23,TMIN,138
NZ000933090,2005-11-15,TMAX,174
NZ000933090,2008-10-28,TMIN,132
NZ000933090,2008-10-28,TMAX,177
NZ000933090,2011-10-02,TMAX,151
NZ000933090,2005-12-08,TMAX,196
NZ000933090,2011-03-21,TMIN,148
NZ000933090,2014-02-03,TMAX,215
NZ000933090,2013-04-30,TMAX,197
NZ000933090,2008-09-07,TMIN,51
NZ000933090,2005-12-04,TMIN,155
NZ000933090,2006-09-27,TMAX,156
NZ000933090,2011-03-02,TMAX,209
NZ000933090,2010-06-04,TMAX,156
NZ000933090,2009-09-18,TMIN,42
NZ000933090,2009-09-18,TMAX,159
NZ000933090,2006-01-17,TMIN,71
NZ000933090,2011-09-22,TMAX,137
NZ000933090,2011-02-16,TMAX,208
NZ000933090,2008-01-21,TMIN,203
NZ000933090,2015-08-17,TMAX,143
NZ000933090,2015-08-17,TMIN,53
NZ000933090,2010-12-06,TMAX,217
NZ000933090,2006-01-17,TMAX,202
NZ000933090,2011-10-30,TMAX,195
NZ000933090,2007-06-27,TMIN,-9
NZ000933090,2006-12-09,TMAX,161
NZ000933090,2014-03-08,TMAX,206
NZ000933090,2005-12-08,TMIN,155
NZ000933090,2015-12-23,TMAX,231
NZ000933090,2013-06-08,TMIN,66
NZ000933090,2010-02-13,TMAX,247
NZ000933090,2010-07-28,TMIN,36
NZ000933090,2010-10-03,TMIN,42
NZ000933090,2013-03-26,TMAX,212
NZ000933090,2013-03-26,TMIN,106
NZ000933090,2010-10-03,TMAX,158
NZ000933090,2010-07-28,TMAX,142
NZ000933090,2015-12-23,TMIN,112
NZ000933090,2007-06-27,TMAX,113
NZ000933090,2008-09-07,TMAX,168
NZ000933090,2005-12-04,TMAX,200
NZ000933090,2013-09-23,TMAX,167
NZ000933090,2009-10-02,TMAX,154
NZ000933090,2011-11-11,TMAX,185
NZ000933090,2009-12-28,TMIN,179
NZ000933090,2012-09-03,TMAX,136
NZ000933090,2012-11-01,TMIN,76
NZ000933090,2012-11-01,TMAX,171
NZ000933090,2015-12-07,TMAX,187
NZ000933090,2013-11-15,TMIN,75
NZ000933090,2015-07-25,TMAX,134
NZ000933090,2015-12-29,TMAX,233
NZ000933090,2008-12-26,TMAX,212
NZ000933090,2013-12-29,TMIN,158
NZ000933090,2013-12-29,TMAX,229
NZ000933090,2006-05-08,TMAX,170
NZ000933090,2011-04-13,TMIN,79
NZ000933090,2013-11-06,TMAX,192
NZ000933090,2010-03-25,TMAX,193
NZ000933090,2010-03-25,TMIN,118
NZ000933090,2005-04-06,TMAX,201
NZ000933090,2006-07-03,TMIN,29
NZ000933090,2013-11-15,TMAX,183
NZ000933090,2013-12-10,TMIN,124
NZ000933090,2012-11-14,TMIN,62
NZ000933090,2012-11-14,TMAX,160
NZ000933090,2014-10-15,TMAX,168
NZ000933090,2005-05-13,TMIN,78
NZ000933090,2014-10-15,TMIN,54
NZ000933090,2011-04-13,TMAX,198
NZ000933090,2011-08-26,TMAX,141
NZ000933090,2007-02-07,TMAX,259
NZ000933090,2011-08-26,TMIN,96
NZ000933090,2012-04-01,TMAX,205
NZ000933090,2012-04-01,TMIN,104
NZ000933090,2015-07-25,TMIN,32
NZ000933090,2012-02-08,TMAX,222
NZ000933090,2007-08-21,TMAX,127
NZ000933090,2014-10-12,TMAX,165
NZ000933090,2014-03-11,TMIN,92
NZ000933090,2014-03-11,TMAX,206
NZ000933090,2012-04-13,TMIN,68
NZ000933090,2006-10-31,TMIN,81
NZ000933090,2007-06-18,TMAX,124
NZ000933090,2006-10-31,TMAX,155
NZ000933090,2008-04-11,TMAX,199
NZ000933090,2008-04-11,TMIN,69
NZ000933090,2008-05-03,TMAX,144
NZ000933090,2011-12-30,TMAX,226
NZ000933090,2015-12-07,TMIN,113
NZ000933090,2007-04-11,TMAX,192
NZ000933090,2010-04-02,TMIN,74
NZ000933090,2010-04-02,TMAX,203
NZ000933090,2006-06-18,TMIN,11
NZ000933090,2006-06-18,TMAX,125
NZ000933090,2013-10-08,TMAX,154
NZ000933090,2012-04-13,TMAX,188
NZ000933090,2005-08-20,TMAX,147
NZ000933090,2005-08-20,TMIN,53
NZ000933090,2005-04-06,TMIN,146
NZ000933090,2009-01-20,TMAX,206
NZ000933090,2013-11-06,TMIN,118
NZ000933090,2014-10-12,TMIN,54
NZ000933090,2008-06-09,TMIN,71
NZ000933090,2012-09-21,TMAX,148
NZ000933090,2008-06-09,TMAX,157
NZ000933090,2012-03-21,TMAX,214
NZ000933090,2009-02-23,TMAX,218
NZ000933090,2012-03-21,TMIN,152
NZ000933090,2015-08-19,TMAX,138
NZ000933090,2013-05-05,TMAX,179
NZ000933090,2010-12-29,TMAX,204
NZ000933090,2010-12-29,TMIN,95
NZ000933090,2015-11-09,TMAX,182
NZ000933090,2013-12-10,TMAX,186
NZ000933090,2009-09-26,TMAX,154
NZ000933090,2005-05-13,TMAX,163
NZ000933090,2007-08-21,TMIN,3
NZ000933090,2007-02-28,TMIN,134
NZ000933090,2013-02-25,TMAX,232
NZ000933090,2013-05-11,TMIN,74
NZ000933090,2013-05-11,TMAX,138
NZ000933090,2010-02-07,TMAX,233
NZ000933090,2006-08-19,TMIN,108
NZ000933090,2013-02-25,TMIN,109
NZ000933090,2010-01-04,TMAX,203
NZ000933090,2007-09-11,TMIN,31
NZ000933090,2007-09-11,TMAX,162
NZ000933090,2014-06-08,TMAX,175
NZ000933090,2010-02-07,TMIN,137
NZ000933090,2014-06-08,TMIN,92
NZ000933090,2010-04-23,TMAX,195
NZ000933090,2008-03-19,TMAX,218
NZ000933090,2014-05-29,TMAX,163
NZ000933090,2008-05-21,TMAX,169
NZ000933090,2008-05-21,TMIN,50
NZ000933090,2011-03-21,TMAX,231
NZ000933090,2011-11-11,TMIN,80
NZ000933090,2008-06-23,TMIN,102
NZ000933090,2008-06-23,TMAX,143
NZ000933090,2012-11-21,TMAX,180
NZ000933090,2012-11-21,TMIN,74
NZ000933090,2005-09-10,TMIN,74
NZ000933090,2005-09-10,TMAX,161
NZ000933090,2014-07-14,TMAX,142
NZ000933090,2009-10-18,TMAX,154
NZ000933090,2005-10-21,TMIN,90
NZ000933090,2005-10-21,TMAX,140
NZ000933090,2008-04-20,TMAX,156
NZ000933090,2010-05-22,TMAX,170
NZ000933090,2011-01-01,TMAX,231
NZ000933090,2006-08-19,TMAX,144
NZ000933090,2009-12-28,TMAX,219
NZ000933090,2011-06-06,TMAX,164
NZ000933090,2011-06-06,TMIN,130
NZ000933090,2006-03-07,TMAX,205
NZ000933090,2006-03-07,TMIN,158
NZ000933090,2006-05-16,TMAX,139
NZ000933090,2007-06-09,TMAX,140
NZ000933090,2011-07-12,TMIN,71
NZ000933090,2011-07-12,TMAX,139
NZ000933090,2007-05-23,TMAX,183
NZ000933090,2005-10-07,TMAX,155
NZ000933090,2005-10-07,TMIN,69
NZ000933090,2007-01-03,TMAX,175
NZ000933090,2005-12-19,TMAX,205
NZ000933090,2009-05-31,TMAX,102
NZ000933090,2005-12-19,TMIN,161
NZ000933090,2006-05-28,TMAX,172
NZ000933090,2012-02-16,TMAX,224
NZ000933090,2011-11-02,TMAX,185
NZ000933090,2006-08-29,TMIN,76
NZ000933090,2012-09-01,TMAX,150
NZ000933090,2011-10-12,TMAX,164
NZ000933090,2012-11-12,TMAX,178
NZ000933090,2014-01-25,TMAX,205
NZ000933090,2011-10-12,TMIN,139
NZ000933090,2010-06-23,TMAX,136
NZ000933090,2014-01-25,TMIN,79
NZ000933090,2010-04-23,TMIN,122
NZ000933090,2011-10-08,TMIN,61
NZ000933090,2011-10-08,TMAX,152
NZ000933090,2008-07-05,TMAX,104
NZ000933090,2011-08-09,TMAX,140
NZ000933090,2011-08-09,TMIN,40
NZ000933090,2008-10-13,TMIN,72
NZ000933090,2008-10-13,TMAX,174
NZ000933090,2012-09-01,TMIN,51
NZ000933090,2010-06-23,TMIN,36
NZ000933090,2011-02-19,TMAX,237
NZ000933090,2007-12-03,TMIN,68
NZ000933090,2012-12-16,TMAX,206
NZ000933090,2005-01-03,TMAX,174
NZ000933090,2014-10-22,TMAX,178
NZ000933090,2008-01-11,TMAX,228
NZ000933090,2009-03-30,TMIN,104
NZ000933090,2012-09-14,TMAX,150
NZ000933090,2008-12-10,TMAX,207
NZ000933090,2005-01-03,TMIN,144
NZ000933090,2009-03-30,TMAX,210
NZ000933090,2011-08-24,TMAX,137
NZ000933090,2011-04-25,TMAX,182
NZ000933090,2013-06-01,TMAX,165
NZ000933090,2013-06-01,TMIN,74
NZ000933090,2005-07-18,TMIN,90
NZ000933090,2011-03-04,TMAX,212
NZ000933090,2011-03-04,TMIN,137
NZ000933090,2005-07-18,TMAX,120
NZ000933090,2012-05-16,TMAX,141
NZ000933090,2011-12-19,TMIN,92
NZ000933090,2013-01-10,TMAX,217
NZ000933090,2009-05-15,TMAX,187
NZ000933090,2013-01-10,TMIN,159
NZ000933090,2013-04-23,TMAX,192
NZ000933090,2013-04-23,TMIN,114
NZ000933090,2010-01-29,TMIN,154
NZ000933090,2011-12-19,TMAX,201
NZ000933090,2012-07-26,TMAX,124
NZ000933090,2010-09-17,TMAX,160
NZ000933090,2010-10-23,TMIN,38
NZ000933090,2010-10-23,TMAX,157
NZ000933090,2012-09-14,TMIN,33
NZ000933090,2006-05-10,TMAX,165
NZ000933090,2006-05-10,TMIN,94
NZ000933090,2015-06-24,TMAX,103
NZ000933090,2014-02-11,TMAX,205
NZ000933090,2005-07-17,TMIN,93
NZ000933090,2005-07-17,TMAX,110
NZ000933090,2013-10-01,TMAX,159
NZ000933090,2015-12-19,TMAX,224
NZ000933090,2008-03-02,TMAX,236
NZ000933090,2011-06-14,TMAX,151
NZ000933090,2005-02-19,TMAX,213
NZ000933090,2011-06-14,TMIN,48
NZ000933090,2015-12-19,TMIN,63
NZ000933090,2007-10-09,TMIN,77
NZ000933090,2014-04-02,TMAX,208
NZ000933090,2006-02-19,TMAX,219
NZ000933090,2014-04-02,TMIN,84
NZ000933090,2007-03-12,TMIN,173
NZ000933090,2008-03-01,TMAX,232
NZ000933090,2011-03-22,TMAX,219
NZ000933090,2007-03-12,TMAX,233
NZ000933090,2012-01-16,TMAX,198
NZ000933090,2015-05-14,TMAX,174
NZ000933090,2006-02-10,TMIN,144
NZ000933090,2010-11-30,TMAX,204
NZ000933090,2014-02-11,TMIN,123
NZ000933090,2010-02-12,TMIN,175
NZ000933090,2010-02-12,TMAX,226
NZ000933090,2015-10-06,TMAX,154
NZ000933090,2012-09-18,TMAX,145
NZ000933090,2013-05-17,TMAX,158
NZ000933090,2013-05-17,TMIN,109
NZ000933090,2010-05-27,TMAX,136
NZ000933090,2015-10-06,TMIN,32
NZ000933090,2007-03-26,TMAX,231
NZ000933090,2006-02-10,TMAX,224
NZ000933090,2005-02-19,TMIN,101
NZ000933090,2007-03-26,TMIN,142
NZ000933090,2008-08-13,TMAX,135
NZ000933090,2010-01-29,TMAX,246
NZ000933090,2009-12-05,TMAX,204
NZ000933090,2009-12-05,TMIN,99
NZ000933090,2010-09-17,TMIN,92
NZ000933090,2012-10-21,TMIN,121
NZ000933090,2008-05-07,TMAX,162
NZ000933090,2011-12-06,TMAX,201
NZ000933090,2013-08-27,TMAX,146
NZ000933090,2013-11-30,TMAX,200
NZ000933090,2010-09-12,TMAX,172
NZ000933090,2012-10-21,TMAX,160
NZ000933090,2012-09-17,TMAX,160
NZ000933090,2013-08-27,TMIN,66
NZ000933090,2009-03-13,TMAX,212
NZ000933090,2005-05-09,TMIN,52
NZ000933090,2008-09-01,TMIN,48
NZ000933090,2006-02-06,TMAX,224
NZ000933090,2006-06-26,TMAX,112
NZ000933090,2010-09-12,TMIN,115
NZ000933090,2008-05-07,TMIN,20
NZ000933090,2013-02-03,TMIN,157
NZ000933090,2006-01-23,TMIN,128
NZ000933090,2010-03-03,TMAX,212
NZ000933090,2009-10-17,TMAX,172
NZ000933090,2015-06-17,TMIN,18
NZ000933090,2006-06-26,TMIN,23
NZ000933090,2005-06-08,TMAX,144
NZ000933090,2005-06-08,TMIN,33
NZ000933090,2011-10-06,TMAX,183
NZ000933090,2006-06-28,TMIN,20
NZ000933090,2013-01-20,TMAX,233
NZ000933090,2015-08-29,TMIN,41
NZ000933090,2006-06-28,TMAX,120
NZ000933090,2011-05-12,TMAX,188
NZ000933090,2015-06-25,TMAX,111
NZ000933090,2006-01-23,TMAX,226
NZ000933090,2013-02-03,TMAX,252
NZ000933090,2008-09-01,TMAX,159
NZ000933090,2014-01-08,TMAX,205
NZ000933090,2005-05-09,TMAX,146
NZ000933090,2006-01-10,TMAX,204
NZ000933090,2015-10-25,TMAX,185
NZ000933090,2005-10-01,TMIN,94
NZ000933090,2005-10-01,TMAX,168
NZ000933090,2011-05-01,TMIN,106
NZ000933090,2007-01-02,TMIN,88
NZ000933090,2007-01-02,TMAX,167
NZ000933090,2015-10-25,TMIN,50
NZ000933090,2011-05-01,TMAX,217
NZ000933090,2008-07-02,TMAX,169
NZ000933090,2009-05-15,TMIN,136
NZ000933090,2007-12-31,TMAX,247
NZ000933090,2015-01-26,TMAX,247
NZ000933090,2015-08-02,TMAX,151
NZ000933090,2015-08-02,TMIN,112
NZ000933090,2008-07-02,TMIN,86
NZ000933090,2014-11-12,TMAX,138
NZ000933090,2014-04-15,TMAX,207
NZ000933090,2015-09-10,TMAX,128
NZ000933090,2005-02-14,TMIN,102
NZ000933090,2010-07-05,TMIN,80
NZ000933090,2005-03-24,TMAX,229
NZ000933090,2014-11-24,TMIN,117
NZ000933090,2014-11-24,TMAX,165
NZ000933090,2005-02-14,TMAX,217
NZ000933090,2008-09-22,TMAX,160
NZ000933090,2008-09-22,TMIN,88
NZ000933090,2005-07-28,TMIN,79
NZ000933090,2005-07-28,TMAX,148
NZ000933090,2008-12-10,TMIN,122
NZ000933090,2005-11-02,TMAX,181
NZ000933090,2010-11-14,TMAX,190
NZ000933090,2005-11-02,TMIN,83
NZ000933090,2015-09-04,TMAX,132
NZ000933090,2006-01-10,TMIN,98
NZ000933090,2012-12-16,TMIN,82
NZ000933090,2010-11-20,TMAX,196
NZ000933090,2010-01-21,TMAX,216
NZ000933090,2006-10-13,TMIN,125
NZ000933090,2006-07-22,TMAX,124
NZ000933090,2006-07-22,TMIN,-1
NZ000933090,2006-02-11,TMIN,140
NZ000933090,2006-02-11,TMAX,224
NZ000933090,2012-12-10,TMAX,186
NZ000933090,2015-07-09,TMIN,2
NZ000933090,2009-11-06,TMAX,179
NZ000933090,2012-12-10,TMIN,99
NZ000933090,2010-11-04,TMAX,185
NZ000933090,2008-07-25,TMAX,108
NZ000933090,2011-06-23,TMAX,137
NZ000933090,2006-06-22,TMIN,54
NZ000933090,2011-09-23,TMAX,177
NZ000933090,2010-11-04,TMIN,75
NZ000933090,2007-02-20,TMAX,226
NZ000933090,2011-04-08,TMIN,29
NZ000933090,2013-04-04,TMAX,202
NZ000933090,2012-01-07,TMAX,207
NZ000933090,2010-03-07,TMIN,124
NZ000933090,2010-03-07,TMAX,225
NZ000933090,2010-03-20,TMIN,162
NZ000933090,2010-03-20,TMAX,204
NZ000933090,2007-09-06,TMAX,127
NZ000933090,2006-10-13,TMAX,167
NZ000933090,2007-08-25,TMAX,134
NZ000933090,2007-05-11,TMAX,169
NZ000933090,2014-05-02,TMIN,64
NZ000933090,2014-05-02,TMAX,170
NZ000933090,2010-09-18,TMAX,154
NZ000933090,2010-09-18,TMIN,63
NZ000933090,2015-07-09,TMAX,80
NZ000933090,2007-08-25,TMIN,75
NZ000933090,2007-03-11,TMIN,135
NZ000933090,2007-03-11,TMAX,238
NZ000933090,2011-07-14,TMAX,142
NZ000933090,2013-04-08,TMAX,183
NZ000933090,2013-04-08,TMIN,48
NZ000933090,2014-12-15,TMAX,214
NZ000933090,2013-11-20,TMIN,124
NZ000933090,2014-04-10,TMAX,226
NZ000933090,2009-01-13,TMIN,144
NZ000933090,2013-02-28,TMAX,226
NZ000933090,2006-08-16,TMAX,129
NZ000933090,2005-04-25,TMIN,10
NZ000933090,2006-08-16,TMIN,19
NZ000933090,2014-06-17,TMIN,126
NZ000933090,2014-06-17,TMAX,168
NZ000933090,2013-07-06,TMAX,147
NZ000933090,2005-04-25,TMAX,133
NZ000933090,2013-11-20,TMAX,217
NZ000933090,2012-02-10,TMAX,224
NZ000933090,2012-02-10,TMIN,122
NZ000933090,2010-05-21,TMAX,138
NZ000933090,2007-08-26,TMAX,144
NZ000933090,2006-03-15,TMAX,227
NZ000933090,2006-03-30,TMAX,186
NZ000933090,2006-03-31,TMAX,185
NZ000933090,2011-06-15,TMAX,153
NZ000933090,2010-10-09,TMAX,147
NZ000933090,2012-05-25,TMAX,170
NZ000933090,2006-03-15,TMIN,70
NZ000933090,2010-06-11,TMAX,163
NZ000933090,2007-09-27,TMAX,133
NZ000933090,2006-06-30,TMAX,126
NZ000933090,2008-12-07,TMIN,78
NZ000933090,2007-09-27,TMIN,1
NZ000933090,2008-12-07,TMAX,203
NZ000933090,2011-11-09,TMAX,176
NZ000933090,2011-02-07,TMAX,243
NZ000933090,2014-02-02,TMIN,117
NZ000933090,2012-01-07,TMIN,118
NZ000933090,2014-03-19,TMAX,203
NZ000933090,2011-03-31,TMAX,204
NZ000933090,2011-08-23,TMIN,55
NZ000933090,2012-12-21,TMIN,166
NZ000933090,2012-12-21,TMAX,229
NZ000933090,2010-04-08,TMAX,179
NZ000933090,2015-12-17,TMAX,175
NZ000933090,2011-08-23,TMAX,139
NZ000933090,2008-01-09,TMAX,222
NZ000933090,2008-05-11,TMIN,61
NZ000933090,2011-06-26,TMAX,125
NZ000933090,2006-08-06,TMIN,101
NZ000933090,2015-02-13,TMAX,220
NZ000933090,2013-07-10,TMIN,46
NZ000933090,2006-08-06,TMAX,146
NZ000933090,2008-05-11,TMAX,172
NZ000933090,2011-03-31,TMIN,83
NZ000933090,2015-12-17,TMIN,79
NZ000933090,2008-12-17,TMAX,185
NZ000933090,2012-03-28,TMAX,215
NZ000933090,2012-03-28,TMIN,96
NZ000933090,2012-06-29,TMAX,116
NZ000933090,2008-03-01,TMIN,177
NZ000933090,2014-08-28,TMIN,45
NZ000933090,2009-06-21,TMAX,122
NZ000933090,2009-06-21,TMIN,71
NZ000933090,2014-08-28,TMAX,139
NZ000933090,2012-10-22,TMAX,161
NZ000933090,2010-06-05,TMAX,152
NZ000933090,2013-09-15,TMAX,141
NZ000933090,2010-06-05,TMIN,30
NZ000933090,2008-01-01,TMAX,242
NZ000933090,2011-08-02,TMAX,146
NZ000933090,2007-06-25,TMAX,133
NZ000933090,2015-02-13,TMIN,104
NZ000933090,2006-11-13,TMAX,163
NZ000933090,2013-04-03,TMAX,217
NZ000933090,2015-06-08,TMIN,37
NZ000933090,2015-08-07,TMIN,79
NZ000933090,2015-08-07,TMAX,126
NZ000933090,2007-02-04,TMAX,210
NZ000933090,2011-04-08,TMAX,192
NZ000933090,2013-10-03,TMIN,63
NZ000933090,2007-02-04,TMIN,112
NZ000933090,2015-05-09,TMIN,69
NZ000933090,2013-10-03,TMAX,167
NZ000933090,2005-12-03,TMAX,194
NZ000933090,2015-05-09,TMAX,168
NZ000933090,2009-11-13,TMAX,171
NZ000933090,2010-03-10,TMAX,219
NZ000933090,2010-03-10,TMIN,124
NZ000933090,2007-05-08,TMAX,197
NZ000933090,2005-12-03,TMIN,158
NZ000933090,2008-05-17,TMIN,52
NZ000933090,2015-02-28,TMIN,77
NZ000933090,2008-05-17,TMAX,157
NZ000933090,2015-06-08,TMAX,149
NZ000933090,2011-06-22,TMAX,137
NZ000933090,2011-06-22,TMIN,89
NZ000933090,2011-04-17,TMAX,195
NZ000933090,2007-11-22,TMAX,200
NZ000933090,2014-05-04,TMAX,186
NZ000933090,2008-08-09,TMAX,100
NZ000933090,2014-08-25,TMAX,136
NZ000933090,2007-01-13,TMAX,235
NZ000933090,2005-07-27,TMAX,156
NZ000933090,2007-09-15,TMAX,162
NZ000933090,2009-10-03,TMAX,163
NZ000933090,2005-07-27,TMIN,121
NZ000933090,2015-02-28,TMAX,224
NZ000933090,2014-02-02,TMAX,241
NZ000933090,2011-11-12,TMAX,153
NZ000933090,2007-11-13,TMAX,174
NZ000933090,2015-10-29,TMAX,169
NZ000933090,2012-11-06,TMAX,157
NZ000933090,2010-04-05,TMIN,133
NZ000933090,2008-12-04,TMIN,120
NZ000933090,2015-04-07,TMAX,207
NZ000933090,2005-06-15,TMIN,80
NZ000933090,2014-04-23,TMIN,54
NZ000933090,2015-04-07,TMIN,173
NZ000933090,2005-06-15,TMAX,120
NZ000933090,2011-10-28,TMIN,129
NZ000933090,2012-07-11,TMIN,60
NZ000933090,2008-12-04,TMAX,211
NZ000933090,2010-04-05,TMAX,227
NZ000933090,2015-03-20,TMIN,57
NZ000933090,2006-08-31,TMAX,137
NZ000933090,2015-03-20,TMAX,202
NZ000933090,2010-01-11,TMAX,182
NZ000933090,2013-02-15,TMAX,219
NZ000933090,2014-03-28,TMIN,73
NZ000933090,2012-12-04,TMIN,58
NZ000933090,2005-02-27,TMIN,156
NZ000933090,2006-08-31,TMIN,54
NZ000933090,2012-02-21,TMAX,234
NZ000933090,2014-02-25,TMIN,77
NZ000933090,2012-02-21,TMIN,138
NZ000933090,2014-06-24,TMIN,61
NZ000933090,2014-09-28,TMAX,147
NZ000933090,2011-08-19,TMIN,42
NZ000933090,2012-12-04,TMAX,176
NZ000933090,2014-06-24,TMAX,156
NZ000933090,2007-08-05,TMAX,144
NZ000933090,2007-11-05,TMAX,166
NZ000933090,2012-03-02,TMAX,175
NZ000933090,2009-01-28,TMAX,232
NZ000933090,2011-08-19,TMAX,115
NZ000933090,2015-02-01,TMAX,205
NZ000933090,2008-12-13,TMAX,228
NZ000933090,2009-09-30,TMAX,165
NZ000933090,2009-11-25,TMIN,55
NZ000933090,2013-11-11,TMAX,217
NZ000933090,2007-12-14,TMAX,233
NZ000933090,2015-07-10,TMAX,99
NZ000933090,2010-05-05,TMAX,178
NZ000933090,2009-11-25,TMAX,186
NZ000933090,2013-12-09,TMAX,186
NZ000933090,2014-05-08,TMAX,191
NZ000933090,2007-12-14,TMIN,164
NZ000933090,2007-01-25,TMAX,206
NZ000933090,2006-07-09,TMAX,146
NZ000933090,2011-06-29,TMAX,130
NZ000933090,2005-06-20,TMAX,142
NZ000933090,2011-01-17,TMIN,118
NZ000933090,2015-09-13,TMAX,169
NZ000933090,2013-11-11,TMIN,106
NZ000933090,2013-04-18,TMAX,194
NZ000933090,2006-08-24,TMIN,15
NZ000933090,2005-06-10,TMAX,141
NZ000933090,2005-06-10,TMIN,95
NZ000933090,2014-04-23,TMAX,179
NZ000933090,2015-04-12,TMIN,124
NZ000933090,2008-12-13,TMIN,90
NZ000933090,2015-04-12,TMAX,188
NZ000933090,2012-07-11,TMAX,128
NZ000933090,2008-04-24,TMAX,190
NZ000933090,2015-06-23,TMAX,96
NZ000933090,2006-06-21,TMAX,129
NZ000933090,2006-06-21,TMIN,24
NZ000933090,2011-05-21,TMAX,176
NZ000933090,2006-08-24,TMAX,124
NZ000933090,2007-01-20,TMAX,193
NZ000933090,2007-01-20,TMIN,150
NZ000933090,2006-08-05,TMIN,69
NZ000933090,2005-06-20,TMIN,57
NZ000933090,2006-08-05,TMAX,138
NZ000933090,2014-03-28,TMAX,180
NZ000933090,2007-11-19,TMIN,64
NZ000933090,2013-07-28,TMAX,153
NZ000933090,2005-10-31,TMAX,210
NZ000933090,2005-10-31,TMIN,60
NZ000933090,2015-05-18,TMAX,165
NZ000933090,2015-05-18,TMIN,52
NZ000933090,2012-04-18,TMAX,164
NZ000933090,2007-11-19,TMAX,177
NZ000933090,2007-04-07,TMAX,186
NZ000933090,2010-01-27,TMIN,144
NZ000933090,2007-04-07,TMIN,89
NZ000933090,2008-01-22,TMAX,235
NZ000933090,2006-12-17,TMAX,158
NZ000933090,2010-01-27,TMAX,235
NZ000933090,2014-03-21,TMAX,240
NZ000933090,2015-08-06,TMAX,144
NZ000933090,2005-05-17,TMIN,109
NZ000933090,2009-10-01,TMAX,165
NZ000933090,2013-01-11,TMAX,224
NZ000933090,2015-02-21,TMIN,149
NZ000933090,2010-05-19,TMAX,168
NZ000933090,2015-02-21,TMAX,220
NZ000933090,2014-11-02,TMAX,181
NZ000933090,2014-03-22,TMIN,107
NZ000933090,2009-10-01,TMIN,104
NZ000933090,2014-03-22,TMAX,216
NZ000933090,2005-05-17,TMAX,171
NZ000933090,2005-01-30,TMAX,237
NZ000933090,2005-01-30,TMIN,150
NZ000933090,2008-11-11,TMAX,190
NZ000933090,2012-04-17,TMIN,85
NZ000933090,2014-11-06,TMAX,144
NZ000933090,2008-11-11,TMIN,88
NZ000933090,2010-11-06,TMAX,158
NZ000933090,2006-11-21,TMAX,160
NZ000933090,2008-04-29,TMIN,165
NZ000933090,2011-02-12,TMIN,178
NZ000933090,2011-02-12,TMAX,238
NZ000933090,2008-06-29,TMIN,15
NZ000933090,2007-08-13,TMIN,62
NZ000933090,2012-08-23,TMAX,145
NZ000933090,2008-06-29,TMAX,124
NZ000933090,2009-05-25,TMAX,132
NZ000933090,2014-02-25,TMAX,243
NZ000933090,2012-03-16,TMIN,69
NZ000933090,2014-04-16,TMAX,184
NZ000933090,2010-07-17,TMAX,157
NZ000933090,2005-02-27,TMAX,235
NZ000933090,2013-02-04,TMAX,214
NZ000933090,2012-08-23,TMIN,46
NZ000933090,2012-03-16,TMAX,202
NZ000933090,2005-03-07,TMIN,85
NZ000933090,2010-02-17,TMIN,193
NZ000933090,2011-08-08,TMAX,133
NZ000933090,2010-03-06,TMAX,263
NZ000933090,2008-04-29,TMAX,206
NZ000933090,2012-04-17,TMAX,191
NZ000933090,2006-11-21,TMIN,113
NZ000933090,2013-11-10,TMIN,104
NZ000933090,2013-11-10,TMAX,179
NZ000933090,2011-08-08,TMIN,21
NZ000933090,2006-06-05,TMAX,111
NZ000933090,2012-12-01,TMAX,175
NZ000933090,2012-12-01,TMIN,42
NZ000933090,2007-12-22,TMIN,132
NZ000933090,2008-06-24,TMAX,131
NZ000933090,2005-03-07,TMAX,202
NZ000933090,2007-12-22,TMAX,207
NZ000933090,2010-02-17,TMAX,240
NZ000933090,2012-01-15,TMAX,202
NZ000933090,2007-07-08,TMIN,25
NZ000933090,2007-07-08,TMAX,117
NZ000933090,2010-07-27,TMAX,145
NZ000933090,2014-10-25,TMAX,154
NZ000933090,2014-10-25,TMIN,41
NZ000933090,2006-03-11,TMAX,210
NZ000933090,2005-12-25,TMAX,200
NZ000933090,2006-10-24,TMAX,131
NZ000933090,2005-12-25,TMIN,141
NZ000933090,2014-01-23,TMAX,197
NZ000933090,2006-11-04,TMAX,175
NZ000933090,2012-05-04,TMIN,53
NZ000933090,2012-05-04,TMAX,156
NZ000933090,2006-11-04,TMIN,84
NZ000933090,2008-04-03,TMIN,103
NZ000933090,2015-11-17,TMIN,63
NZ000933090,2008-04-03,TMAX,210
NZ000933090,2014-01-23,TMIN,117
NZ000933090,2005-11-05,TMAX,170
NZ000933090,2013-07-21,TMAX,146
NZ000933090,2006-12-29,TMAX,178
NZ000933090,2012-08-10,TMIN,43
NZ000933090,2012-08-10,TMAX,137
NZ000933090,2014-10-16,TMIN,75
NZ000933090,2015-06-06,TMAX,145
NZ000933090,2014-03-12,TMAX,198
NZ000933090,2014-10-16,TMAX,163
NZ000933090,2013-08-28,TMIN,97
NZ000933090,2012-12-12,TMIN,129
NZ000933090,2011-12-24,TMAX,208
NZ000933090,2014-03-05,TMIN,90
NZ000933090,2015-06-06,TMIN,72
NZ000933090,2012-12-12,TMAX,207
NZ000933090,2014-03-05,TMAX,220
NZ000933090,2006-12-29,TMIN,105
NZ000933090,2008-08-17,TMAX,123
NZ000933090,2005-11-05,TMIN,122
NZ000933090,2015-11-17,TMAX,176
NZ000933090,2013-08-28,TMAX,157
NZ000933090,2009-11-27,TMIN,58
NZ000933090,2009-01-18,TMAX,211
NZ000933090,2006-02-21,TMIN,149
NZ000933090,2006-02-21,TMAX,224
NZ000933090,2006-08-12,TMIN,20
NZ000933090,2014-04-22,TMAX,187
NZ000933090,2009-11-27,TMAX,177
NZ000933090,2014-09-07,TMAX,163
NZ000933090,2005-11-06,TMAX,176
NZ000933090,2008-03-22,TMAX,236
NZ000933090,2011-03-09,TMAX,216
NZ000933090,2011-03-09,TMIN,112
NZ000933090,2015-05-15,TMAX,154
NZ000933090,2013-08-06,TMAX,159
NZ000933090,2006-08-12,TMAX,136
NZ000933090,2015-06-27,TMIN,73
NZ000933090,2015-06-27,TMAX,134
NZ000933090,2014-12-04,TMAX,187
NZ000933090,2014-05-01,TMAX,172
NZ000933090,2014-05-01,TMIN,60
NZ000933090,2007-03-07,TMAX,220
NZ000933090,2007-03-07,TMIN,133
NZ000933090,2013-12-12,TMAX,204
NZ000933090,2007-07-10,TMIN,84
NZ000933090,2013-12-12,TMIN,109
NZ000933090,2007-07-10,TMAX,112
NZ000933090,2015-02-14,TMAX,211
NZ000933090,2009-10-22,TMAX,150
NZ000933090,2014-12-04,TMIN,122
NZ000933090,2005-08-28,TMAX,145
NZ000933090,2015-12-27,TMIN,116
NZ000933090,2005-08-28,TMIN,56
NZ000933090,2015-12-27,TMAX,254
NZ000933090,2007-02-25,TMIN,148
NZ000933090,2006-05-21,TMAX,162
NZ000933090,2005-03-31,TMAX,179
NZ000933090,2005-03-31,TMIN,135
NZ000933090,2007-02-05,TMAX,256
NZ000933090,2015-04-30,TMAX,162
NZ000933090,2005-02-07,TMIN,177
NZ000933090,2009-08-12,TMIN,79
NZ000933090,2009-04-30,TMAX,182
NZ000933090,2007-10-10,TMAX,169
NZ000933090,2009-08-12,TMAX,146
NZ000933090,2007-10-10,TMIN,104
NZ000933090,2014-12-16,TMIN,83
NZ000933090,2005-07-08,TMAX,145
NZ000933090,2009-10-25,TMAX,165
NZ000933090,2011-01-12,TMIN,98
NZ000933090,2011-01-12,TMAX,224
NZ000933090,2014-12-16,TMAX,214
NZ000933090,2005-07-08,TMIN,74
NZ000933090,2010-03-15,TMAX,205
NZ000933090,2011-01-26,TMIN,103
NZ000933090,2014-12-23,TMIN,79
NZ000933090,2005-05-16,TMIN,102
NZ000933090,2010-12-24,TMAX,214
NZ000933090,2011-01-17,TMAX,254
NZ000933090,2015-09-05,TMAX,136
NZ000933090,2005-05-16,TMAX,152
NZ000933090,2012-06-02,TMIN,37
NZ000933090,2006-04-05,TMAX,201
NZ000933090,2005-02-07,TMAX,239
NZ000933090,2015-11-02,TMAX,155
NZ000933090,2015-09-05,TMIN,47
NZ000933090,2015-11-02,TMIN,106
NZ000933090,2012-06-02,TMAX,137
NZ000933090,2011-01-26,TMAX,219
NZ000933090,2014-12-23,TMAX,217
NZ000933090,2014-12-14,TMAX,204
NZ000933090,2007-05-06,TMIN,86
NZ000933090,2012-03-24,TMIN,158
NZ000933090,2008-08-05,TMIN,61
NZ000933090,2008-08-05,TMAX,131
NZ000933090,2011-08-16,TMAX,92
NZ000933090,2007-05-12,TMAX,168
NZ000933090,2007-10-16,TMAX,157
NZ000933090,2011-08-16,TMIN,-23
NZ000933090,2009-02-08,TMIN,159
NZ000933090,2009-02-08,TMAX,241
NZ000933090,2012-06-01,TMIN,39
NZ000933090,2015-11-09,TMIN,90
NZ000933090,2006-05-06,TMAX,179
NZ000933090,2008-05-06,TMAX,141
NZ000933090,2015-01-03,TMAX,230
NZ000933090,2007-02-25,TMAX,223
NZ000933090,2015-01-03,TMIN,132
NZ000933090,2008-07-08,TMAX,119
NZ000933090,2014-03-31,TMAX,207
NZ000933090,2012-06-01,TMAX,158
NZ000933090,2006-04-18,TMAX,193
NZ000933090,2015-03-23,TMAX,201
NZ000933090,2014-01-20,TMIN,122
NZ000933090,2008-10-19,TMAX,174
NZ000933090,2006-07-01,TMAX,132
NZ000933090,2007-05-06,TMAX,188
NZ000933090,2014-08-21,TMAX,137
NZ000933090,2009-03-14,TMAX,220
NZ000933090,2009-03-14,TMIN,103
NZ000933090,2005-12-12,TMAX,249
NZ000933090,2005-12-12,TMIN,159
NZ000933090,2013-03-08,TMAX,217
NZ000933090,2013-03-08,TMIN,101
NZ000933090,2011-05-30,TMAX,151
NZ000933090,2011-05-30,TMIN,83
NZ000933090,2008-10-29,TMAX,170
NZ000933090,2007-10-16,TMIN,104
NZ000933090,2014-01-20,TMAX,179
NZ000933090,2012-03-24,TMAX,196
NZ000933090,2008-03-10,TMAX,229
NZ000933090,2013-09-22,TMAX,171
NZ000933090,2008-11-21,TMIN,54
NZ000933090,2015-10-21,TMAX,163
NZ000933090,2006-01-03,TMAX,201
NZ000933090,2005-11-28,TMIN,111
NZ000933090,2006-01-03,TMIN,153
NZ000933090,2005-11-28,TMAX,179
NZ000933090,2015-10-21,TMIN,109
NZ000933090,2010-04-30,TMAX,202
NZ000933090,2006-09-06,TMAX,151
NZ000933090,2012-11-15,TMAX,173
NZ000933090,2008-11-22,TMAX,207
NZ000933090,2010-10-02,TMAX,163
NZ000933090,2011-11-20,TMAX,176
NZ000933090,2008-11-22,TMIN,101
NZ000933090,2012-11-15,TMIN,118
NZ000933090,2010-10-02,TMIN,54
NZ000933090,2010-06-12,TMAX,166
NZ000933090,2015-10-01,TMAX,155
NZ000933090,2015-02-23,TMIN,119
NZ000933090,2005-02-17,TMIN,116
NZ000933090,2015-02-23,TMAX,235
NZ000933090,2005-02-17,TMAX,225
NZ000933090,2013-03-01,TMIN,88
NZ000933090,2008-11-21,TMAX,176
NZ000933090,2015-10-01,TMIN,63
NZ000933090,2010-06-03,TMIN,78
NZ000933090,2014-06-03,TMAX,151
NZ000933090,2014-06-03,TMIN,91
NZ000933090,2008-01-26,TMAX,277
NZ000933090,2009-04-12,TMAX,203
NZ000933090,2008-02-14,TMIN,159
NZ000933090,2008-02-14,TMAX,244
NZ000933090,2013-03-01,TMAX,226
NZ000933090,2011-11-20,TMIN,112
NZ000933090,2008-09-25,TMAX,160
NZ000933090,2012-06-26,TMAX,138
NZ000933090,2013-01-21,TMIN,101
NZ000933090,2006-06-12,TMAX,162
NZ000933090,2014-11-27,TMAX,185
NZ000933090,2007-06-13,TMAX,152
NZ000933090,2007-06-13,TMIN,74
NZ000933090,2014-08-30,TMAX,162
NZ000933090,2006-09-21,TMAX,148
NZ000933090,2006-09-21,TMIN,112
NZ000933090,2014-05-20,TMAX,175
NZ000933090,2014-10-07,TMAX,153
NZ000933090,2014-10-07,TMIN,77
NZ000933090,2014-05-20,TMIN,87
NZ000933090,2015-09-29,TMIN,31
NZ000933090,2006-04-03,TMAX,211
NZ000933090,2014-08-30,TMIN,30
NZ000933090,2010-07-02,TMAX,156
NZ000933090,2013-01-21,TMAX,220
NZ000933090,2015-09-26,TMAX,163
NZ000933090,2010-02-08,TMAX,259
NZ000933090,2012-02-07,TMAX,235
NZ000933090,2012-06-26,TMIN,61
NZ000933090,2012-02-07,TMIN,131
NZ000933090,2005-12-27,TMAX,205
NZ000933090,2011-03-18,TMAX,212
NZ000933090,2006-10-25,TMIN,84
NZ000933090,2006-10-25,TMAX,159
NZ000933090,2008-10-24,TMAX,202
NZ000933090,2005-12-27,TMIN,113
NZ000933090,2007-04-08,TMAX,197
NZ000933090,2007-12-16,TMAX,223
NZ000933090,2013-05-09,TMAX,170
NZ000933090,2014-06-13,TMAX,161
NZ000933090,2013-05-09,TMIN,86
NZ000933090,2006-06-07,TMIN,31
NZ000933090,2010-06-03,TMAX,165
NZ000933090,2009-11-09,TMAX,189
NZ000933090,2006-06-07,TMAX,142
NZ000933090,2006-03-09,TMAX,183
NZ000933090,2010-06-06,TMAX,174
NZ000933090,2010-06-06,TMIN,114
NZ000933090,2015-05-10,TMAX,181
NZ000933090,2012-04-04,TMAX,225
NZ000933090,2010-02-26,TMAX,237
NZ000933090,2007-03-31,TMAX,210
NZ000933090,2006-05-18,TMIN,42
NZ000933090,2007-04-29,TMAX,179
NZ000933090,2010-03-05,TMIN,98
NZ000933090,2010-03-05,TMAX,215
NZ000933090,2007-04-29,TMIN,109
NZ000933090,2009-07-04,TMAX,130
NZ000933090,2009-07-04,TMIN,57
NZ000933090,2005-05-21,TMAX,169
NZ000933090,2006-05-18,TMAX,158
NZ000933090,2012-10-18,TMAX,155
NZ000933090,2005-05-21,TMIN,104
NZ000933090,2006-12-28,TMAX,183
NZ000933090,2009-03-01,TMAX,228
NZ000933090,2010-05-12,TMAX,209
NZ000933090,2009-09-21,TMAX,155
NZ000933090,2012-09-05,TMAX,153
NZ000933090,2013-07-20,TMAX,130
NZ000933090,2009-09-21,TMIN,32
NZ000933090,2013-07-20,TMIN,88
NZ000933090,2010-05-12,TMIN,127
NZ000933090,2009-11-07,TMIN,47
NZ000933090,2009-11-07,TMAX,168
NZ000933090,2006-11-07,TMAX,180
NZ000933090,2007-08-30,TMAX,147
NZ000933090,2005-06-26,TMIN,-5
NZ000933090,2005-06-26,TMAX,98
NZ000933090,2006-02-25,TMAX,198
NZ000933090,2010-07-30,TMAX,141
NZ000933090,2006-02-25,TMIN,136
NZ000933090,2008-05-27,TMAX,144
NZ000933090,2005-05-29,TMIN,79
NZ000933090,2009-10-30,TMAX,167
NZ000933090,2006-03-19,TMAX,219
NZ000933090,2005-05-29,TMAX,160
NZ000933090,2011-10-21,TMIN,114
NZ000933090,2009-07-14,TMAX,138
NZ000933090,2012-01-09,TMIN,153
NZ000933090,2010-03-13,TMAX,197
NZ000933090,2014-07-15,TMAX,117
NZ000933090,2008-06-16,TMAX,177
NZ000933090,2008-06-16,TMIN,115
NZ000933090,2009-07-14,TMIN,-18
NZ000933090,2015-11-10,TMAX,178
NZ000933090,2006-01-01,TMAX,202
NZ000933090,2010-03-13,TMIN,71
NZ000933090,2012-01-09,TMAX,251
NZ000933090,2006-09-09,TMAX,114
NZ000933090,2008-09-28,TMAX,162
NZ000933090,2013-09-10,TMAX,152
NZ000933090,2015-08-27,TMAX,145
NZ000933090,2009-12-12,TMAX,206
NZ000933090,2008-10-26,TMAX,135
NZ000933090,2011-10-21,TMAX,171
NZ000933090,2006-02-20,TMAX,226
NZ000933090,2006-02-20,TMIN,110
NZ000933090,2015-06-19,TMIN,123
NZ000933090,2015-06-19,TMAX,159
NZ000933090,2011-11-10,TMAX,167
NZ000933090,2014-09-23,TMIN,18
NZ000933090,2014-09-23,TMAX,150
NZ000933090,2006-09-09,TMIN,64
NZ000933090,2010-07-18,TMAX,144
NZ000933090,2009-10-30,TMIN,26
NZ000933090,2007-02-13,TMAX,229
NZ000933090,2008-07-12,TMAX,152
NZ000933090,2007-07-20,TMAX,143
NZ000933090,2006-04-03,TMIN,169
NZ000933090,2011-11-13,TMAX,175
NZ000933090,2009-01-08,TMIN,119
NZ000933090,2011-12-02,TMIN,99
NZ000933090,2011-12-02,TMAX,226
NZ000933090,2014-08-04,TMIN,49
NZ000933090,2009-01-08,TMAX,224
NZ000933090,2011-11-13,TMIN,68
NZ000933090,2009-05-19,TMIN,60
NZ000933090,2009-05-24,TMIN,76
NZ000933090,2011-02-03,TMAX,199
NZ000933090,2009-05-24,TMAX,132
NZ000933090,2015-12-31,TMAX,278
NZ000933090,2013-03-10,TMIN,98
NZ000933090,2011-02-03,TMIN,181
NZ000933090,2009-05-19,TMAX,158
NZ000933090,2010-04-18,TMAX,193
NZ000933090,2009-04-09,TMAX,138
NZ000933090,2008-01-18,TMIN,142
NZ000933090,2012-07-23,TMIN,102
NZ000933090,2009-05-07,TMIN,57
NZ000933090,2011-01-28,TMAX,236
NZ000933090,2005-09-21,TMIN,80
NZ000933090,2011-01-28,TMIN,136
NZ000933090,2005-09-21,TMAX,137
NZ000933090,2008-01-18,TMAX,260
NZ000933090,2010-02-15,TMAX,211
NZ000933090,2014-11-11,TMAX,168
NZ000933090,2009-06-04,TMAX,129
NZ000933090,2009-06-04,TMIN,23
NZ000933090,2011-07-01,TMAX,125
NZ000933090,2011-07-01,TMIN,26
NZ000933090,2010-02-15,TMIN,156
NZ000933090,2009-05-07,TMAX,156
NZ000933090,2010-04-18,TMIN,70
NZ000933090,2013-09-13,TMIN,52
NZ000933090,2013-03-10,TMAX,227
NZ000933090,2013-05-30,TMAX,144
NZ000933090,2007-03-01,TMIN,163
NZ000933090,2009-07-28,TMAX,122
NZ000933090,2007-03-01,TMAX,216
NZ000933090,2007-05-02,TMAX,190
NZ000933090,2005-06-01,TMAX,145
NZ000933090,2014-12-07,TMAX,194
NZ000933090,2014-06-05,TMAX,156
NZ000933090,2005-02-08,TMIN,151
NZ000933090,2005-06-01,TMIN,75
NZ000933090,2005-02-08,TMAX,234
NZ000933090,2009-07-31,TMIN,54
NZ000933090,2009-07-31,TMAX,156
NZ000933090,2012-01-20,TMAX,210
NZ000933090,2014-06-05,TMIN,54
NZ000933090,2014-12-07,TMIN,135
NZ000933090,2015-10-03,TMIN,84
NZ000933090,2015-10-03,TMAX,170
NZ000933090,2009-12-11,TMAX,192
NZ000933090,2009-12-11,TMIN,169
NZ000933090,2013-09-13,TMAX,149
NZ000933090,2014-01-11,TMIN,147
NZ000933090,2011-11-23,TMAX,179
NZ000933090,2009-04-01,TMAX,196
NZ000933090,2010-01-20,TMAX,241
NZ000933090,2010-07-06,TMIN,103
NZ000933090,2014-01-11,TMAX,199
NZ000933090,2010-01-20,TMIN,168
NZ000933090,2005-04-21,TMIN,41
NZ000933090,2013-05-30,TMIN,14
NZ000933090,2009-07-28,TMIN,22
NZ000933090,2005-04-21,TMAX,172
NZ000933090,2010-07-06,TMAX,146
NZ000933090,2014-03-17,TMAX,218
NZ000933090,2010-11-11,TMAX,187
NZ000933090,2007-02-10,TMAX,240
NZ000933090,2014-03-17,TMIN,166
NZ000933090,2015-09-12,TMIN,49
NZ000933090,2012-07-16,TMAX,148
NZ000933090,2007-03-06,TMAX,221
NZ000933090,2007-01-18,TMIN,104
NZ000933090,2007-08-04,TMAX,146
NZ000933090,2007-01-18,TMAX,201
NZ000933090,2010-07-23,TMIN,90
NZ000933090,2007-08-04,TMIN,60
NZ000933090,2005-04-26,TMIN,93
NZ000933090,2005-04-26,TMAX,160
NZ000933090,2006-02-03,TMAX,245
NZ000933090,2007-07-18,TMAX,132
NZ000933090,2007-06-21,TMIN,85
NZ000933090,2007-06-21,TMAX,164
NZ000933090,2005-09-14,TMIN,121
NZ000933090,2009-08-17,TMAX,151
NZ000933090,2010-07-23,TMAX,156
NZ000933090,2014-09-24,TMAX,174
NZ000933090,2014-01-09,TMAX,202
NZ000933090,2011-09-04,TMIN,45
NZ000933090,2005-01-31,TMAX,292
NZ000933090,2005-01-31,TMIN,185
NZ000933090,2010-08-26,TMIN,102
NZ000933090,2011-09-04,TMAX,145
NZ000933090,2015-09-29,TMAX,152
NZ000933090,2010-08-26,TMAX,163
NZ000933090,2006-04-10,TMAX,191
NZ000933090,2006-04-10,TMIN,130
NZ000933090,2012-10-28,TMIN,129
NZ000933090,2013-06-19,TMAX,161
NZ000933090,2006-07-23,TMAX,134
NZ000933090,2006-07-23,TMIN,29
NZ000933090,2005-09-14,TMAX,172
NZ000933090,2013-11-21,TMAX,210
NZ000933090,2015-07-29,TMAX,126
NZ000933090,2010-06-18,TMIN,57
NZ000933090,2010-06-18,TMAX,148
NZ000933090,2014-09-03,TMAX,165
NZ000933090,2008-02-06,TMIN,106
NZ000933090,2008-02-06,TMAX,228
NZ000933090,2014-05-13,TMAX,172
NZ000933090,2014-05-13,TMIN,59
NZ000933090,2013-06-05,TMAX,122
NZ000933090,2015-12-20,TMAX,191
NZ000933090,2015-12-20,TMIN,100
NZ000933090,2013-11-02,TMAX,157
NZ000933090,2006-03-21,TMAX,220
NZ000933090,2012-12-03,TMAX,181
NZ000933090,2011-10-31,TMIN,131
NZ000933090,2011-10-31,TMAX,202
NZ000933090,2010-11-11,TMIN,105
NZ000933090,2014-07-01,TMAX,151
NZ000933090,2014-06-12,TMAX,142
NZ000933090,2010-12-23,TMIN,121
NZ000933090,2011-04-11,TMAX,189
NZ000933090,2009-06-08,TMAX,121
NZ000933090,2006-11-26,TMAX,171
NZ000933090,2009-06-08,TMIN,20
NZ000933090,2007-04-05,TMAX,197
NZ000933090,2005-12-15,TMAX,213
NZ000933090,2005-12-15,TMIN,168
NZ000933090,2014-03-27,TMAX,200
NZ000933090,2014-03-27,TMIN,73
NZ000933090,2013-09-01,TMIN,55
NZ000933090,2013-09-01,TMAX,153
NZ000933090,2015-12-31,TMIN,149
NZ000933090,2015-08-10,TMIN,39
NZ000933090,2014-09-03,TMIN,82
NZ000933090,2015-08-10,TMAX,101
NZ000933090,2010-12-23,TMAX,213
NZ000933090,2006-04-24,TMAX,224
NZ000933090,2013-08-06,TMIN,118
NZ000933090,2009-04-29,TMAX,204
NZ000933090,2009-04-29,TMIN,153
NZ000933090,2007-07-21,TMAX,130
NZ000933090,2012-12-29,TMIN,173
NZ000933090,2013-11-22,TMAX,222
NZ000933090,2014-07-12,TMAX,137
NZ000933090,2006-03-06,TMAX,192
NZ000933090,2006-07-24,TMIN,44
NZ000933090,2013-11-22,TMIN,108
NZ000933090,2007-12-21,TMIN,133
NZ000933090,2006-03-06,TMIN,146
NZ000933090,2007-12-21,TMAX,239
NZ000933090,2009-02-15,TMIN,108
NZ000933090,2005-08-17,TMIN,64
NZ000933090,2008-12-31,TMIN,146
NZ000933090,2009-09-10,TMAX,154
NZ000933090,2006-07-24,TMAX,141
NZ000933090,2013-01-27,TMIN,122
NZ000933090,2015-01-15,TMIN,112
NZ000933090,2008-12-31,TMAX,224
NZ000933090,2007-12-30,TMAX,205
NZ000933090,2010-02-20,TMAX,218
NZ000933090,2007-12-30,TMIN,64
NZ000933090,2008-10-03,TMIN,94
NZ000933090,2008-10-03,TMAX,171
NZ000933090,2015-09-20,TMIN,71
NZ000933090,2009-02-15,TMAX,217
NZ000933090,2012-05-13,TMIN,136
NZ000933090,2008-11-05,TMAX,156
NZ000933090,2007-07-21,TMIN,74
NZ000933090,2012-03-11,TMAX,210
NZ000933090,2015-01-15,TMAX,226
NZ000933090,2014-06-07,TMAX,160
NZ000933090,2014-06-07,TMIN,98
NZ000933090,2012-05-13,TMAX,188
NZ000933090,2012-12-29,TMAX,234
NZ000933090,2013-01-27,TMAX,228
NZ000933090,2005-08-17,TMAX,146
NZ000933090,2015-07-31,TMIN,58
NZ000933090,2015-05-16,TMAX,169
NZ000933090,2011-08-07,TMAX,138
NZ000933090,2014-07-21,TMAX,112
NZ000933090,2014-01-31,TMAX,245
NZ000933090,2014-06-23,TMAX,140
NZ000933090,2015-10-22,TMIN,129
NZ000933090,2015-07-31,TMAX,125
NZ000933090,2006-07-29,TMIN,10
NZ000933090,2009-06-11,TMAX,162
NZ000933090,2009-09-04,TMAX,132
NZ000933090,2006-07-29,TMAX,120
NZ000933090,2012-08-24,TMIN,43
NZ000933090,2005-09-01,TMAX,147
NZ000933090,2014-06-23,TMIN,59
NZ000933090,2006-03-27,TMIN,157
NZ000933090,2006-03-27,TMAX,235
NZ000933090,2011-11-16,TMAX,188
NZ000933090,2009-10-20,TMAX,163
NZ000933090,2009-09-10,TMIN,66
NZ000933090,2011-02-01,TMAX,203
NZ000933090,2011-05-27,TMAX,164
NZ000933090,2011-02-01,TMIN,87
NZ000933090,2007-02-19,TMAX,217
NZ000933090,2010-09-26,TMAX,171
NZ000933090,2007-02-15,TMAX,216
NZ000933090,2011-05-24,TMAX,169
NZ000933090,2011-05-24,TMIN,78
NZ000933090,2015-09-30,TMIN,50
NZ000933090,2010-09-26,TMIN,104
NZ000933090,2006-06-04,TMAX,156
NZ000933090,2015-09-30,TMAX,158
NZ000933090,2009-10-13,TMAX,156
NZ000933090,2012-01-25,TMAX,212
NZ000933090,2005-02-21,TMIN,152
NZ000933090,2012-01-25,TMIN,74
NZ000933090,2010-02-20,TMIN,90
NZ000933090,2008-03-29,TMIN,183
NZ000933090,2008-03-29,TMAX,227
NZ000933090,2010-07-11,TMAX,114
NZ000933090,2012-05-20,TMAX,156
NZ000933090,2012-05-20,TMIN,16
NZ000933090,2012-03-19,TMAX,185
NZ000933090,2008-01-03,TMAX,222
NZ000933090,2010-07-11,TMIN,5
NZ000933090,2009-02-27,TMIN,132
NZ000933090,2014-10-28,TMAX,168
NZ000933090,2009-12-14,TMAX,196
NZ000933090,2009-02-27,TMAX,220
NZ000933090,2013-01-04,TMIN,73
NZ000933090,2006-05-20,TMAX,154
NZ000933090,2014-10-28,TMIN,76
NZ000933090,2010-02-10,TMAX,242
NZ000933090,2007-09-28,TMAX,146
NZ000933090,2009-02-09,TMAX,246
NZ000933090,2005-09-08,TMIN,73
NZ000933090,2008-05-19,TMIN,54
NZ000933090,2011-12-14,TMAX,197
NZ000933090,2011-06-21,TMIN,91
NZ000933090,2005-01-24,TMAX,217
NZ000933090,2011-03-30,TMAX,230
NZ000933090,2011-06-21,TMAX,160
NZ000933090,2010-12-18,TMIN,187
NZ000933090,2005-09-17,TMIN,110
NZ000933090,2005-01-24,TMIN,170
NZ000933090,2011-04-06,TMAX,192
NZ000933090,2005-09-17,TMAX,157
NZ000933090,2011-04-06,TMIN,68
NZ000933090,2008-07-26,TMIN,54
NZ000933090,2010-12-18,TMAX,246
NZ000933090,2011-05-20,TMAX,178
NZ000933090,2012-08-24,TMAX,140
NZ000933090,2006-05-20,TMIN,62
NZ000933090,2006-09-28,TMAX,163
NZ000933090,2009-05-22,TMIN,-8
NZ000933090,2005-02-21,TMAX,258
NZ000933090,2008-06-26,TMIN,77
NZ000933090,2009-05-22,TMAX,103
NZ000933090,2012-04-30,TMAX,171
NZ000933090,2008-09-23,TMAX,168
NZ000933090,2010-02-09,TMIN,129
NZ000933090,2008-09-23,TMIN,71
NZ000933090,2007-09-04,TMIN,83
NZ000933090,2007-09-04,TMAX,158
NZ000933090,2013-05-10,TMAX,146
NZ000933090,2011-06-17,TMIN,42
NZ000933090,2011-03-26,TMAX,204
NZ000933090,2011-03-26,TMIN,159
NZ000933090,2007-09-24,TMAX,165
NZ000933090,2010-02-09,TMAX,235
NZ000933090,2009-05-12,TMAX,143
NZ000933090,2007-04-21,TMIN,62
NZ000933090,2015-12-10,TMAX,180
NZ000933090,2012-07-05,TMIN,25
NZ000933090,2012-07-05,TMAX,143
NZ000933090,2006-09-28,TMIN,107
NZ000933090,2014-02-19,TMAX,256
NZ000933090,2015-12-10,TMIN,106
NZ000933090,2010-08-15,TMAX,154
NZ000933090,2006-08-08,TMAX,103
NZ000933090,2015-09-20,TMAX,123
NZ000933090,2012-07-12,TMIN,86
NZ000933090,2009-06-12,TMAX,149
NZ000933090,2013-02-24,TMAX,267
NZ000933090,2015-03-05,TMAX,236
NZ000933090,2015-03-05,TMIN,130
NZ000933090,2007-04-21,TMAX,174
NZ000933090,2013-01-04,TMAX,212
NZ000933090,2010-01-22,TMAX,210
NZ000933090,2006-10-26,TMAX,162
NZ000933090,2014-05-10,TMAX,174
NZ000933090,2006-04-17,TMIN,132
NZ000933090,2009-06-09,TMIN,77
NZ000933090,2009-06-09,TMAX,125
NZ000933090,2014-03-20,TMIN,86
NZ000933090,2014-03-03,TMAX,196
NZ000933090,2013-12-23,TMIN,51
NZ000933090,2006-04-17,TMAX,186
NZ000933090,2013-12-23,TMAX,192
NZ000933090,2006-06-16,TMAX,148
NZ000933090,2010-05-29,TMIN,101
NZ000933090,2015-01-21,TMIN,80
NZ000933090,2008-03-04,TMAX,250
NZ000933090,2015-01-21,TMAX,244
NZ000933090,2014-03-20,TMAX,213
NZ000933090,2009-03-22,TMIN,93
NZ000933090,2010-05-29,TMAX,149
NZ000933090,2008-08-28,TMAX,163
NZ000933090,2005-08-24,TMIN,72
NZ000933090,2006-11-27,TMAX,150
NZ000933090,2011-02-18,TMIN,121
NZ000933090,2006-08-13,TMAX,120
NZ000933090,2006-10-08,TMAX,154
NZ000933090,2009-06-26,TMIN,96
NZ000933090,2012-11-24,TMAX,176
NZ000933090,2005-08-24,TMAX,155
NZ000933090,2009-06-26,TMAX,159
NZ000933090,2015-10-11,TMIN,41
NZ000933090,2015-10-11,TMAX,169
NZ000933090,2007-08-10,TMIN,119
NZ000933090,2006-10-08,TMIN,112
NZ000933090,2007-08-10,TMAX,158
NZ000933090,2006-01-19,TMAX,199
NZ000933090,2007-07-30,TMIN,104
NZ000933090,2015-02-22,TMAX,219
NZ000933090,2014-12-03,TMAX,174
NZ000933090,2014-12-03,TMIN,44
NZ000933090,2012-09-16,TMAX,154
NZ000933090,2011-01-07,TMAX,226
NZ000933090,2014-09-30,TMIN,57
NZ000933090,2007-01-28,TMIN,132
NZ000933090,2014-09-30,TMAX,168
NZ000933090,2011-07-05,TMIN,31
NZ000933090,2005-11-27,TMIN,105
NZ000933090,2009-12-03,TMAX,167
NZ000933090,2009-03-22,TMAX,188
NZ000933090,2008-06-10,TMAX,155
NZ000933090,2015-12-18,TMAX,187
NZ000933090,2012-01-31,TMAX,219
NZ000933090,2006-07-13,TMAX,139
NZ000933090,2012-01-31,TMIN,123
NZ000933090,2011-07-05,TMAX,143
NZ000933090,2005-11-27,TMAX,170
NZ000933090,2007-01-28,TMAX,221
NZ000933090,2013-08-15,TMAX,148
NZ000933090,2008-03-04,TMIN,119
NZ000933090,2012-08-17,TMIN,56
NZ000933090,2006-11-11,TMIN,111
NZ000933090,2012-06-17,TMAX,110
NZ000933090,2013-03-28,TMAX,214
NZ000933090,2006-11-11,TMAX,165
NZ000933090,2012-06-17,TMIN,10
NZ000933090,2005-01-22,TMAX,219
NZ000933090,2012-08-17,TMAX,143
NZ000933090,2011-12-29,TMAX,198
NZ000933090,2005-01-22,TMIN,117
NZ000933090,2011-12-29,TMIN,165
NZ000933090,2010-06-07,TMAX,173
NZ000933090,2010-02-25,TMAX,222
NZ000933090,2013-08-15,TMIN,93
NZ000933090,2008-07-27,TMAX,115
NZ000933090,2009-06-23,TMAX,123
NZ000933090,2007-07-30,TMAX,154
NZ000933090,2010-09-08,TMAX,187
NZ000933090,2011-02-06,TMAX,228
NZ000933090,2011-02-06,TMIN,193
NZ000933090,2005-01-09,TMAX,196
NZ000933090,2007-03-04,TMAX,234
NZ000933090,2005-01-09,TMIN,136
NZ000933090,2007-03-04,TMIN,131
NZ000933090,2009-02-13,TMAX,231
NZ000933090,2007-11-27,TMIN,46
NZ000933090,2007-11-27,TMAX,222
NZ000933090,2006-12-13,TMAX,180
NZ000933090,2012-08-08,TMAX,121
NZ000933090,2012-06-04,TMIN,69
NZ000933090,2012-06-04,TMAX,157
NZ000933090,2010-09-25,TMIN,112
NZ000933090,2010-08-13,TMIN,114
NZ000933090,2011-11-15,TMIN,64
NZ000933090,2009-07-29,TMIN,88
NZ000933090,2005-11-09,TMAX,181
NZ000933090,2005-10-20,TMIN,120
NZ000933090,2005-09-01,TMIN,36
NZ000933090,2005-10-20,TMAX,170
NZ000933090,2014-06-04,TMAX,162
NZ000933090,2013-05-27,TMAX,167
NZ000933090,2006-10-26,TMIN,110
NZ000933090,2012-12-05,TMIN,140
NZ000933090,2012-12-05,TMAX,177
NZ000933090,2006-01-06,TMAX,185
NZ000933090,2007-08-01,TMAX,143
NZ000933090,2010-01-25,TMIN,160
NZ000933090,2010-01-25,TMAX,221
NZ000933090,2010-09-01,TMAX,160
NZ000933090,2011-11-15,TMAX,171
NZ000933090,2005-11-09,TMIN,127
NZ000933090,2007-07-24,TMAX,148
NZ000933090,2014-05-10,TMIN,49
NZ000933090,2010-09-25,TMAX,161
NZ000933090,2007-05-07,TMAX,196
NZ000933090,2006-05-01,TMAX,191
NZ000933090,2011-10-22,TMAX,163
NZ000933090,2010-02-06,TMIN,122
NZ000933090,2005-11-01,TMAX,181
NZ000933090,2011-01-14,TMAX,236
NZ000933090,2006-09-17,TMAX,137
NZ000933090,2010-02-06,TMAX,244
NZ000933090,2012-01-29,TMAX,209
NZ000933090,2011-04-29,TMAX,177
NZ000933090,2015-06-01,TMIN,93
NZ000933090,2015-06-01,TMAX,165
NZ000933090,2014-04-25,TMAX,204
NZ000933090,2008-10-05,TMAX,153
NZ000933090,2010-09-08,TMIN,59
NZ000933090,2009-06-23,TMIN,42
NZ000933090,2011-10-24,TMIN,83
NZ000933090,2005-11-01,TMIN,122
NZ000933090,2006-11-02,TMAX,159
NZ000933090,2009-07-29,TMAX,151
NZ000933090,2005-08-12,TMAX,154
NZ000933090,2005-08-12,TMIN,72
NZ000933090,2011-07-16,TMAX,130
NZ000933090,2011-07-16,TMIN,-3
NZ000933090,2015-12-16,TMAX,186
NZ000933090,2010-01-31,TMAX,199
NZ000933090,2006-11-02,TMIN,55
NZ000933090,2007-03-30,TMAX,217
NZ000933090,2010-01-31,TMIN,167
NZ000933090,2009-11-10,TMIN,73
NZ000933090,2009-11-10,TMAX,172
NZ000933090,2011-02-18,TMAX,232
NZ000933090,2011-10-24,TMAX,156
NZ000933090,2010-08-13,TMAX,151
NZ000933090,2007-07-24,TMIN,91
NZ000933090,2012-11-06,TMIN,61
NZ000933090,2008-10-17,TMAX,164
NZ000933090,2008-05-19,TMAX,159
NZ000933090,2010-07-07,TMAX,136
NZ000933090,2006-03-14,TMAX,188
NZ000933090,2005-06-04,TMAX,154
NZ000933090,2007-07-31,TMIN,110
NZ000933090,2006-06-19,TMIN,55
NZ000933090,2006-06-19,TMAX,104
NZ000933090,2015-07-13,TMIN,7
NZ000933090,2015-07-12,TMAX,113
NZ000933090,2013-05-04,TMIN,133
NZ000933090,2012-05-11,TMAX,159
NZ000933090,2013-05-04,TMAX,197
NZ000933090,2007-07-31,TMAX,153
NZ000933090,2015-07-13,TMAX,124
NZ000933090,2008-04-01,TMAX,220
NZ000933090,2014-08-17,TMAX,141
NZ000933090,2010-09-22,TMAX,132
NZ000933090,2006-03-14,TMIN,62
NZ000933090,2005-03-30,TMAX,203
NZ000933090,2014-04-11,TMIN,140
NZ000933090,2009-12-09,TMAX,205
NZ000933090,2010-05-28,TMAX,140
NZ000933090,2009-12-09,TMIN,100
NZ000933090,2010-05-28,TMIN,82
NZ000933090,2015-09-28,TMIN,30
NZ000933090,2009-07-15,TMAX,147
NZ000933090,2015-09-28,TMAX,143
NZ000933090,2014-08-06,TMAX,135
NZ000933090,2015-08-13,TMAX,131
NZ000933090,2015-07-12,TMIN,-1
NZ000933090,2009-08-09,TMIN,29
NZ000933090,2009-08-09,TMAX,133
NZ000933090,2005-03-30,TMIN,130
NZ000933090,2014-03-15,TMAX,229
NZ000933090,2005-06-04,TMIN,68
NZ000933090,2005-05-08,TMIN,48
NZ000933090,2005-05-08,TMAX,154
NZ000933090,2011-07-31,TMAX,139
NZ000933090,2011-07-31,TMIN,33
NZ000933090,2014-09-21,TMIN,15
NZ000933090,2006-12-10,TMAX,170
NZ000933090,2015-04-16,TMIN,49
NZ000933090,2015-04-16,TMAX,169
NZ000933090,2013-01-26,TMIN,112
NZ000933090,2013-09-16,TMIN,38
NZ000933090,2006-12-10,TMIN,76
NZ000933090,2015-01-24,TMIN,119
NZ000933090,2010-06-16,TMIN,8
NZ000933090,2010-06-16,TMAX,141
NZ000933090,2015-01-24,TMAX,240
NZ000933090,2013-09-16,TMAX,142
NZ000933090,2010-09-30,TMAX,155
NZ000933090,2005-11-24,TMAX,174
NZ000933090,2005-11-24,TMIN,78
NZ000933090,2005-11-19,TMIN,134
NZ000933090,2014-09-21,TMAX,144
NZ000933090,2008-01-20,TMIN,123
NZ000933090,2010-09-22,TMIN,55
NZ000933090,2013-04-09,TMAX,191
NZ000933090,2013-04-09,TMIN,58
NZ000933090,2012-08-19,TMIN,90
NZ000933090,2013-01-26,TMAX,218
NZ000933090,2013-05-22,TMIN,108
NZ000933090,2013-08-14,TMAX,138
NZ000933090,2013-08-14,TMIN,94
NZ000933090,2007-07-12,TMAX,103
NZ000933090,2008-01-20,TMAX,302
NZ000933090,2013-05-22,TMAX,167
NZ000933090,2014-02-12,TMAX,211
NZ000933090,2005-11-19,TMAX,188
NZ000933090,2014-04-11,TMAX,210
NZ000933090,2013-10-30,TMIN,54
NZ000933090,2013-10-30,TMAX,160
NZ000933090,2009-02-03,TMIN,134
NZ000933090,2012-01-23,TMIN,58
NZ000933090,2013-01-13,TMIN,170
NZ000933090,2013-11-03,TMAX,167
NZ000933090,2014-07-28,TMAX,129
NZ000933090,2013-11-03,TMIN,59
NZ000933090,2014-07-28,TMIN,9
NZ000933090,2012-01-23,TMAX,187
NZ000933090,2013-01-13,TMAX,238
NZ000933090,2006-07-06,TMIN,57
NZ000933090,2012-01-10,TMAX,208
NZ000933090,2005-11-11,TMAX,186
NZ000933090,2005-11-11,TMIN,107
NZ000933090,2006-09-08,TMIN,72
NZ000933090,2009-08-20,TMIN,77
NZ000933090,2009-08-20,TMAX,173
NZ000933090,2014-05-28,TMIN,22
NZ000933090,2015-11-04,TMAX,146
NZ000933090,2013-04-20,TMAX,181
NZ000933090,2005-11-06,TMIN,128
NZ000933090,2013-02-11,TMIN,100
NZ000933090,2013-02-11,TMAX,225
NZ000933090,2013-07-25,TMAX,144
NZ000933090,2014-08-12,TMAX,129
NZ000933090,2013-07-25,TMIN,82
NZ000933090,2015-01-12,TMIN,128
NZ000933090,2013-04-20,TMIN,136
NZ000933090,2009-10-15,TMIN,143
NZ000933090,2015-01-12,TMAX,234
NZ000933090,2015-07-03,TMAX,140
NZ000933090,2006-04-26,TMAX,181
NZ000933090,2005-10-27,TMIN,113
NZ000933090,2005-10-27,TMAX,179
NZ000933090,2013-11-01,TMAX,162
NZ000933090,2006-09-08,TMAX,148
NZ000933090,2014-04-06,TMIN,135
NZ000933090,2015-10-04,TMIN,98
NZ000933090,2006-09-22,TMAX,163
NZ000933090,2006-01-09,TMAX,217
NZ000933090,2007-12-25,TMAX,188
NZ000933090,2005-01-02,TMAX,186
NZ000933090,2014-02-24,TMIN,80
NZ000933090,2010-04-27,TMAX,205
NZ000933090,2010-09-14,TMAX,162
NZ000933090,2014-03-24,TMAX,214
NZ000933090,2011-12-31,TMAX,198
NZ000933090,2005-01-10,TMAX,198
NZ000933090,2006-11-16,TMIN,141
NZ000933090,2005-01-02,TMIN,112
NZ000933090,2006-11-16,TMAX,186
NZ000933090,2014-03-15,TMIN,164
NZ000933090,2009-02-03,TMAX,226
NZ000933090,2009-04-20,TMAX,191
NZ000933090,2014-02-24,TMAX,209
NZ000933090,2014-09-20,TMAX,132
NZ000933090,2013-11-27,TMIN,149
NZ000933090,2009-01-18,TMIN,138
NZ000933090,2015-10-24,TMAX,176
NZ000933090,2005-01-10,TMIN,117
NZ000933090,2010-06-17,TMAX,144
NZ000933090,2012-12-24,TMAX,299
NZ000933090,2013-07-31,TMIN,36
NZ000933090,2013-07-31,TMAX,145
NZ000933090,2014-11-19,TMAX,174
NZ000933090,2014-07-03,TMIN,-6
NZ000933090,2012-12-24,TMIN,177
NZ000933090,2014-07-03,TMAX,110
NZ000933090,2010-06-17,TMIN,58
NZ000933090,2005-05-02,TMIN,133
NZ000933090,2005-05-02,TMAX,180
NZ000933090,2013-11-27,TMAX,238
NZ000933090,2015-10-04,TMAX,161
NZ000933090,2005-09-08,TMAX,156
NZ000933090,2014-04-06,TMAX,238
NZ000933090,2015-08-23,TMIN,50
NZ000933090,2010-07-13,TMAX,135
NZ000933090,2010-07-13,TMIN,5
NZ000933090,2015-09-17,TMIN,114
NZ000933090,2011-12-13,TMAX,233
NZ000933090,2011-12-13,TMIN,156
NZ000933090,2009-11-03,TMAX,167
NZ000933090,2007-11-01,TMAX,155
NZ000933090,2007-10-14,TMAX,150
NZ000933090,2009-04-03,TMAX,188
NZ000933090,2013-01-03,TMAX,194
NZ000933090,2007-12-08,TMAX,240
NZ000933090,2015-08-11,TMAX,110
NZ000933090,2012-05-07,TMIN,43
NZ000933090,2012-05-07,TMAX,169
NZ000933090,2007-10-14,TMIN,85
NZ000933090,2011-07-23,TMIN,87
NZ000933090,2015-03-27,TMIN,140
NZ000933090,2015-09-17,TMAX,155
NZ000933090,2014-09-17,TMAX,148
NZ000933090,2015-05-07,TMAX,181
NZ000933090,2008-04-27,TMAX,189
NZ000933090,2013-12-21,TMIN,79
NZ000933090,2012-06-10,TMAX,149
NZ000933090,2013-12-21,TMAX,198
NZ000933090,2014-04-24,TMIN,71
NZ000933090,2012-06-10,TMIN,79
NZ000933090,2008-09-21,TMAX,148
NZ000933090,2015-03-27,TMAX,225
NZ000933090,2012-10-03,TMAX,156
NZ000933090,2012-06-03,TMAX,159
NZ000933090,2008-09-21,TMIN,42
NZ000933090,2014-04-24,TMAX,194
NZ000933090,2012-07-19,TMAX,147
NZ000933090,2007-12-08,TMIN,100
NZ000933090,2011-07-23,TMAX,136
NZ000933090,2005-02-03,TMAX,268
NZ000933090,2005-09-22,TMIN,72
NZ000933090,2011-06-04,TMAX,165
NZ000933090,2011-06-04,TMIN,121
NZ000933090,2011-02-05,TMAX,224
NZ000933090,2011-12-01,TMAX,189
NZ000933090,2012-08-26,TMAX,148
NZ000933090,2005-09-22,TMAX,151
NZ000933090,2007-09-18,TMAX,165
NZ000933090,2014-05-17,TMAX,181
NZ000933090,2012-08-26,TMIN,119
NZ000933090,2010-05-08,TMAX,175
NZ000933090,2008-10-17,TMIN,111
NZ000933090,2010-01-22,TMIN,158
NZ000933090,2010-05-08,TMIN,105
NZ000933090,2014-05-17,TMIN,23
NZ000933090,2011-02-05,TMIN,188
NZ000933090,2015-04-08,TMIN,183
NZ000933090,2015-01-29,TMAX,271
NZ000933090,2014-09-10,TMAX,153
NZ000933090,2014-12-24,TMIN,127
NZ000933090,2014-09-10,TMIN,64
NZ000933090,2008-02-19,TMAX,234
NZ000933090,2014-12-24,TMAX,222
NZ000933090,2006-03-24,TMAX,169
NZ000933090,2005-02-03,TMIN,205
NZ000933090,2013-01-07,TMAX,229
NZ000933090,2009-11-30,TMIN,124
NZ000933090,2015-04-28,TMAX,176
NZ000933090,2008-06-19,TMAX,136
NZ000933090,2013-10-07,TMIN,116
NZ000933090,2015-01-29,TMIN,149
NZ000933090,2013-10-07,TMAX,166
NZ000933090,2015-01-04,TMAX,222
NZ000933090,2011-01-18,TMAX,272
NZ000933090,2008-04-27,TMIN,148
NZ000933090,2011-08-17,TMIN,36
NZ000933090,2011-08-17,TMAX,97
NZ000933090,2005-01-08,TMIN,143
NZ000933090,2005-02-24,TMAX,230
NZ000933090,2009-10-23,TMAX,159
NZ000933090,2005-01-08,TMAX,192
NZ000933090,2007-07-01,TMAX,155
NZ000933090,2008-02-16,TMIN,127
NZ000933090,2007-04-28,TMAX,188
NZ000933090,2006-07-30,TMAX,135
NZ000933090,2015-06-29,TMAX,139
NZ000933090,2009-05-08,TMAX,159
NZ000933090,2009-03-09,TMAX,196
NZ000933090,2005-02-24,TMIN,129
NZ000933090,2006-07-30,TMIN,90
NZ000933090,2010-02-21,TMAX,218
NZ000933090,2008-02-16,TMAX,215
NZ000933090,2007-04-27,TMAX,187
NZ000933090,2007-04-27,TMIN,115
NZ000933090,2007-07-02,TMIN,114
NZ000933090,2015-08-23,TMAX,142
NZ000933090,2015-04-29,TMIN,100
NZ000933090,2009-03-10,TMIN,109
NZ000933090,2008-11-25,TMAX,200
NZ000933090,2010-11-03,TMIN,73
NZ000933090,2015-01-23,TMIN,113
NZ000933090,2010-11-03,TMAX,182
NZ000933090,2006-12-27,TMAX,181
NZ000933090,2015-01-23,TMAX,244
NZ000933090,2007-08-12,TMAX,146
NZ000933090,2015-04-29,TMAX,171
NZ000933090,2008-04-19,TMAX,174
NZ000933090,2006-02-27,TMAX,215
NZ000933090,2006-02-27,TMIN,135
NZ000933090,2007-07-02,TMAX,150
NZ000933090,2011-02-17,TMAX,228
NZ000933090,2009-03-10,TMAX,198
NZ000933090,2015-06-16,TMAX,133
NZ000933090,2015-06-16,TMIN,-1
NZ000933090,2008-05-08,TMAX,160
NZ000933090,2012-05-03,TMIN,27
NZ000933090,2012-05-03,TMAX,169
NZ000933090,2006-10-16,TMAX,152
NZ000933090,2006-12-19,TMAX,182
NZ000933090,2006-12-19,TMIN,117
NZ000933090,2015-12-30,TMAX,219
NZ000933090,2006-08-25,TMIN,71
NZ000933090,2012-10-03,TMIN,107
NZ000933090,2006-08-25,TMAX,146
NZ000933090,2008-10-11,TMAX,168
NZ000933090,2008-01-28,TMIN,135
NZ000933090,2008-01-28,TMAX,240
NZ000933090,2006-09-11,TMAX,162
NZ000933090,2011-06-13,TMAX,152
NZ000933090,2013-03-31,TMAX,210
NZ000933090,2008-01-30,TMIN,117
NZ000933090,2008-05-08,TMIN,71
NZ000933090,2013-12-27,TMAX,213
NZ000933090,2008-07-18,TMIN,104
NZ000933090,2013-12-27,TMIN,141
NZ000933090,2015-06-29,TMIN,90
NZ000933090,2012-02-23,TMAX,219
NZ000933090,2014-01-16,TMAX,198
NZ000933090,2015-11-18,TMAX,184
NZ000933090,2006-12-21,TMAX,140
NZ000933090,2009-05-16,TMIN,143
NZ000933090,2009-05-16,TMAX,191
NZ000933090,2008-01-30,TMAX,238
NZ000933090,2008-02-12,TMIN,133
NZ000933090,2015-12-30,TMIN,62
NZ000933090,2008-02-12,TMAX,223
NZ000933090,2014-01-16,TMIN,150
NZ000933090,2006-07-31,TMAX,146
NZ000933090,2007-04-12,TMAX,171
NZ000933090,2009-08-25,TMIN,86
NZ000933090,2012-09-11,TMAX,126
NZ000933090,2015-11-14,TMAX,164
NZ000933090,2010-01-12,TMAX,207
NZ000933090,2010-01-12,TMIN,74
NZ000933090,2009-02-16,TMIN,133
NZ000933090,2011-04-28,TMAX,158
NZ000933090,2013-08-21,TMAX,138
NZ000933090,2010-10-14,TMAX,189
NZ000933090,2013-09-18,TMAX,128
NZ000933090,2013-01-14,TMIN,175
NZ000933090,2013-08-21,TMIN,75
NZ000933090,2013-01-14,TMAX,210
NZ000933090,2010-04-28,TMAX,196
NZ000933090,2010-04-28,TMIN,138
NZ000933090,2013-08-02,TMAX,143
NZ000933090,2011-07-17,TMIN,25
NZ000933090,2011-07-17,TMAX,143
NZ000933090,2005-08-25,TMIN,92
NZ000933090,2009-10-24,TMAX,157
NZ000933090,2009-10-24,TMIN,36
NZ000933090,2012-12-13,TMAX,205
NZ000933090,2009-07-26,TMIN,6
NZ000933090,2009-07-26,TMAX,112
NZ000933090,2012-04-03,TMIN,146
NZ000933090,2009-02-16,TMAX,215
NZ000933090,2005-07-30,TMAX,135
NZ000933090,2005-02-20,TMIN,120
NZ000933090,2005-08-25,TMAX,167
NZ000933090,2006-05-02,TMIN,75
NZ000933090,2010-07-25,TMAX,140
NZ000933090,2015-11-14,TMIN,34
NZ000933090,2006-05-02,TMAX,171
NZ000933090,2005-07-30,TMIN,52
NZ000933090,2013-10-11,TMAX,155
NZ000933090,2010-08-04,TMAX,150
NZ000933090,2008-03-20,TMAX,216
NZ000933090,2015-12-03,TMAX,205
NZ000933090,2015-12-03,TMIN,150
NZ000933090,2013-12-15,TMIN,84
NZ000933090,2013-12-15,TMAX,204
NZ000933090,2006-05-07,TMAX,161
NZ000933090,2008-04-08,TMAX,189
NZ000933090,2012-03-12,TMAX,203
NZ000933090,2006-05-07,TMIN,91
NZ000933090,2012-04-29,TMIN,106
NZ000933090,2006-02-08,TMAX,196
NZ000933090,2010-12-04,TMIN,108
NZ000933090,2010-12-04,TMAX,230
NZ000933090,2013-12-07,TMAX,206
NZ000933090,2013-12-07,TMIN,142
NZ000933090,2012-04-29,TMAX,174
NZ000933090,2015-06-26,TMIN,7
NZ000933090,2005-07-12,TMIN,85
NZ000933090,2010-08-27,TMAX,144
NZ000933090,2007-01-22,TMAX,206
NZ000933090,2014-07-27,TMAX,138
NZ000933090,2011-08-27,TMAX,155
NZ000933090,2014-08-10,TMIN,8
NZ000933090,2009-01-24,TMAX,224
NZ000933090,2013-10-17,TMIN,115
NZ000933090,2015-12-28,TMAX,209
NZ000933090,2015-04-22,TMAX,190
NZ000933090,2011-10-13,TMAX,167
NZ000933090,2013-10-17,TMAX,168
NZ000933090,2010-03-16,TMIN,148
NZ000933090,2010-03-16,TMAX,201
NZ000933090,2015-02-26,TMAX,222
NZ000933090,2005-07-12,TMAX,135
NZ000933090,2007-01-22,TMIN,164
NZ000933090,2009-11-01,TMIN,56
NZ000933090,2015-06-26,TMAX,147
NZ000933090,2011-06-30,TMAX,135
NZ000933090,2014-05-11,TMAX,162
NZ000933090,2014-10-13,TMAX,155
NZ000933090,2010-04-01,TMAX,209
NZ000933090,2008-09-12,TMAX,154
NZ000933090,2014-10-13,TMIN,50
NZ000933090,2008-09-12,TMIN,102
NZ000933090,2014-02-20,TMAX,240
NZ000933090,2011-06-25,TMAX,144
NZ000933090,2009-01-17,TMAX,241
NZ000933090,2014-02-20,TMIN,147
NZ000933090,2011-06-25,TMIN,83
NZ000933090,2012-06-08,TMIN,21
NZ000933090,2009-02-06,TMAX,249
NZ000933090,2012-06-08,TMAX,148
NZ000933090,2012-11-03,TMAX,164
NZ000933090,2013-06-15,TMIN,57
NZ000933090,2007-04-01,TMAX,213
NZ000933090,2011-01-02,TMAX,213
NZ000933090,2009-02-06,TMIN,134
NZ000933090,2011-02-13,TMAX,256
NZ000933090,2010-01-05,TMIN,82
NZ000933090,2011-01-02,TMIN,94
NZ000933090,2011-11-25,TMAX,173
NZ000933090,2005-12-02,TMAX,181
NZ000933090,2010-01-05,TMAX,203
NZ000933090,2009-09-27,TMIN,63
NZ000933090,2012-06-28,TMAX,140
NZ000933090,2010-09-06,TMAX,149
NZ000933090,2014-11-16,TMAX,166
NZ000933090,2008-10-02,TMAX,157
NZ000933090,2008-10-02,TMIN,43
NZ000933090,2011-11-25,TMIN,117
NZ000933090,2014-09-26,TMAX,162
NZ000933090,2005-12-02,TMIN,141
NZ000933090,2009-06-19,TMAX,130
NZ000933090,2008-09-14,TMIN,46
NZ000933090,2008-09-14,TMAX,167
NZ000933090,2006-06-06,TMAX,126
NZ000933090,2009-08-19,TMAX,134
NZ000933090,2006-06-06,TMIN,0
NZ000933090,2009-03-02,TMAX,225
NZ000933090,2008-01-27,TMAX,237
NZ000933090,2009-03-02,TMIN,157
NZ000933090,2012-10-24,TMIN,10
NZ000933090,2005-12-29,TMAX,202
NZ000933090,2005-12-29,TMIN,145
NZ000933090,2014-09-09,TMAX,160
NZ000933090,2014-09-09,TMIN,61
NZ000933090,2006-04-21,TMIN,99
NZ000933090,2012-10-24,TMAX,152
NZ000933090,2005-02-20,TMAX,210
NZ000933090,2009-02-07,TMIN,129
NZ000933090,2005-12-14,TMIN,160
NZ000933090,2009-06-19,TMIN,-3
NZ000933090,2014-09-26,TMIN,116
NZ000933090,2015-12-12,TMAX,205
NZ000933090,2015-12-12,TMIN,154
NZ000933090,2005-11-23,TMIN,108
NZ000933090,2005-11-23,TMAX,178
NZ000933090,2005-12-14,TMAX,248
NZ000933090,2006-12-16,TMAX,172
NZ000933090,2013-04-25,TMAX,189
NZ000933090,2011-01-19,TMAX,232
NZ000933090,2009-11-12,TMAX,169
NZ000933090,2009-11-12,TMIN,21
NZ000933090,2008-01-27,TMIN,131
NZ000933090,2009-02-07,TMAX,241
NZ000933090,2006-12-16,TMIN,71
NZ000933090,2009-01-27,TMAX,235
NZ000933090,2009-06-25,TMIN,18
NZ000933090,2007-12-29,TMAX,198
NZ000933090,2010-07-03,TMAX,145
NZ000933090,2008-11-24,TMAX,196
NZ000933090,2008-11-07,TMAX,150
NZ000933090,2009-09-09,TMAX,159
NZ000933090,2007-09-09,TMAX,168
NZ000933090,2009-09-09,TMIN,30
NZ000933090,2007-09-09,TMIN,74
NZ000933090,2009-02-18,TMIN,141
NZ000933090,2012-10-10,TMAX,169
NZ000933090,2007-05-04,TMAX,179
NZ000933090,2007-05-04,TMIN,91
NZ000933090,2010-08-18,TMAX,144
NZ000933090,2012-11-26,TMAX,189
NZ000933090,2015-01-31,TMIN,191
NZ000933090,2015-01-31,TMAX,246
NZ000933090,2012-05-19,TMAX,149
NZ000933090,2008-04-30,TMAX,193
NZ000933090,2014-03-01,TMIN,70
NZ000933090,2014-03-01,TMAX,190
NZ000933090,2009-06-18,TMAX,113
NZ000933090,2011-04-05,TMAX,165
NZ000933090,2007-09-03,TMAX,140
NZ000933090,2007-09-03,TMIN,37
NZ000933090,2010-07-03,TMIN,24
NZ000933090,2014-09-15,TMIN,76
NZ000933090,2011-07-30,TMAX,144
NZ000933090,2008-03-17,TMAX,224
NZ000933090,2009-07-19,TMAX,147
NZ000933090,2012-02-19,TMIN,111
NZ000933090,2012-02-19,TMAX,217
NZ000933090,2009-12-20,TMAX,195
NZ000933090,2014-09-15,TMAX,153
NZ000933090,2013-09-29,TMAX,154
NZ000933090,2008-11-24,TMIN,156
NZ000933090,2012-10-23,TMAX,151
NZ000933090,2015-06-09,TMAX,163
NZ000933090,2009-08-26,TMIN,121
NZ000933090,2010-07-19,TMIN,28
NZ000933090,2006-04-13,TMAX,191
NZ000933090,2010-07-19,TMAX,134
NZ000933090,2005-02-26,TMAX,236
NZ000933090,2009-08-26,TMAX,166
NZ000933090,2010-10-28,TMAX,188
NZ000933090,2005-02-26,TMIN,163
NZ000933090,2007-11-07,TMAX,173
NZ000933090,2009-12-04,TMIN,102
NZ000933090,2012-01-26,TMAX,197
NZ000933090,2009-12-04,TMAX,173
NZ000933090,2013-06-26,TMAX,141
NZ000933090,2010-10-28,TMIN,99
NZ000933090,2006-05-14,TMAX,165
NZ000933090,2005-01-05,TMIN,172
NZ000933090,2005-06-07,TMAX,128
NZ000933090,2013-09-29,TMIN,106
NZ000933090,2014-07-19,TMAX,110
NZ000933090,2010-08-28,TMIN,79
NZ000933090,2011-09-30,TMAX,164
NZ000933090,2011-09-30,TMIN,61
NZ000933090,2014-10-29,TMAX,174
NZ000933090,2005-06-07,TMIN,41
NZ000933090,2014-07-19,TMIN,14
NZ000933090,2012-10-20,TMIN,62
NZ000933090,2010-08-28,TMAX,171
NZ000933090,2006-11-20,TMAX,160
NZ000933090,2006-12-30,TMAX,171
NZ000933090,2006-11-20,TMIN,111
NZ000933090,2015-06-09,TMIN,65
NZ000933090,2012-10-20,TMAX,155
NZ000933090,2009-11-01,TMAX,168
NZ000933090,2006-05-14,TMIN,59
NZ000933090,2009-04-17,TMAX,196
NZ000933090,2007-07-28,TMIN,74
NZ000933090,2015-09-03,TMAX,137
NZ000933090,2008-11-16,TMAX,205
NZ000933090,2008-11-16,TMIN,98
NZ000933090,2011-07-06,TMIN,99
NZ000933090,2011-07-06,TMAX,147
NZ000933090,2006-09-13,TMAX,172
NZ000933090,2007-11-10,TMAX,171
NZ000933090,2012-11-29,TMIN,120
NZ000933090,2012-11-29,TMAX,176
NZ000933090,2013-05-08,TMIN,76
NZ000933090,2013-05-08,TMAX,172
NZ000933090,2008-10-04,TMAX,176
NZ000933090,2008-10-04,TMIN,139
NZ000933090,2010-01-18,TMAX,221
NZ000933090,2014-03-29,TMAX,183
NZ000933090,2006-08-30,TMAX,147
NZ000933090,2011-08-31,TMIN,99
NZ000933090,2007-12-29,TMIN,65
NZ000933090,2010-12-01,TMIN,86
NZ000933090,2012-12-22,TMAX,233
NZ000933090,2010-12-01,TMAX,219
NZ000933090,2008-03-31,TMAX,200
NZ000933090,2007-07-28,TMAX,148
NZ000933090,2008-03-31,TMIN,176
NZ000933090,2013-05-13,TMAX,172
NZ000933090,2013-05-13,TMIN,68
NZ000933090,2006-06-01,TMAX,145
NZ000933090,2011-08-31,TMAX,142
NZ000933090,2007-11-10,TMIN,50
NZ000933090,2009-06-07,TMAX,108
NZ000933090,2010-09-27,TMAX,170
NZ000933090,2009-09-02,TMAX,155
NZ000933090,2012-10-16,TMAX,153
NZ000933090,2007-01-12,TMIN,177
NZ000933090,2006-11-06,TMIN,147
NZ000933090,2009-02-18,TMAX,235
NZ000933090,2006-07-04,TMAX,143
NZ000933090,2006-11-06,TMAX,171
NZ000933090,2015-01-28,TMAX,281
NZ000933090,2015-01-28,TMIN,139
NZ000933090,2009-07-19,TMIN,102
NZ000933090,2008-08-25,TMAX,162
NZ000933090,2014-01-19,TMAX,200
NZ000933090,2014-01-19,TMIN,72
NZ000933090,2013-05-12,TMIN,69
NZ000933090,2013-05-12,TMAX,182
NZ000933090,2011-01-16,TMAX,241
NZ000933090,2014-01-13,TMAX,203
NZ000933090,2008-08-25,TMIN,78
NZ000933090,2011-01-16,TMIN,114
NZ000933090,2005-03-04,TMAX,205
NZ000933090,2010-06-15,TMAX,118
NZ000933090,2012-10-16,TMIN,105
NZ000933090,2011-11-29,TMAX,208
NZ000933090,2010-11-12,TMAX,187
NZ000933090,2012-10-07,TMIN,68
NZ000933090,2012-10-07,TMAX,151
NZ000933090,2015-03-03,TMIN,148
NZ000933090,2005-03-04,TMIN,153
NZ000933090,2012-02-24,TMAX,208
NZ000933090,2010-02-23,TMIN,110
NZ000933090,2010-04-10,TMIN,58
NZ000933090,2010-02-23,TMAX,245
NZ000933090,2007-11-18,TMAX,191
NZ000933090,2010-08-07,TMAX,141
NZ000933090,2015-03-03,TMAX,238
NZ000933090,2010-04-10,TMAX,199
NZ000933090,2009-09-27,TMAX,165
NZ000933090,2005-11-17,TMIN,100
NZ000933090,2005-02-22,TMIN,133
NZ000933090,2009-12-10,TMAX,208
NZ000933090,2007-10-29,TMIN,22
NZ000933090,2009-12-10,TMIN,159
NZ000933090,2012-04-14,TMAX,211
NZ000933090,2014-11-07,TMAX,164
NZ000933090,2009-09-17,TMAX,166
NZ000933090,2015-06-04,TMAX,149
NZ000933090,2006-04-06,TMAX,197
NZ000933090,2006-04-06,TMIN,110
NZ000933090,2007-01-24,TMAX,194
NZ000933090,2007-01-24,TMIN,178
NZ000933090,2010-06-22,TMAX,152
NZ000933090,2013-04-11,TMAX,180
NZ000933090,2013-04-11,TMIN,52
NZ000933090,2011-11-24,TMAX,172
NZ000933090,2011-11-24,TMIN,118
NZ000933090,2014-05-30,TMAX,145
NZ000933090,2010-05-25,TMIN,68
NZ000933090,2005-07-07,TMAX,162
NZ000933090,2015-02-16,TMAX,223
NZ000933090,2014-08-18,TMIN,14
NZ000933090,2012-09-22,TMAX,144
NZ000933090,2014-08-18,TMAX,136
NZ000933090,2014-04-29,TMAX,172
NZ000933090,2012-09-22,TMIN,47
NZ000933090,2005-07-07,TMIN,116
NZ000933090,2014-10-19,TMIN,70
NZ000933090,2014-10-19,TMAX,184
NZ000933090,2005-06-19,TMIN,35
NZ000933090,2005-06-19,TMAX,148
NZ000933090,2011-05-03,TMAX,211
NZ000933090,2011-05-03,TMIN,152
NZ000933090,2014-04-29,TMIN,81
NZ000933090,2012-03-22,TMIN,163
NZ000933090,2012-03-22,TMAX,206
NZ000933090,2010-12-16,TMIN,159
NZ000933090,2014-12-09,TMIN,126
NZ000933090,2014-12-09,TMAX,177
NZ000933090,2005-06-13,TMAX,125
NZ000933090,2005-06-13,TMIN,90
NZ000933090,2009-08-08,TMAX,144
NZ000933090,2009-09-08,TMIN,11
NZ000933090,2012-01-21,TMAX,209
NZ000933090,2008-06-15,TMAX,183
NZ000933090,2008-06-15,TMIN,98
NZ000933090,2008-04-04,TMAX,215
NZ000933090,2014-09-13,TMAX,184
NZ000933090,2005-03-10,TMAX,216
NZ000933090,2005-03-10,TMIN,128
NZ000933090,2009-08-08,TMIN,26
NZ000933090,2010-05-25,TMAX,177
NZ000933090,2012-01-21,TMIN,132
NZ000933090,2009-09-08,TMAX,143
NZ000933090,2012-08-22,TMAX,156
NZ000933090,2015-08-24,TMAX,149
NZ000933090,2015-08-24,TMIN,71
NZ000933090,2014-04-27,TMIN,49
NZ000933090,2014-04-27,TMAX,173
NZ000933090,2011-10-15,TMAX,159
NZ000933090,2006-05-24,TMIN,105
NZ000933090,2010-10-07,TMAX,177
NZ000933090,2010-02-16,TMAX,212
NZ000933090,2009-11-24,TMAX,225
NZ000933090,2006-12-11,TMIN,64
NZ000933090,2006-12-11,TMAX,175
NZ000933090,2010-12-16,TMAX,224
NZ000933090,2006-05-24,TMAX,160
NZ000933090,2010-02-16,TMIN,158
NZ000933090,2011-12-27,TMIN,154
NZ000933090,2014-03-10,TMAX,223
NZ000933090,2006-11-10,TMIN,37
NZ000933090,2013-02-21,TMIN,94
NZ000933090,2013-02-21,TMAX,227
NZ000933090,2012-01-01,TMAX,223
NZ000933090,2007-08-17,TMIN,62
NZ000933090,2007-08-17,TMAX,150
NZ000933090,2008-03-26,TMIN,132
NZ000933090,2008-03-26,TMAX,239
NZ000933090,2012-01-01,TMIN,149
NZ000933090,2009-04-11,TMAX,190
NZ000933090,2009-04-11,TMIN,81
NZ000933090,2013-07-05,TMAX,144
NZ000933090,2013-07-05,TMIN,26
NZ000933090,2014-11-29,TMAX,166
NZ000933090,2014-11-29,TMIN,83
NZ000933090,2012-09-26,TMAX,170
NZ000933090,2010-05-09,TMAX,185
NZ000933090,2012-09-26,TMIN,111
NZ000933090,2015-11-29,TMIN,59
NZ000933090,2009-12-31,TMIN,87
NZ000933090,2007-12-15,TMAX,224
NZ000933090,2008-10-15,TMIN,79
NZ000933090,2012-05-14,TMAX,173
NZ000933090,2014-03-06,TMAX,231
NZ000933090,2014-11-22,TMAX,164
NZ000933090,2008-07-01,TMIN,24
NZ000933090,2008-10-15,TMAX,177
NZ000933090,2014-09-01,TMAX,125
NZ000933090,2014-09-01,TMIN,73
NZ000933090,2012-01-22,TMAX,207
NZ000933090,2015-03-18,TMAX,172
NZ000933090,2015-03-18,TMIN,115
NZ000933090,2009-12-31,TMAX,202
NZ000933090,2011-04-27,TMIN,93
NZ000933090,2010-08-14,TMAX,153
NZ000933090,2011-04-27,TMAX,150
NZ000933090,2009-03-29,TMAX,203
NZ000933090,2013-04-28,TMIN,123
NZ000933090,2008-07-16,TMAX,124
NZ000933090,2008-07-16,TMIN,71
NZ000933090,2010-02-22,TMAX,213
NZ000933090,2008-11-30,TMIN,95
NZ000933090,2009-03-29,TMIN,66
NZ000933090,2008-11-30,TMAX,225
NZ000933090,2008-02-13,TMIN,140
NZ000933090,2010-03-09,TMAX,229
NZ000933090,2010-03-09,TMIN,114
NZ000933090,2014-01-14,TMAX,197
NZ000933090,2012-12-23,TMAX,261
NZ000933090,2006-11-10,TMAX,153
NZ000933090,2008-02-13,TMAX,233
NZ000933090,2012-12-23,TMIN,149
NZ000933090,2013-04-28,TMAX,191
NZ000933090,2007-07-09,TMAX,131
NZ000933090,2010-07-10,TMAX,111
NZ000933090,2013-11-17,TMAX,186
NZ000933090,2005-04-05,TMAX,210
NZ000933090,2005-04-05,TMIN,106
NZ000933090,2005-08-05,TMAX,132
NZ000933090,2010-06-29,TMAX,148
NZ000933090,2007-07-09,TMIN,57
NZ000933090,2010-06-29,TMIN,69
NZ000933090,2010-10-04,TMIN,59
NZ000933090,2010-10-04,TMAX,162
NZ000933090,2014-04-19,TMIN,165
NZ000933090,2013-03-29,TMIN,105
NZ000933090,2013-03-29,TMAX,219
NZ000933090,2014-04-19,TMAX,204
NZ000933090,2005-08-05,TMIN,29
NZ000933090,2011-12-27,TMAX,217
NZ000933090,2015-01-16,TMIN,113
NZ000933090,2009-10-21,TMIN,32
NZ000933090,2013-09-27,TMAX,165
NZ000933090,2005-01-13,TMIN,137
NZ000933090,2005-01-13,TMAX,194
NZ000933090,2015-04-03,TMAX,191
NZ000933090,2012-04-12,TMAX,182
NZ000933090,2015-04-17,TMAX,165
NZ000933090,2015-04-15,TMIN,23
NZ000933090,2011-01-06,TMAX,252
NZ000933090,2011-01-06,TMIN,192
NZ000933090,2015-04-17,TMIN,61
NZ000933090,2005-02-05,TMAX,289
NZ000933090,2005-07-15,TMIN,47
NZ000933090,2005-07-15,TMAX,140
NZ000933090,2005-02-05,TMIN,175
NZ000933090,2009-12-16,TMIN,62
NZ000933090,2011-05-19,TMIN,30
NZ000933090,2011-05-19,TMAX,169
NZ000933090,2011-04-24,TMIN,161
NZ000933090,2010-08-02,TMAX,156
NZ000933090,2009-11-11,TMAX,176
NZ000933090,2005-12-24,TMIN,91
NZ000933090,2005-12-24,TMAX,205
NZ000933090,2009-01-22,TMAX,212
NZ000933090,2006-12-20,TMAX,173
NZ000933090,2010-08-25,TMIN,50
NZ000933090,2014-12-01,TMAX,160
NZ000933090,2014-12-01,TMIN,77
NZ000933090,2009-08-04,TMAX,148
NZ000933090,2013-08-24,TMAX,149
NZ000933090,2013-08-24,TMIN,30
NZ000933090,2009-12-16,TMAX,184
NZ000933090,2010-08-25,TMAX,144
NZ000933090,2012-07-08,TMIN,4
NZ000933090,2014-08-27,TMAX,139
NZ000933090,2012-07-08,TMAX,130
NZ000933090,2014-02-16,TMIN,96
NZ000933090,2008-10-06,TMIN,114
NZ000933090,2007-01-31,TMAX,200
NZ000933090,2007-01-31,TMIN,93
NZ000933090,2014-02-16,TMAX,224
NZ000933090,2010-04-06,TMAX,187
NZ000933090,2008-10-06,TMAX,165
NZ000933090,2008-07-29,TMAX,138
NZ000933090,2014-05-07,TMAX,192
NZ000933090,2014-01-29,TMIN,91
NZ000933090,2014-01-29,TMAX,210
NZ000933090,2014-05-07,TMIN,136
NZ000933090,2005-02-22,TMAX,232
NZ000933090,2005-11-17,TMAX,170
NZ000933090,2008-07-29,TMIN,74
NZ000933090,2011-04-24,TMAX,205
NZ000933090,2010-08-29,TMAX,141
NZ000933090,2005-11-20,TMIN,147
NZ000933090,2014-08-27,TMIN,33
NZ000933090,2007-10-03,TMAX,143
NZ000933090,2014-01-10,TMAX,201
NZ000933090,2006-07-27,TMAX,127
NZ000933090,2006-07-27,TMIN,21
NZ000933090,2014-01-10,TMIN,83
NZ000933090,2005-11-20,TMAX,180
NZ000933090,2006-09-20,TMAX,146
NZ000933090,2015-04-15,TMAX,176
NZ000933090,2006-09-14,TMAX,150
NZ000933090,2009-11-08,TMAX,181
NZ000933090,2015-10-02,TMAX,160
NZ000933090,2009-11-08,TMIN,56
NZ000933090,2006-09-14,TMIN,45
NZ000933090,2006-09-20,TMIN,109
NZ000933090,2011-10-29,TMAX,197
NZ000933090,2009-01-22,TMIN,95
NZ000933090,2009-06-28,TMAX,115
NZ000933090,2013-02-18,TMAX,236
NZ000933090,2008-04-02,TMAX,198
NZ000933090,2013-07-19,TMAX,140
NZ000933090,2013-07-19,TMIN,44
NZ000933090,2006-12-23,TMAX,164
NZ000933090,2006-12-23,TMIN,89
NZ000933090,2010-03-23,TMIN,154
NZ000933090,2014-06-27,TMAX,146
NZ000933090,2005-03-01,TMAX,210
NZ000933090,2008-10-10,TMAX,154
NZ000933090,2008-10-10,TMIN,38
NZ000933090,2005-03-01,TMIN,85
NZ000933090,2015-05-12,TMAX,174
NZ000933090,2013-12-04,TMIN,157
NZ000933090,2007-02-09,TMAX,226
NZ000933090,2013-12-04,TMAX,188
NZ000933090,2008-04-22,TMIN,122
NZ000933090,2010-03-23,TMAX,201
NZ000933090,2009-10-21,TMAX,157
NZ000933090,2015-01-16,TMAX,247
NZ000933090,2012-01-08,TMIN,154
NZ000933090,2005-08-23,TMAX,150
NZ000933090,2005-08-23,TMIN,110
NZ000933090,2008-08-11,TMAX,131
NZ000933090,2008-04-22,TMAX,178
NZ000933090,2014-10-17,TMAX,162
NZ000933090,2008-08-11,TMIN,17
NZ000933090,2005-05-27,TMIN,79
NZ000933090,2008-12-19,TMAX,209
NZ000933090,2008-12-19,TMIN,113
NZ000933090,2007-05-15,TMAX,180
NZ000933090,2013-12-31,TMAX,196
NZ000933090,2005-05-27,TMAX,168
NZ000933090,2005-06-28,TMAX,136
NZ000933090,2009-03-04,TMIN,133
NZ000933090,2014-12-20,TMAX,206
NZ000933090,2011-12-25,TMIN,100
NZ000933090,2005-05-06,TMAX,181
NZ000933090,2005-05-06,TMIN,55
NZ000933090,2008-11-20,TMAX,174
NZ000933090,2010-12-20,TMIN,185
NZ000933090,2011-09-01,TMAX,148
NZ000933090,2015-02-18,TMAX,220
NZ000933090,2006-02-09,TMAX,212
NZ000933090,2012-05-29,TMAX,138
NZ000933090,2005-10-05,TMIN,80
NZ000933090,2005-10-05,TMAX,144
NZ000933090,2011-10-29,TMIN,132
NZ000933090,2011-02-04,TMIN,188
NZ000933090,2011-02-04,TMAX,211
NZ000933090,2006-02-09,TMIN,98
NZ000933090,2014-12-20,TMIN,145
NZ000933090,2008-01-08,TMAX,200
NZ000933090,2009-03-04,TMAX,224
NZ000933090,2013-09-07,TMAX,160
NZ000933090,2013-09-07,TMIN,111
NZ000933090,2007-06-08,TMAX,151
NZ000933090,2006-10-28,TMIN,125
NZ000933090,2015-04-27,TMAX,198
NZ000933090,2007-04-25,TMAX,175
NZ000933090,2005-07-29,TMAX,131
NZ000933090,2012-02-12,TMIN,134
NZ000933090,2005-03-02,TMAX,210
NZ000933090,2005-03-02,TMIN,130
NZ000933090,2013-03-03,TMAX,248
NZ000933090,2011-12-25,TMAX,213
NZ000933090,2005-07-29,TMIN,28
NZ000933090,2006-10-28,TMAX,171
NZ000933090,2012-02-12,TMAX,218
NZ000933090,2005-06-28,TMIN,101
NZ000933090,2005-11-07,TMIN,122
NZ000933090,2005-11-07,TMAX,176
NZ000933090,2014-03-30,TMAX,203
NZ000933090,2013-01-19,TMIN,62
NZ000933090,2013-01-19,TMAX,203
NZ000933090,2006-09-01,TMIN,73
NZ000933090,2014-08-07,TMAX,145
NZ000933090,2014-08-07,TMIN,68
NZ000933090,2013-09-08,TMAX,155
NZ000933090,2008-11-12,TMAX,192
NZ000933090,2005-01-25,TMAX,216
NZ000933090,2006-09-01,TMAX,156
NZ000933090,2006-06-15,TMAX,147
NZ000933090,2007-12-18,TMIN,163
NZ000933090,2006-06-15,TMIN,95
NZ000933090,2010-02-04,TMAX,239
NZ000933090,2015-11-16,TMAX,183
NZ000933090,2013-12-18,TMIN,132
NZ000933090,2013-12-18,TMAX,198
NZ000933090,2012-09-07,TMIN,133
NZ000933090,2015-01-11,TMIN,108
NZ000933090,2015-01-11,TMAX,234
NZ000933090,2006-12-18,TMAX,179
NZ000933090,2008-11-27,TMIN,90
NZ000933090,2010-11-05,TMAX,178
NZ000933090,2007-07-29,TMIN,76
NZ000933090,2005-11-25,TMAX,184
NZ000933090,2012-06-27,TMIN,60
NZ000933090,2012-06-27,TMAX,133
NZ000933090,2008-02-05,TMAX,237
NZ000933090,2005-12-07,TMAX,215
NZ000933090,2005-12-07,TMIN,109
NZ000933090,2007-12-18,TMAX,198
NZ000933090,2005-11-25,TMIN,95
NZ000933090,2007-09-07,TMIN,12
NZ000933090,2007-09-07,TMAX,132
NZ000933090,2009-04-27,TMAX,210
NZ000933090,2006-04-01,TMAX,198
NZ000933090,2005-01-25,TMIN,156
NZ000933090,2007-06-20,TMIN,23
NZ000933090,2012-01-05,TMIN,154
NZ000933090,2012-05-02,TMAX,140
NZ000933090,2012-01-05,TMAX,201
NZ000933090,2006-04-01,TMIN,77
NZ000933090,2005-02-11,TMIN,159
NZ000933090,2015-05-31,TMAX,153
NZ000933090,2010-08-10,TMAX,132
NZ000933090,2014-08-03,TMAX,152
NZ000933090,2007-02-12,TMAX,224
NZ000933090,2013-03-30,TMAX,220
NZ000933090,2010-08-10,TMIN,17
NZ000933090,2015-05-31,TMIN,78
NZ000933090,2007-01-11,TMAX,226
NZ000933090,2015-09-14,TMAX,159
NZ000933090,2015-09-14,TMIN,76
NZ000933090,2014-04-21,TMAX,181
NZ000933090,2013-07-08,TMAX,131
NZ000933090,2005-04-22,TMAX,184
NZ000933090,2005-04-22,TMIN,95
NZ000933090,2013-02-17,TMIN,112
NZ000933090,2013-02-17,TMAX,218
NZ000933090,2005-02-11,TMAX,240
NZ000933090,2006-01-26,TMAX,219
NZ000933090,2005-08-19,TMIN,47
NZ000933090,2012-09-06,TMIN,113
NZ000933090,2012-09-06,TMAX,164
NZ000933090,2012-02-06,TMAX,200
NZ000933090,2009-05-30,TMIN,57
NZ000933090,2009-05-30,TMAX,107
NZ000933090,2005-08-19,TMAX,147
NZ000933090,2010-12-27,TMIN,162
NZ000933090,2013-04-22,TMAX,194
NZ000933090,2010-07-04,TMAX,130
NZ000933090,2005-05-15,TMAX,160
NZ000933090,2011-05-26,TMAX,176
NZ000933090,2008-09-13,TMAX,152
NZ000933090,2005-03-03,TMIN,95
NZ000933090,2008-03-23,TMAX,232
NZ000933090,2005-03-03,TMAX,199
NZ000933090,2015-10-27,TMIN,130
NZ000933090,2005-12-22,TMAX,203
NZ000933090,2005-12-22,TMIN,162
NZ000933090,2009-03-16,TMAX,218
NZ000933090,2005-07-21,TMIN,28
NZ000933090,2013-06-22,TMIN,25
NZ000933090,2015-10-27,TMAX,173
NZ000933090,2005-07-21,TMAX,120
NZ000933090,2012-07-15,TMIN,120
NZ000933090,2012-07-15,TMAX,146
NZ000933090,2013-06-22,TMAX,131
NZ000933090,2006-02-02,TMIN,175
NZ000933090,2014-02-14,TMAX,204
NZ000933090,2014-02-14,TMIN,141
NZ000933090,2007-02-08,TMIN,165
NZ000933090,2007-02-08,TMAX,249
NZ000933090,2015-02-03,TMAX,241
NZ000933090,2006-06-14,TMAX,136
NZ000933090,2006-01-04,TMAX,200
NZ000933090,2012-06-24,TMAX,140
NZ000933090,2015-05-29,TMAX,135
NZ000933090,2015-07-21,TMAX,136
NZ000933090,2015-05-29,TMIN,21
NZ000933090,2008-12-25,TMIN,135
NZ000933090,2009-03-16,TMIN,103
NZ000933090,2015-07-21,TMIN,-6
NZ000933090,2005-05-15,TMIN,89
NZ000933090,2006-06-14,TMIN,1
NZ000933090,2009-10-19,TMIN,89
NZ000933090,2014-03-18,TMAX,201
NZ000933090,2011-03-15,TMAX,226
NZ000933090,2005-02-15,TMIN,117
NZ000933090,2008-11-12,TMIN,106
NZ000933090,2015-04-19,TMIN,89
NZ000933090,2015-04-19,TMAX,201
NZ000933090,2011-04-23,TMAX,205
NZ000933090,2005-02-15,TMAX,212
NZ000933090,2010-01-14,TMIN,129
NZ000933090,2011-09-16,TMAX,152
NZ000933090,2011-09-16,TMIN,84
NZ000933090,2012-08-07,TMAX,130
NZ000933090,2012-08-07,TMIN,54
NZ000933090,2007-01-11,TMIN,142
NZ000933090,2010-01-14,TMAX,211
NZ000933090,2010-07-04,TMIN,49
NZ000933090,2005-04-15,TMAX,173
NZ000933090,2005-10-18,TMAX,164
NZ000933090,2009-10-19,TMAX,161
NZ000933090,2005-12-10,TMIN,171
NZ000933090,2005-12-10,TMAX,203
NZ000933090,2014-11-10,TMAX,177
NZ000933090,2014-11-10,TMIN,120
NZ000933090,2010-09-05,TMIN,87
NZ000933090,2011-04-23,TMIN,159
NZ000933090,2007-06-02,TMAX,177
NZ000933090,2005-08-30,TMIN,46
NZ000933090,2010-05-14,TMAX,185
NZ000933090,2005-08-30,TMAX,145
NZ000933090,2006-09-30,TMAX,168
NZ000933090,2006-09-30,TMIN,119
NZ000933090,2005-10-18,TMIN,77
NZ000933090,2005-04-15,TMIN,97
NZ000933090,2010-12-27,TMAX,239
NZ000933090,2013-03-30,TMIN,130
NZ000933090,2012-10-29,TMAX,206
NZ000933090,2013-06-11,TMAX,171
NZ000933090,2009-09-01,TMAX,162
NZ000933090,2011-11-07,TMAX,171
NZ000933090,2006-11-08,TMAX,161
NZ000933090,2011-11-07,TMIN,88
NZ000933090,2007-05-18,TMAX,166
NZ000933090,2009-01-01,TMIN,174
NZ000933090,2008-11-02,TMAX,202
NZ000933090,2009-01-01,TMAX,230
NZ000933090,2013-02-05,TMAX,190
NZ000933090,2010-10-01,TMAX,159
NZ000933090,2007-10-01,TMAX,158
NZ000933090,2008-05-31,TMAX,146
NZ000933090,2010-10-10,TMAX,154
NZ000933090,2006-01-28,TMIN,161
NZ000933090,2006-01-28,TMAX,278
NZ000933090,2012-01-28,TMIN,42
NZ000933090,2015-05-17,TMAX,157
NZ000933090,2010-12-02,TMIN,140
NZ000933090,2007-02-06,TMAX,247
NZ000933090,2005-09-02,TMAX,150
NZ000933090,2005-09-02,TMIN,54
NZ000933090,2014-07-09,TMAX,138
NZ000933090,2009-02-26,TMIN,104
NZ000933090,2014-07-09,TMIN,83
NZ000933090,2015-11-20,TMIN,134
NZ000933090,2013-01-01,TMIN,163
NZ000933090,2012-01-28,TMAX,191
NZ000933090,2007-02-06,TMIN,121
NZ000933090,2013-01-01,TMAX,217
NZ000933090,2012-08-05,TMAX,150
NZ000933090,2015-11-20,TMAX,172
NZ000933090,2009-02-26,TMAX,215
NZ000933090,2013-06-11,TMIN,84
NZ000933090,2012-08-31,TMIN,38
NZ000933090,2006-02-16,TMIN,112
NZ000933090,2015-01-19,TMAX,240
NZ000933090,2012-06-14,TMAX,145
NZ000933090,2006-02-16,TMAX,217
NZ000933090,2005-09-29,TMIN,65
NZ000933090,2005-09-29,TMAX,160
NZ000933090,2012-06-14,TMIN,18
NZ000933090,2006-07-15,TMIN,101
NZ000933090,2014-02-10,TMAX,186
NZ000933090,2008-05-09,TMIN,95
NZ000933090,2008-05-09,TMAX,156
NZ000933090,2006-09-24,TMIN,134
NZ000933090,2006-09-24,TMAX,155
NZ000933090,2008-11-14,TMAX,205
NZ000933090,2006-07-15,TMAX,141
NZ000933090,2010-12-02,TMAX,224
NZ000933090,2015-06-07,TMAX,148
NZ000933090,2012-11-16,TMAX,169
NZ000933090,2011-07-21,TMAX,107
NZ000933090,2008-11-02,TMIN,85
NZ000933090,2011-07-21,TMIN,79
NZ000933090,2012-08-31,TMAX,149
NZ000933090,2006-08-04,TMAX,146
NZ000933090,2008-08-29,TMIN,41
NZ000933090,2012-11-05,TMAX,161
NZ000933090,2005-11-03,TMIN,138
NZ000933090,2005-11-03,TMAX,171
NZ000933090,2008-08-29,TMAX,150
NZ000933090,2012-11-16,TMIN,114
NZ000933090,2015-01-19,TMIN,115
NZ000933090,2010-01-24,TMIN,138
NZ000933090,2010-01-24,TMAX,203
NZ000933090,2008-04-07,TMAX,203
NZ000933090,2007-05-17,TMAX,169
NZ000933090,2012-05-06,TMIN,49
NZ000933090,2015-05-17,TMIN,45
NZ000933090,2005-07-11,TMIN,60
NZ000933090,2007-03-10,TMIN,112
NZ000933090,2014-07-16,TMIN,30
NZ000933090,2015-01-22,TMAX,259
NZ000933090,2013-04-07,TMAX,177
NZ000933090,2014-07-16,TMAX,111
NZ000933090,2007-03-10,TMAX,242
NZ000933090,2008-08-08,TMAX,147
NZ000933090,2009-01-26,TMAX,235
NZ000933090,2013-02-22,TMAX,255
NZ000933090,2009-08-31,TMIN,100
NZ000933090,2009-08-31,TMAX,152
NZ000933090,2014-08-24,TMAX,139
NZ000933090,2006-05-17,TMIN,21
NZ000933090,2009-01-26,TMIN,99
NZ000933090,2006-05-17,TMAX,158
NZ000933090,2005-07-11,TMAX,104
NZ000933090,2008-10-30,TMIN,85
NZ000933090,2005-07-05,TMAX,166
NZ000933090,2014-01-22,TMAX,190
NZ000933090,2005-07-05,TMIN,98
NZ000933090,2013-03-24,TMAX,210
NZ000933090,2013-03-24,TMIN,106
NZ000933090,2012-10-01,TMAX,162
NZ000933090,2008-10-30,TMAX,157
NZ000933090,2015-11-12,TMAX,176
NZ000933090,2012-05-24,TMAX,162
NZ000933090,2012-05-24,TMIN,35
NZ000933090,2010-05-07,TMAX,169
NZ000933090,2012-10-30,TMAX,203
NZ000933090,2008-07-07,TMAX,146
NZ000933090,2008-07-07,TMIN,-20
NZ000933090,2010-01-26,TMAX,250
NZ000933090,2006-02-02,TMAX,248
NZ000933090,2013-01-06,TMAX,306
NZ000933090,2007-05-25,TMAX,167
NZ000933090,2015-04-20,TMIN,108
NZ000933090,2015-04-23,TMAX,203
NZ000933090,2015-04-20,TMAX,203
NZ000933090,2012-05-06,TMAX,163
NZ000933090,2009-03-20,TMAX,209
NZ000933090,2015-11-08,TMIN,54
NZ000933090,2010-06-02,TMAX,175
NZ000933090,2015-11-08,TMAX,166
NZ000933090,2014-04-03,TMIN,110
NZ000933090,2006-05-09,TMAX,161
NZ000933090,2014-04-03,TMAX,219
NZ000933090,2006-05-09,TMIN,70
NZ000933090,2005-04-10,TMIN,107
NZ000933090,2005-04-10,TMAX,179
NZ000933090,2006-02-18,TMAX,234
NZ000933090,2011-10-25,TMIN,119
NZ000933090,2008-03-08,TMAX,227
NZ000933090,2009-12-15,TMAX,184
NZ000933090,2011-10-25,TMAX,171
NZ000933090,2007-05-25,TMIN,101
NZ000933090,2008-01-17,TMAX,220
NZ000933090,2008-01-17,TMIN,129
NZ000933090,2014-01-26,TMAX,194
NZ000933090,2008-10-20,TMIN,19
NZ000933090,2008-07-10,TMAX,127
NZ000933090,2008-10-20,TMAX,158
NZ000933090,2013-12-24,TMIN,142
NZ000933090,2013-12-24,TMAX,203
NZ000933090,2011-12-22,TMAX,226
NZ000933090,2011-12-22,TMIN,118
NZ000933090,2013-01-06,TMIN,105
NZ000933090,2008-07-10,TMIN,12
NZ000933090,2008-05-24,TMAX,167
NZ000933090,2007-01-19,TMAX,193
NZ000933090,2007-10-17,TMAX,155
NZ000933090,2010-07-20,TMAX,148
NZ000933090,2014-08-08,TMAX,135
NZ000933090,2006-02-22,TMAX,218
NZ000933090,2006-02-22,TMIN,167
NZ000933090,2013-12-26,TMIN,134
NZ000933090,2013-12-26,TMAX,190
NZ000933090,2013-04-24,TMAX,198
NZ000933090,2009-09-16,TMIN,54
NZ000933090,2005-03-23,TMIN,158
NZ000933090,2005-03-23,TMAX,218
NZ000933090,2008-01-23,TMAX,220
NZ000933090,2013-04-24,TMIN,144
NZ000933090,2009-07-07,TMIN,21
NZ000933090,2015-02-24,TMAX,232
NZ000933090,2007-03-22,TMAX,226
NZ000933090,2009-07-07,TMAX,143
NZ000933090,2011-10-17,TMIN,54
NZ000933090,2007-01-23,TMAX,204
NZ000933090,2010-09-10,TMIN,107
NZ000933090,2015-11-19,TMAX,175
NZ000933090,2015-01-25,TMAX,249
NZ000933090,2015-01-25,TMIN,113
NZ000933090,2011-03-12,TMIN,113
NZ000933090,2015-05-11,TMAX,192
NZ000933090,2008-08-12,TMAX,136
NZ000933090,2011-03-12,TMAX,245
NZ000933090,2009-01-09,TMIN,148
NZ000933090,2011-10-17,TMAX,149
NZ000933090,2007-01-23,TMIN,170
NZ000933090,2011-06-09,TMAX,147
NZ000933090,2015-05-11,TMIN,82
NZ000933090,2009-01-09,TMAX,240
NZ000933090,2011-06-09,TMIN,68
NZ000933090,2008-08-12,TMIN,97
NZ000933090,2008-11-26,TMAX,196
NZ000933090,2008-11-26,TMIN,102
NZ000933090,2006-12-03,TMIN,71
NZ000933090,2012-11-19,TMIN,89
NZ000933090,2005-10-19,TMAX,180
NZ000933090,2005-10-19,TMIN,128
NZ000933090,2008-12-16,TMAX,207
NZ000933090,2008-12-21,TMAX,192
NZ000933090,2005-06-05,TMIN,73
NZ000933090,2007-01-14,TMAX,210
NZ000933090,2006-07-02,TMAX,125
NZ000933090,2006-07-02,TMIN,19
NZ000933090,2007-01-04,TMIN,91
NZ000933090,2007-08-15,TMIN,47
NZ000933090,2011-03-13,TMAX,224
NZ000933090,2007-01-04,TMAX,199
NZ000933090,2006-09-29,TMAX,169
NZ000933090,2010-09-10,TMAX,159
NZ000933090,2005-06-05,TMAX,146
NZ000933090,2008-04-21,TMAX,164
NZ000933090,2005-08-31,TMAX,145
NZ000933090,2013-02-08,TMAX,217
NZ000933090,2006-03-18,TMIN,101
NZ000933090,2006-03-18,TMAX,219
NZ000933090,2012-06-16,TMAX,107
NZ000933090,2009-07-06,TMAX,126
NZ000933090,2006-12-03,TMAX,173
NZ000933090,2005-08-31,TMIN,46
NZ000933090,2013-09-03,TMAX,138
NZ000933090,2014-01-24,TMAX,192
NZ000933090,2007-08-02,TMAX,140
NZ000933090,2007-08-02,TMIN,94
NZ000933090,2008-04-21,TMIN,39
NZ000933090,2012-11-19,TMAX,168
NZ000933090,2013-09-03,TMIN,33
NZ000933090,2012-07-25,TMAX,133
NZ000933090,2010-11-21,TMAX,207
NZ000933090,2015-11-19,TMIN,79
NZ000933090,2009-04-15,TMAX,206
NZ000933090,2009-03-12,TMIN,35
NZ000933090,2012-04-22,TMAX,183
NZ000933090,2008-10-12,TMAX,181
NZ000933090,2005-10-28,TMAX,180
NZ000933090,2005-10-28,TMIN,88
NZ000933090,2006-05-15,TMAX,130
NZ000933090,2005-11-13,TMIN,114
NZ000933090,2005-11-13,TMAX,192
NZ000933090,2010-11-22,TMIN,80
NZ000933090,2010-11-22,TMAX,204
NZ000933090,2009-03-12,TMAX,184
NZ000933090,2013-05-31,TMAX,159
NZ000933090,2007-11-07,TMIN,69
NZ000933090,2013-05-31,TMIN,76
NZ000933090,2014-12-12,TMAX,173
NZ000933090,2008-02-27,TMAX,226
NZ000933090,2010-11-25,TMIN,55
NZ000933090,2005-01-05,TMAX,178
NZ000933090,2015-12-13,TMAX,193
NZ000933090,2006-07-08,TMAX,141
NZ000933090,2007-03-15,TMAX,184
NZ000933090,2007-03-15,TMIN,94
NZ000933090,2009-04-15,TMIN,124
NZ000933090,2006-07-08,TMIN,86
NZ000933090,2005-07-10,TMAX,130
NZ000933090,2012-02-03,TMIN,160
NZ000933090,2012-02-03,TMAX,175
NZ000933090,2006-08-09,TMAX,114
NZ000933090,2008-02-27,TMIN,75
NZ000933090,2008-10-07,TMAX,155
NZ000933090,2005-07-10,TMIN,34
NZ000933090,2005-09-11,TMAX,184
NZ000933090,2015-09-07,TMAX,147
NZ000933090,2005-01-07,TMIN,145
NZ000933090,2008-09-10,TMIN,98
NZ000933090,2008-09-10,TMAX,155
NZ000933090,2005-06-02,TMIN,86
NZ000933090,2013-01-02,TMAX,222
NZ000933090,2005-06-02,TMAX,138
NZ000933090,2005-03-05,TMAX,208
NZ000933090,2010-03-08,TMAX,229
NZ000933090,2011-10-11,TMIN,127
NZ000933090,2014-01-02,TMAX,204
NZ000933090,2006-07-05,TMAX,123
NZ000933090,2014-01-02,TMIN,89
NZ000933090,2005-03-05,TMIN,169
NZ000933090,2008-03-12,TMAX,227
NZ000933090,2010-12-14,TMAX,218
NZ000933090,2011-10-11,TMAX,159
NZ000933090,2012-11-09,TMAX,172
NZ000933090,2010-03-08,TMIN,91
NZ000933090,2011-12-03,TMAX,221
NZ000933090,2005-09-11,TMIN,103
NZ000933090,2005-01-07,TMAX,189
NZ000933090,2015-01-27,TMIN,129
NZ000933090,2015-01-27,TMAX,238
NZ000933090,2006-02-24,TMAX,207
NZ000933090,2006-02-24,TMIN,58
NZ000933090,2014-10-14,TMAX,168
NZ000933090,2010-02-28,TMAX,224
NZ000933090,2008-10-18,TMAX,175
NZ000933090,2011-11-28,TMIN,125
NZ000933090,2011-11-28,TMAX,163
NZ000933090,2015-05-30,TMAX,153
NZ000933090,2015-05-30,TMIN,23
NZ000933090,2011-12-03,TMIN,138
NZ000933090,2010-02-28,TMIN,126
NZ000933090,2007-01-09,TMIN,162
NZ000933090,2013-04-16,TMIN,153
NZ000933090,2013-04-16,TMAX,227
NZ000933090,2012-02-29,TMIN,92
NZ000933090,2007-07-04,TMAX,140
NZ000933090,2008-12-11,TMAX,190
NZ000933090,2005-08-29,TMAX,133
NZ000933090,2005-08-29,TMIN,44
NZ000933090,2010-04-21,TMAX,172
NZ000933090,2010-04-21,TMIN,66
NZ000933090,2005-06-16,TMAX,150
NZ000933090,2010-10-13,TMAX,197
NZ000933090,2010-10-13,TMIN,83
NZ000933090,2011-08-20,TMAX,111
NZ000933090,2005-06-16,TMIN,55
NZ000933090,2011-03-25,TMIN,132
NZ000933090,2011-03-25,TMAX,199
NZ000933090,2010-10-16,TMIN,95
NZ000933090,2015-07-05,TMIN,58
NZ000933090,2005-06-17,TMIN,92
NZ000933090,2012-03-06,TMAX,199
NZ000933090,2009-01-25,TMAX,241
NZ000933090,2012-03-06,TMIN,77
NZ000933090,2010-08-11,TMAX,139
NZ000933090,2014-11-09,TMIN,56
NZ000933090,2014-11-09,TMAX,168
NZ000933090,2012-02-28,TMIN,98
NZ000933090,2015-07-05,TMAX,141
NZ000933090,2006-07-21,TMAX,97
NZ000933090,2014-04-07,TMIN,146
NZ000933090,2014-04-07,TMAX,241
NZ000933090,2014-06-25,TMIN,128
NZ000933090,2014-06-25,TMAX,158
NZ000933090,2005-06-17,TMAX,152
NZ000933090,2010-08-11,TMIN,24
NZ000933090,2012-02-29,TMAX,191
NZ000933090,2012-02-28,TMAX,167
NZ000933090,2010-10-16,TMAX,155
NZ000933090,2014-04-01,TMAX,211
NZ000933090,2005-11-08,TMAX,204
NZ000933090,2005-11-08,TMIN,98
NZ000933090,2008-07-28,TMIN,49
NZ000933090,2005-06-09,TMIN,50
NZ000933090,2005-06-09,TMAX,127
NZ000933090,2007-08-03,TMAX,148
NZ000933090,2009-11-17,TMAX,171
NZ000933090,2009-11-17,TMIN,107
NZ000933090,2008-07-28,TMAX,147
NZ000933090,2009-09-06,TMAX,164
NZ000933090,2008-12-25,TMAX,202
NZ000933090,2012-05-31,TMAX,158
NZ000933090,2015-09-21,TMIN,79
NZ000933090,2015-09-21,TMAX,115
NZ000933090,2013-03-21,TMAX,211
NZ000933090,2005-03-06,TMIN,160
NZ000933090,2005-08-11,TMIN,90
NZ000933090,2005-10-24,TMAX,164
NZ000933090,2005-10-24,TMIN,69
NZ000933090,2013-11-04,TMIN,64
NZ000933090,2006-08-15,TMAX,109
NZ000933090,2014-12-22,TMAX,194
NZ000933090,2008-12-01,TMAX,201
NZ000933090,2005-03-06,TMAX,230
NZ000933090,2007-06-29,TMIN,75
NZ000933090,2006-04-23,TMAX,210
NZ000933090,2006-04-23,TMIN,169
NZ000933090,2014-06-06,TMIN,57
NZ000933090,2014-06-06,TMAX,159
NZ000933090,2005-08-11,TMAX,142
NZ000933090,2014-04-01,TMIN,85
NZ000933090,2013-11-04,TMAX,172
NZ000933090,2011-03-20,TMIN,96
NZ000933090,2013-05-26,TMIN,68
NZ000933090,2011-03-20,TMAX,217
NZ000933090,2009-08-01,TMAX,142
NZ000933090,2010-09-24,TMAX,153
NZ000933090,2010-09-24,TMIN,89
NZ000933090,2007-08-24,TMAX,144
NZ000933090,2015-07-24,TMAX,139
NZ000933090,2007-08-24,TMIN,47
NZ000933090,2006-12-15,TMIN,66
NZ000933090,2014-02-13,TMIN,141
NZ000933090,2012-03-05,TMIN,69
NZ000933090,2012-03-05,TMAX,186
NZ000933090,2010-10-24,TMAX,163
NZ000933090,2005-03-18,TMIN,160
NZ000933090,2009-07-08,TMAX,124
NZ000933090,2014-07-05,TMAX,154
NZ000933090,2014-02-13,TMAX,204
NZ000933090,2008-09-05,TMAX,162
NZ000933090,2008-10-14,TMAX,176
NZ000933090,2011-02-09,TMAX,226
NZ000933090,2013-03-06,TMAX,211
NZ000933090,2007-02-17,TMAX,223
NZ000933090,2013-03-06,TMIN,68
NZ000933090,2011-06-19,TMAX,162
NZ000933090,2010-06-10,TMIN,59
NZ000933090,2010-06-10,TMAX,160
NZ000933090,2008-10-14,TMIN,73
NZ000933090,2005-02-23,TMIN,128
NZ000933090,2005-10-30,TMAX,190
NZ000933090,2005-02-23,TMAX,230
NZ000933090,2008-09-03,TMAX,155
NZ000933090,2005-10-30,TMIN,108
NZ000933090,2008-09-03,TMIN,88
NZ000933090,2006-12-15,TMAX,169
NZ000933090,2011-05-09,TMAX,188
NZ000933090,2010-07-20,TMIN,60
NZ000933090,2005-03-18,TMAX,230
NZ000933090,2014-11-14,TMIN,96
NZ000933090,2008-03-24,TMIN,110
NZ000933090,2008-03-24,TMAX,219
NZ000933090,2009-07-27,TMAX,120
NZ000933090,2015-02-08,TMIN,144
NZ000933090,2015-02-08,TMAX,209
NZ000933090,2014-03-09,TMAX,205
NZ000933090,2009-07-27,TMIN,13
NZ000933090,2009-08-10,TMIN,52
NZ000933090,2009-01-25,TMIN,108
NZ000933090,2009-08-10,TMAX,144
NZ000933090,2015-07-02,TMIN,28
NZ000933090,2007-04-30,TMIN,127
NZ000933090,2015-07-02,TMAX,136
NZ000933090,2013-05-26,TMAX,162
NZ000933090,2008-11-06,TMAX,156
NZ000933090,2012-02-14,TMAX,216
NZ000933090,2014-02-04,TMAX,218
NZ000933090,2014-03-09,TMIN,90
NZ000933090,2014-11-14,TMAX,165
NZ000933090,2011-03-03,TMIN,87
NZ000933090,2012-06-21,TMAX,131
NZ000933090,2010-08-01,TMAX,141
NZ000933090,2014-10-10,TMAX,174
NZ000933090,2014-10-10,TMIN,48
NZ000933090,2014-02-04,TMIN,101
NZ000933090,2011-03-03,TMAX,210
NZ000933090,2010-01-28,TMIN,139
NZ000933090,2005-09-19,TMAX,118
NZ000933090,2005-09-19,TMIN,17
NZ000933090,2008-11-06,TMIN,75
NZ000933090,2007-11-04,TMAX,160
NZ000933090,2010-12-22,TMAX,202
NZ000933090,2010-01-28,TMAX,242
NZ000933090,2007-01-19,TMIN,113
NZ000933090,2010-04-16,TMAX,178
NZ000933090,2015-09-02,TMAX,157
NZ000933090,2011-05-04,TMIN,164
NZ000933090,2011-05-04,TMAX,194
NZ000933090,2014-01-07,TMIN,83
NZ000933090,2014-01-07,TMAX,203
NZ000933090,2008-08-22,TMIN,115
NZ000933090,2005-08-27,TMAX,138
NZ000933090,2005-08-27,TMIN,67
NZ000933090,2009-11-05,TMAX,177
NZ000933090,2008-08-22,TMAX,156
NZ000933090,2015-03-15,TMIN,143
NZ000933090,2015-03-15,TMAX,243
NZ000933090,2013-08-03,TMAX,178
NZ000933090,2013-08-03,TMIN,78
NZ000933090,2010-09-19,TMIN,88
NZ000933090,2010-09-19,TMAX,147
NZ000933090,2005-09-18,TMAX,156
NZ000933090,2005-09-18,TMIN,77
NZ000933090,2015-03-31,TMIN,84
NZ000933090,2013-06-16,TMAX,154
NZ000933090,2013-06-16,TMIN,105
NZ000933090,2007-09-23,TMIN,91
NZ000933090,2007-06-26,TMAX,111
NZ000933090,2007-09-23,TMAX,172
NZ000933090,2013-06-29,TMAX,126
NZ000933090,2015-02-09,TMAX,222
NZ000933090,2012-01-27,TMAX,193
NZ000933090,2011-10-05,TMAX,169
NZ000933090,2011-10-05,TMIN,97
NZ000933090,2014-01-01,TMAX,207
NZ000933090,2014-11-15,TMIN,115
NZ000933090,2014-11-15,TMAX,168
NZ000933090,2015-03-31,TMAX,203
NZ000933090,2013-06-29,TMIN,28
NZ000933090,2005-01-12,TMIN,98
NZ000933090,2005-01-12,TMAX,206
NZ000933090,2005-12-06,TMAX,200
NZ000933090,2011-07-13,TMAX,157
NZ000933090,2011-07-13,TMIN,81
NZ000933090,2009-01-30,TMAX,230
NZ000933090,2007-10-13,TMAX,171
NZ000933090,2010-04-13,TMIN,71
NZ000933090,2005-12-06,TMIN,150
NZ000933090,2010-04-13,TMAX,198
NZ000933090,2005-09-20,TMAX,140
NZ000933090,2006-10-06,TMAX,130
NZ000933090,2012-09-12,TMAX,122
NZ000933090,2007-08-09,TMAX,154
NZ000933090,2007-08-09,TMIN,90
NZ000933090,2006-10-12,TMAX,172
NZ000933090,2005-09-20,TMIN,32
NZ000933090,2009-05-17,TMAX,177
NZ000933090,2009-01-30,TMIN,149
NZ000933090,2005-03-12,TMAX,226
NZ000933090,2013-12-25,TMAX,200
NZ000933090,2007-12-01,TMAX,194
NZ000933090,2013-03-22,TMIN,92
NZ000933090,2013-03-22,TMAX,214
NZ000933090,2011-02-27,TMAX,226
NZ000933090,2006-09-05,TMAX,152
NZ000933090,2007-06-19,TMAX,124
NZ000933090,2006-09-05,TMIN,124
NZ000933090,2007-10-20,TMIN,7
NZ000933090,2007-02-01,TMAX,215
NZ000933090,2009-08-23,TMAX,149
NZ000933090,2009-08-23,TMIN,68
NZ000933090,2007-06-19,TMIN,-4
NZ000933090,2005-03-12,TMIN,107
NZ000933090,2007-10-20,TMAX,152
NZ000933090,2006-10-12,TMIN,107
NZ000933090,2008-07-04,TMAX,147
NZ000933090,2010-02-14,TMAX,225
NZ000933090,2009-09-11,TMIN,120
NZ000933090,2009-09-11,TMAX,140
NZ000933090,2013-10-10,TMIN,56
NZ000933090,2014-04-20,TMAX,200
NZ000933090,2009-02-17,TMIN,144
NZ000933090,2009-02-17,TMAX,230
NZ000933090,2009-09-25,TMIN,82
NZ000933090,2009-09-25,TMAX,176
NZ000933090,2013-05-29,TMAX,123
NZ000933090,2014-11-03,TMAX,170
NZ000933090,2013-05-29,TMIN,15
NZ000933090,2011-04-12,TMIN,75
NZ000933090,2011-04-12,TMAX,196
NZ000933090,2005-03-17,TMAX,230
NZ000933090,2012-11-18,TMAX,167
NZ000933090,2015-11-11,TMAX,171
NZ000933090,2005-03-29,TMIN,140
NZ000933090,2012-10-04,TMAX,151
NZ000933090,2006-09-25,TMAX,167
NZ000933090,2010-12-15,TMAX,229
NZ000933090,2007-10-24,TMAX,162
NZ000933090,2006-10-29,TMAX,158
NZ000933090,2010-12-15,TMIN,154
NZ000933090,2011-09-27,TMIN,20
NZ000933090,2005-03-17,TMIN,161
NZ000933090,2015-10-26,TMAX,160
NZ000933090,2015-10-26,TMIN,92
NZ000933090,2006-01-30,TMIN,183
NZ000933090,2014-05-25,TMAX,164
NZ000933090,2006-01-30,TMAX,252
NZ000933090,2005-03-29,TMAX,191
NZ000933090,2007-10-24,TMIN,84
NZ000933090,2014-01-27,TMAX,204
NZ000933090,2014-01-27,TMIN,77
NZ000933090,2011-09-27,TMAX,147
NZ000933090,2013-05-07,TMAX,154
NZ000933090,2007-10-02,TMAX,154
NZ000933090,2006-10-15,TMAX,162
NZ000933090,2012-05-23,TMIN,26
NZ000933090,2012-05-23,TMAX,164
NZ000933090,2013-09-19,TMIN,28
NZ000933090,2015-06-12,TMAX,149
NZ000933090,2014-05-19,TMAX,186
NZ000933090,2005-04-27,TMAX,175
NZ000933090,2005-04-27,TMIN,128
NZ000933090,2014-05-19,TMIN,68
NZ000933090,2012-02-13,TMAX,226
NZ000933090,2011-06-18,TMAX,174
NZ000933090,2012-02-13,TMIN,149
NZ000933090,2011-06-18,TMIN,93
NZ000933090,2010-02-14,TMIN,158
NZ000933090,2015-06-12,TMIN,69
NZ000933090,2006-12-05,TMAX,185
NZ000933090,2015-10-19,TMAX,155
NZ000933090,2006-12-31,TMAX,183
NZ000933090,2006-12-31,TMIN,81
NZ000933090,2012-10-27,TMAX,175
NZ000933090,2011-09-10,TMAX,153
NZ000933090,2012-10-27,TMIN,63
NZ000933090,2006-12-05,TMIN,95
NZ000933090,2012-06-15,TMIN,51
NZ000933090,2007-12-11,TMAX,228
NZ000933090,2011-08-25,TMIN,95
NZ000933090,2012-01-03,TMAX,211
NZ000933090,2006-04-22,TMAX,210
NZ000933090,2012-01-03,TMIN,133
NZ000933090,2011-08-25,TMAX,140
NZ000933090,2012-06-15,TMAX,94
NZ000933090,2006-04-14,TMAX,204
NZ000933090,2013-06-07,TMAX,152
NZ000933090,2013-06-07,TMIN,48
NZ000933090,2014-07-18,TMAX,114
NZ000933090,2005-10-23,TMAX,157
NZ000933090,2005-10-23,TMIN,53
NZ000933090,2011-07-29,TMAX,142
NZ000933090,2011-07-29,TMIN,93
NZ000933090,2005-10-08,TMIN,83
NZ000933090,2005-10-08,TMAX,132
NZ000933090,2012-04-19,TMAX,185
NZ000933090,2009-08-28,TMIN,102
NZ000933090,2012-08-20,TMAX,147
NZ000933090,2005-11-04,TMIN,145
NZ000933090,2005-11-04,TMAX,178
NZ000933090,2009-08-28,TMAX,166
NZ000933090,2010-02-05,TMAX,250
NZ000933090,2010-02-05,TMIN,130
NZ000933090,2008-04-25,TMIN,81
NZ000933090,2008-04-25,TMAX,184
NZ000933090,2006-09-03,TMAX,158
NZ000933090,2006-09-03,TMIN,129
NZ000933090,2005-07-13,TMIN,103
NZ000933090,2006-10-14,TMIN,133
NZ000933090,2005-07-13,TMAX,136
NZ000933090,2015-02-04,TMIN,131
NZ000933090,2006-06-27,TMAX,118
NZ000933090,2012-08-11,TMIN,45
NZ000933090,2013-02-19,TMIN,116
NZ000933090,2007-12-24,TMIN,138
NZ000933090,2013-02-19,TMAX,227
NZ000933090,2007-12-24,TMAX,221
NZ000933090,2005-03-21,TMAX,232
NZ000933090,2005-03-21,TMIN,167
NZ000933090,2012-08-11,TMAX,157
NZ000933090,2011-05-15,TMAX,183
NZ000933090,2012-11-28,TMAX,178
NZ000933090,2012-11-28,TMIN,121
NZ000933090,2011-05-22,TMAX,170
NZ000933090,2011-05-22,TMIN,57
NZ000933090,2013-10-31,TMAX,168
NZ000933090,2011-09-24,TMIN,42
NZ000933090,2011-09-24,TMAX,149
NZ000933090,2015-10-17,TMAX,165
NZ000933090,2014-07-26,TMAX,129
NZ000933090,2011-01-20,TMAX,243
NZ000933090,2011-01-20,TMIN,98
NZ000933090,2008-01-10,TMIN,116
NZ000933090,2008-01-10,TMAX,247
NZ000933090,2015-10-17,TMIN,121
NZ000933090,2005-12-30,TMAX,209
NZ000933090,2012-07-24,TMIN,102
NZ000933090,2015-04-11,TMAX,196
NZ000933090,2008-10-27,TMIN,22
NZ000933090,2014-07-26,TMIN,33
NZ000933090,2015-04-11,TMIN,127
NZ000933090,2006-08-02,TMIN,117
NZ000933090,2006-11-22,TMAX,184
NZ000933090,2006-08-02,TMAX,143
NZ000933090,2015-03-13,TMAX,221
NZ000933090,2006-07-26,TMAX,131
NZ000933090,2005-02-28,TMIN,105
NZ000933090,2012-01-17,TMAX,208
NZ000933090,2006-11-22,TMIN,110
NZ000933090,2005-02-28,TMAX,210
NZ000933090,2011-06-12,TMAX,151
NZ000933090,2011-06-12,TMIN,63
NZ000933090,2014-03-13,TMAX,218
NZ000933090,2012-01-17,TMIN,86
NZ000933090,2014-03-13,TMIN,80
NZ000933090,2012-05-18,TMAX,160
NZ000933090,2008-12-24,TMAX,179
NZ000933090,2015-02-04,TMAX,218
NZ000933090,2005-10-10,TMAX,168
NZ000933090,2005-06-14,TMAX,140
NZ000933090,2013-12-05,TMIN,166
NZ000933090,2013-12-05,TMAX,213
NZ000933090,2015-11-01,TMIN,86
NZ000933090,2011-05-10,TMAX,191
NZ000933090,2010-03-22,TMAX,218
NZ000933090,2010-03-22,TMIN,166
NZ000933090,2012-03-29,TMAX,215
NZ000933090,2011-05-10,TMIN,108
NZ000933090,2010-05-23,TMIN,66
NZ000933090,2010-07-16,TMAX,133
NZ000933090,2015-04-06,TMAX,216
NZ000933090,2015-04-06,TMIN,125
NZ000933090,2011-12-17,TMAX,169
NZ000933090,2015-06-10,TMAX,162
NZ000933090,2010-07-16,TMIN,52
NZ000933090,2010-10-29,TMIN,95
NZ000933090,2010-10-29,TMAX,199
NZ000933090,2014-01-18,TMIN,66
NZ000933090,2014-01-18,TMAX,187
NZ000933090,2011-10-18,TMAX,150
NZ000933090,2011-04-18,TMAX,134
NZ000933090,2011-01-13,TMAX,245
NZ000933090,2010-07-12,TMAX,140
NZ000933090,2012-11-27,TMAX,176
NZ000933090,2007-10-18,TMAX,132
NZ000933090,2005-01-15,TMIN,109
NZ000933090,2005-01-15,TMAX,198
NZ000933090,2011-04-15,TMAX,201
NZ000933090,2011-04-15,TMIN,108
NZ000933090,2012-11-27,TMIN,113
NZ000933090,2005-06-14,TMIN,90
NZ000933090,2015-11-01,TMAX,162
NZ000933090,2013-01-18,TMAX,196
NZ000933090,2007-03-02,TMAX,232
NZ000933090,2007-05-19,TMAX,171
NZ000933090,2015-11-03,TMAX,166
NZ000933090,2015-12-21,TMIN,113
NZ000933090,2007-11-29,TMAX,177
NZ000933090,2007-11-29,TMIN,82
NZ000933090,2006-04-02,TMIN,147
NZ000933090,2006-03-08,TMAX,202
NZ000933090,2008-08-04,TMAX,142
NZ000933090,2009-09-13,TMAX,163
NZ000933090,2015-07-11,TMAX,110
NZ000933090,2015-07-11,TMIN,1
NZ000933090,2013-04-06,TMIN,93
NZ000933090,2013-04-06,TMAX,200
NZ000933090,2008-10-27,TMAX,163
NZ000933090,2005-10-10,TMIN,110
NZ000933090,2008-12-24,TMIN,132
NZ000933090,2007-05-19,TMIN,63
NZ000933090,2007-10-06,TMAX,168
NZ000933090,2008-09-04,TMAX,170
NZ000933090,2015-08-04,TMAX,143
NZ000933090,2006-08-10,TMAX,120
NZ000933090,2011-01-25,TMAX,219
NZ000933090,2011-01-25,TMIN,101
NZ000933090,2011-10-10,TMAX,162
NZ000933090,2011-10-10,TMIN,75
NZ000933090,2008-09-04,TMIN,89
NZ000933090,2015-04-14,TMAX,119
NZ000933090,2007-11-24,TMIN,92
NZ000933090,2013-06-04,TMAX,140
NZ000933090,2013-12-06,TMAX,205
NZ000933090,2007-06-10,TMIN,55
NZ000933090,2007-10-06,TMIN,123
NZ000933090,2015-12-21,TMAX,195
NZ000933090,2007-11-24,TMAX,197
NZ000933090,2005-12-30,TMIN,179
NZ000933090,2006-09-02,TMAX,151
NZ000933090,2005-03-14,TMAX,222
NZ000933090,2006-01-07,TMIN,77
NZ000933090,2005-05-05,TMAX,200
NZ000933090,2015-10-15,TMAX,158
NZ000933090,2015-10-15,TMIN,44
NZ000933090,2006-01-07,TMAX,197
NZ000933090,2005-04-03,TMIN,107
NZ000933090,2005-04-03,TMAX,202
NZ000933090,2009-03-17,TMIN,100
NZ000933090,2009-03-17,TMAX,227
NZ000933090,2007-04-23,TMIN,76
NZ000933090,2007-04-23,TMAX,182
NZ000933090,2011-02-14,TMIN,156
NZ000933090,2008-02-29,TMIN,110
NZ000933090,2008-02-29,TMAX,238
NZ000933090,2011-07-24,TMAX,112
NZ000933090,2008-02-28,TMAX,224
NZ000933090,2013-10-15,TMAX,151
NZ000933090,2005-04-08,TMIN,135
NZ000933090,2005-04-08,TMAX,199
NZ000933090,2010-11-18,TMAX,198
NZ000933090,2007-10-05,TMAX,159
NZ000933090,2012-03-09,TMAX,220
NZ000933090,2009-04-04,TMIN,55
NZ000933090,2005-05-05,TMIN,70
NZ000933090,2014-04-28,TMAX,152
NZ000933090,2006-11-09,TMAX,136
NZ000933090,2009-04-04,TMAX,199
NZ000933090,2011-02-14,TMAX,240
NZ000933090,2006-10-19,TMAX,153
NZ000933090,2006-09-10,TMAX,120
NZ000933090,2006-10-19,TMIN,104
NZ000933090,2014-04-28,TMIN,91
NZ000933090,2013-09-05,TMAX,117
NZ000933090,2013-10-24,TMIN,129
NZ000933090,2006-02-23,TMAX,211
NZ000933090,2009-09-20,TMIN,34
NZ000933090,2009-09-20,TMAX,147
NZ000933090,2008-06-05,TMAX,136
NZ000933090,2008-06-05,TMIN,3
NZ000933090,2013-03-04,TMAX,223
NZ000933090,2014-03-26,TMAX,196
NZ000933090,2011-11-14,TMAX,185
NZ000933090,2007-05-26,TMAX,164
NZ000933090,2007-05-26,TMIN,111
NZ000933090,2011-01-29,TMAX,215
NZ000933090,2006-11-25,TMIN,126
NZ000933090,2006-11-25,TMAX,172
NZ000933090,2011-03-24,TMIN,123
NZ000933090,2011-03-24,TMAX,225
NZ000933090,2014-04-13,TMAX,200
NZ000933090,2010-05-31,TMIN,61
NZ000933090,2008-07-24,TMAX,144
NZ000933090,2014-06-26,TMAX,169
NZ000933090,2013-10-24,TMAX,178
NZ000933090,2012-08-06,TMAX,149
NZ000933090,2006-07-16,TMAX,162
NZ000933090,2014-08-14,TMAX,128
NZ000933090,2011-12-04,TMAX,213
NZ000933090,2015-01-02,TMAX,205
NZ000933090,2008-07-24,TMIN,72
NZ000933090,2015-01-02,TMIN,107
NZ000933090,2010-01-30,TMIN,145
NZ000933090,2011-02-11,TMIN,122
NZ000933090,2010-01-30,TMAX,287
NZ000933090,2011-02-11,TMAX,235
NZ000933090,2005-10-15,TMAX,160
NZ000933090,2005-10-15,TMIN,71
NZ000933090,2011-06-07,TMAX,174
NZ000933090,2014-12-21,TMAX,196
NZ000933090,2010-11-16,TMAX,188
NZ000933090,2010-05-31,TMAX,146
NZ000933090,2005-12-26,TMIN,111
NZ000933090,2005-12-26,TMAX,201
NZ000933090,2008-11-18,TMAX,171
NZ000933090,2013-11-12,TMAX,197
NZ000933090,2006-07-12,TMAX,155
NZ000933090,2009-07-30,TMAX,150
NZ000933090,2008-01-02,TMIN,86
NZ000933090,2014-06-10,TMAX,148
NZ000933090,2008-01-02,TMAX,222
NZ000933090,2006-06-08,TMIN,51
NZ000933090,2006-06-08,TMAX,151
NZ000933090,2007-04-16,TMAX,180
NZ000933090,2009-06-27,TMIN,100
NZ000933090,2007-04-16,TMIN,87
NZ000933090,2008-03-28,TMIN,146
NZ000933090,2006-03-26,TMAX,194
NZ000933090,2010-03-04,TMAX,219
NZ000933090,2009-08-14,TMIN,97
NZ000933090,2009-08-14,TMAX,165
NZ000933090,2010-03-02,TMAX,223
NZ000933090,2013-10-05,TMAX,172
NZ000933090,2015-12-02,TMAX,207
NZ000933090,2008-02-15,TMAX,212
NZ000933090,2011-09-20,TMAX,137
NZ000933090,2014-02-09,TMAX,214
NZ000933090,2008-03-28,TMAX,243
NZ000933090,2014-04-08,TMAX,197
NZ000933090,2011-03-29,TMAX,201
NZ000933090,2010-03-12,TMAX,204
NZ000933090,2011-03-29,TMIN,83
NZ000933090,2006-03-26,TMIN,113
NZ000933090,2009-06-27,TMAX,156
NZ000933090,2014-07-07,TMIN,61
NZ000933090,2014-07-07,TMAX,136
NZ000933090,2009-10-26,TMAX,166
NZ000933090,2009-07-20,TMAX,144
NZ000933090,2014-06-14,TMAX,152
NZ000933090,2008-08-19,TMAX,121
NZ000933090,2011-01-03,TMIN,131
NZ000933090,2013-11-08,TMAX,214
NZ000933090,2013-11-08,TMIN,103
NZ000933090,2010-12-10,TMAX,206
NZ000933090,2011-01-03,TMAX,246
NZ000933090,2011-08-30,TMIN,103
NZ000933090,2007-05-09,TMIN,62
NZ000933090,2009-10-04,TMAX,118
NZ000933090,2007-05-09,TMAX,166
NZ000933090,2007-10-05,TMIN,106
NZ000933090,2010-11-16,TMIN,97
NZ000933090,2011-08-30,TMAX,151
NZ000933090,2010-11-18,TMIN,100
NZ000933090,2015-02-25,TMIN,112
NZ000933090,2014-02-01,TMAX,236
NZ000933090,2013-05-02,TMAX,183
NZ000933090,2005-04-20,TMAX,182
NZ000933090,2005-04-20,TMIN,140
NZ000933090,2013-05-02,TMIN,105
NZ000933090,2014-11-30,TMAX,175
NZ000933090,2009-10-26,TMIN,55
NZ000933090,2015-02-25,TMAX,228
NZ000933090,2010-05-03,TMIN,66
NZ000933090,2012-01-11,TMIN,157
NZ000933090,2010-05-03,TMAX,164
NZ000933090,2015-02-17,TMAX,215
NZ000933090,2010-12-13,TMAX,222
NZ000933090,2010-12-10,TMIN,69
NZ000933090,2010-12-13,TMIN,120
NZ000933090,2012-01-11,TMAX,219
NZ000933090,2015-08-26,TMAX,150
NZ000933090,2008-03-15,TMAX,258
NZ000933090,2015-08-26,TMIN,35
NZ000933090,2008-11-03,TMIN,96
NZ000933090,2015-11-26,TMAX,196
NZ000933090,2013-06-21,TMAX,126
NZ000933090,2011-09-15,TMAX,154
NZ000933090,2009-06-02,TMAX,133
NZ000933090,2011-03-05,TMAX,207
NZ000933090,2008-05-05,TMIN,77
NZ000933090,2008-09-06,TMAX,138
NZ000933090,2013-02-20,TMAX,226
NZ000933090,2007-07-16,TMIN,74
NZ000933090,2007-07-16,TMAX,121
NZ000933090,2007-09-19,TMAX,197
NZ000933090,2006-06-23,TMIN,58
NZ000933090,2006-06-23,TMAX,108
NZ000933090,2013-06-02,TMAX,151
NZ000933090,2007-09-19,TMIN,106
NZ000933090,2013-06-02,TMIN,132
NZ000933090,2010-03-28,TMAX,215
NZ000933090,2006-05-22,TMIN,92
NZ000933090,2006-05-22,TMAX,175
NZ000933090,2005-05-01,TMIN,152
NZ000933090,2015-01-06,TMAX,226
NZ000933090,2015-01-06,TMIN,169
NZ000933090,2011-04-01,TMAX,210
NZ000933090,2005-05-01,TMAX,178
NZ000933090,2006-10-03,TMAX,160
NZ000933090,2011-09-07,TMAX,142
NZ000933090,2011-02-10,TMAX,218
NZ000933090,2006-10-03,TMIN,107
NZ000933090,2008-06-03,TMAX,147
NZ000933090,2008-06-03,TMIN,81
NZ000933090,2011-09-07,TMIN,54
NZ000933090,2009-06-22,TMAX,121
NZ000933090,2009-10-06,TMAX,150
NZ000933090,2011-04-01,TMIN,104
NZ000933090,2007-01-27,TMAX,203
NZ000933090,2013-09-28,TMAX,152
NZ000933090,2013-09-28,TMIN,103
NZ000933090,2008-08-18,TMIN,15
NZ000933090,2009-10-14,TMIN,87
NZ000933090,2005-06-23,TMAX,138
NZ000933090,2012-07-17,TMAX,141
NZ000933090,2005-06-23,TMIN,74
NZ000933090,2005-05-26,TMAX,166
NZ000933090,2010-11-23,TMAX,189
NZ000933090,2011-08-18,TMAX,108
NZ000933090,2009-10-14,TMAX,158
NZ000933090,2005-05-26,TMIN,110
NZ000933090,2005-03-14,TMIN,137
NZ000933090,2008-08-18,TMAX,121
NZ000933090,2015-09-09,TMIN,61
NZ000933090,2006-03-16,TMAX,210
NZ000933090,2009-07-10,TMIN,7
NZ000933090,2008-11-03,TMAX,182
NZ000933090,2007-03-14,TMAX,188
NZ000933090,2009-10-06,TMIN,53
NZ000933090,2015-11-26,TMIN,157
NZ000933090,2010-10-15,TMAX,192
NZ000933090,2008-05-25,TMAX,155
NZ000933090,2006-03-16,TMIN,120
NZ000933090,2008-05-25,TMIN,94
NZ000933090,2012-04-27,TMAX,201
NZ000933090,2006-08-28,TMIN,23
NZ000933090,2006-08-28,TMAX,130
NZ000933090,2010-11-23,TMIN,75
NZ000933090,2009-09-03,TMAX,150
NZ000933090,2009-07-10,TMAX,119
NZ000933090,2013-08-23,TMAX,151
NZ000933090,2011-06-05,TMAX,175
NZ000933090,2015-09-09,TMAX,148
NZ000933090,2010-03-28,TMIN,112
NZ000933090,2015-03-21,TMIN,66
NZ000933090,2007-12-20,TMIN,122
NZ000933090,2015-03-21,TMAX,204
NZ000933090,2008-09-19,TMAX,148
NZ000933090,2005-12-17,TMIN,160
NZ000933090,2005-12-17,TMAX,208
NZ000933090,2008-02-20,TMAX,235
NZ000933090,2012-01-14,TMAX,200
NZ000933090,2010-11-24,TMAX,216
NZ000933090,2008-02-20,TMIN,125
NZ000933090,2012-09-04,TMAX,145
NZ000933090,2012-09-04,TMIN,94
NZ000933090,2009-11-16,TMIN,101
NZ000933090,2012-05-30,TMAX,149
NZ000933090,2012-01-14,TMIN,139
NZ000933090,2009-11-16,TMAX,165
NZ000933090,2006-09-07,TMAX,144
NZ000933090,2006-04-28,TMAX,198
NZ000933090,2009-09-29,TMIN,83
NZ000933090,2009-09-29,TMAX,167
NZ000933090,2012-12-26,TMAX,230
NZ000933090,2012-11-04,TMAX,155
NZ000933090,2012-11-04,TMIN,57
NZ000933090,2005-10-29,TMAX,186
NZ000933090,2007-12-20,TMAX,213
NZ000933090,2005-10-29,TMIN,88
NZ000933090,2006-01-24,TMAX,219
NZ000933090,2013-01-23,TMAX,234
NZ000933090,2006-01-24,TMIN,165
NZ000933090,2006-09-07,TMIN,70
NZ000933090,2010-01-09,TMAX,190
NZ000933090,2010-01-09,TMIN,57
NZ000933090,2014-12-10,TMAX,173
NZ000933090,2006-09-02,TMIN,120
NZ000933090,2012-05-30,TMIN,12
NZ000933090,2011-08-11,TMIN,62
NZ000933090,2011-03-07,TMAX,190
NZ000933090,2005-08-10,TMIN,53
NZ000933090,2013-12-16,TMIN,87
NZ000933090,2013-12-16,TMAX,208
NZ000933090,2005-08-10,TMAX,138
NZ000933090,2005-09-05,TMAX,158
NZ000933090,2011-11-01,TMIN,145
NZ000933090,2005-09-05,TMIN,112
NZ000933090,2009-03-18,TMAX,222
NZ000933090,2012-08-25,TMAX,152
NZ000933090,2012-08-25,TMIN,53
NZ000933090,2009-06-10,TMIN,107
NZ000933090,2011-01-04,TMAX,233
NZ000933090,2011-01-04,TMIN,124
NZ000933090,2011-02-10,TMIN,97
NZ000933090,2011-08-11,TMAX,152
NZ000933090,2011-11-01,TMAX,202
NZ000933090,2012-08-15,TMAX,117
NZ000933090,2010-01-23,TMAX,203
NZ000933090,2007-03-25,TMAX,220
NZ000933090,2007-03-25,TMIN,127
NZ000933090,2006-02-17,TMIN,132
NZ000933090,2006-02-17,TMAX,210
NZ000933090,2009-03-08,TMAX,214
NZ000933090,2012-06-07,TMAX,128
NZ000933090,2007-08-27,TMIN,40
NZ000933090,2009-03-08,TMIN,127
NZ000933090,2005-09-26,TMIN,125
NZ000933090,2005-09-26,TMAX,165
NZ000933090,2009-03-18,TMIN,99
NZ000933090,2006-08-18,TMIN,18
NZ000933090,2006-08-18,TMAX,133
NZ000933090,2007-08-27,TMAX,135
NZ000933090,2006-11-28,TMIN,65
NZ000933090,2012-07-24,TMAX,169
NZ000933090,2011-04-16,TMIN,155
NZ000933090,2007-03-27,TMAX,227
NZ000933090,2013-12-17,TMAX,213
NZ000933090,2014-06-19,TMAX,146
NZ000933090,2011-03-19,TMAX,212
NZ000933090,2007-08-23,TMIN,24
NZ000933090,2013-01-09,TMIN,123
NZ000933090,2013-01-09,TMAX,226
NZ000933090,2007-11-03,TMAX,174
NZ000933090,2007-11-03,TMIN,70
NZ000933090,2010-09-13,TMAX,151
NZ000933090,2013-07-18,TMAX,146
NZ000933090,2005-09-28,TMIN,61
NZ000933090,2014-03-04,TMAX,204
NZ000933090,2014-03-04,TMIN,40
NZ000933090,2005-09-28,TMAX,150
NZ000933090,2005-08-15,TMIN,24
NZ000933090,2005-08-15,TMAX,138
NZ000933090,2013-11-25,TMIN,149
NZ000933090,2012-05-05,TMAX,167
NZ000933090,2011-12-21,TMAX,201
NZ000933090,2010-06-19,TMAX,163
NZ000933090,2011-11-17,TMIN,99
NZ000933090,2007-10-11,TMAX,168
NZ000933090,2010-09-09,TMIN,103
NZ000933090,2008-02-04,TMAX,271
NZ000933090,2010-06-19,TMIN,109
NZ000933090,2006-05-29,TMAX,152
NZ000933090,2013-01-29,TMIN,116
NZ000933090,2013-09-04,TMIN,51
NZ000933090,2013-09-04,TMAX,135
NZ000933090,2013-01-29,TMAX,234
NZ000933090,2008-02-04,TMIN,123
NZ000933090,2007-03-27,TMIN,141
NZ000933090,2010-09-09,TMAX,179
NZ000933090,2008-04-12,TMAX,209
NZ000933090,2007-01-05,TMIN,77
NZ000933090,2008-03-11,TMAX,215
NZ000933090,2014-02-26,TMAX,219
NZ000933090,2014-02-26,TMIN,115
NZ000933090,2012-11-17,TMIN,111
NZ000933090,2012-11-17,TMAX,162
NZ000933090,2007-01-05,TMAX,184
NZ000933090,2005-07-23,TMAX,139
NZ000933090,2005-07-23,TMIN,105
NZ000933090,2005-12-11,TMIN,181
NZ000933090,2008-10-08,TMAX,158
NZ000933090,2013-08-04,TMAX,160
NZ000933090,2013-08-04,TMIN,74
NZ000933090,2008-03-16,TMIN,92
NZ000933090,2005-12-11,TMAX,237
NZ000933090,2013-11-25,TMAX,205
NZ000933090,2005-09-03,TMAX,179
NZ000933090,2006-03-22,TMAX,205
NZ000933090,2014-06-02,TMIN,46
NZ000933090,2008-03-11,TMIN,69
NZ000933090,2014-06-02,TMAX,152
NZ000933090,2006-04-15,TMAX,189
NZ000933090,2011-11-21,TMAX,174
NZ000933090,2006-04-15,TMIN,80
NZ000933090,2005-09-03,TMIN,75
NZ000933090,2014-09-08,TMIN,66
NZ000933090,2012-10-19,TMAX,149
NZ000933090,2014-07-06,TMIN,32
NZ000933090,2014-07-06,TMAX,130
NZ000933090,2006-07-10,TMIN,50
NZ000933090,2006-07-10,TMAX,140
NZ000933090,2006-03-22,TMIN,106
NZ000933090,2014-09-08,TMAX,171
NZ000933090,2006-04-07,TMAX,199
NZ000933090,2011-11-17,TMAX,166
NZ000933090,2009-05-04,TMAX,169
NZ000933090,2013-07-27,TMIN,32
NZ000933090,2005-10-02,TMIN,116
NZ000933090,2013-07-27,TMAX,149
NZ000933090,2009-04-26,TMIN,168
NZ000933090,2009-04-26,TMAX,205
NZ000933090,2011-07-04,TMIN,14
NZ000933090,2011-07-04,TMAX,128
NZ000933090,2014-11-21,TMAX,181
NZ000933090,2014-11-21,TMIN,116
NZ000933090,2012-04-02,TMIN,119
NZ000933090,2012-04-02,TMAX,248
NZ000933090,2009-03-26,TMAX,198
NZ000933090,2005-10-03,TMAX,149
NZ000933090,2005-10-03,TMIN,72
NZ000933090,2011-02-15,TMIN,142
NZ000933090,2008-04-18,TMAX,197
NZ000933090,2011-08-05,TMIN,40
NZ000933090,2010-08-31,TMAX,152
NZ000933090,2011-10-19,TMAX,159
NZ000933090,2015-10-13,TMAX,159
NZ000933090,2013-03-05,TMAX,245
NZ000933090,2006-10-27,TMAX,159
NZ000933090,2013-10-28,TMAX,156
NZ000933090,2012-08-30,TMAX,163
NZ000933090,2006-10-27,TMIN,113
NZ000933090,2012-07-20,TMIN,29
NZ000933090,2012-07-20,TMAX,146
NZ000933090,2009-05-11,TMIN,68
NZ000933090,2009-05-11,TMAX,96
NZ000933090,2006-08-26,TMAX,138
NZ000933090,2011-08-05,TMAX,138
NZ000933090,2015-11-28,TMAX,182
NZ000933090,2005-10-02,TMAX,139
NZ000933090,2012-08-30,TMIN,37
NZ000933090,2010-07-08,TMAX,130
NZ000933090,2015-12-01,TMAX,214
NZ000933090,2015-12-01,TMIN,164
NZ000933090,2008-08-27,TMAX,162
NZ000933090,2010-07-01,TMAX,151
NZ000933090,2008-09-29,TMIN,12
NZ000933090,2006-05-03,TMAX,174
NZ000933090,2009-11-26,TMAX,188
NZ000933090,2008-09-29,TMAX,149
NZ000933090,2011-01-08,TMAX,254
NZ000933090,2011-01-08,TMIN,96
NZ000933090,2010-07-01,TMIN,40
NZ000933090,2013-03-23,TMAX,208
NZ000933090,2013-03-23,TMIN,100
NZ000933090,2008-08-31,TMAX,146
NZ000933090,2006-05-03,TMIN,129
NZ000933090,2011-12-21,TMIN,116
NZ000933090,2007-01-21,TMAX,200
NZ000933090,2014-05-16,TMAX,155
NZ000933090,2013-09-20,TMAX,159
NZ000933090,2013-09-20,TMIN,118
NZ000933090,2009-06-05,TMIN,17
NZ000933090,2009-05-28,TMIN,51
NZ000933090,2009-05-28,TMAX,155
NZ000933090,2009-06-05,TMAX,142
NZ000933090,2007-01-21,TMIN,159
NZ000933090,2009-12-25,TMIN,72
NZ000933090,2012-12-19,TMAX,203
NZ000933090,2012-05-09,TMAX,200
NZ000933090,2007-11-21,TMIN,124
NZ000933090,2007-11-21,TMAX,181
NZ000933090,2009-07-21,TMIN,28
NZ000933090,2009-07-21,TMAX,148
NZ000933090,2009-12-25,TMAX,208
NZ000933090,2006-04-07,TMIN,160
NZ000933090,2011-06-28,TMAX,145
NZ000933090,2011-06-28,TMIN,66
NZ000933090,2010-12-26,TMAX,206
NZ000933090,2010-12-26,TMIN,117
NZ000933090,2006-05-11,TMAX,156
NZ000933090,2011-01-31,TMAX,208
NZ000933090,2010-01-01,TMIN,82
NZ000933090,2015-04-24,TMAX,193
NZ000933090,2005-02-01,TMAX,295
NZ000933090,2014-03-23,TMIN,139
NZ000933090,2014-03-23,TMAX,225
NZ000933090,2010-01-01,TMAX,197
NZ000933090,2005-02-01,TMIN,197
NZ000933090,2010-10-26,TMAX,182
NZ000933090,2010-10-26,TMIN,87
NZ000933090,2015-03-08,TMAX,214
NZ000933090,2015-12-06,TMAX,192
NZ000933090,2009-03-24,TMAX,194
NZ000933090,2014-08-01,TMAX,157
NZ000933090,2015-03-09,TMAX,213
NZ000933090,2014-06-20,TMAX,146
NZ000933090,2013-03-14,TMAX,212
NZ000933090,2011-02-28,TMIN,106
NZ000933090,2014-06-20,TMIN,103
NZ000933090,2008-09-15,TMAX,146
NZ000933090,2013-07-12,TMAX,124
NZ000933090,2011-02-28,TMAX,241
NZ000933090,2009-12-19,TMIN,104
NZ000933090,2009-12-19,TMAX,209
NZ000933090,2007-11-17,TMIN,89
NZ000933090,2007-11-17,TMAX,192
NZ000933090,2011-04-07,TMAX,184
NZ000933090,2014-08-01,TMIN,136
NZ000933090,2008-09-15,TMIN,74
NZ000933090,2005-07-02,TMAX,128
NZ000933090,2005-07-02,TMIN,31
NZ000933090,2011-07-08,TMAX,142
NZ000933090,2012-09-02,TMIN,104
NZ000933090,2011-03-10,TMAX,210
NZ000933090,2012-07-30,TMAX,161
NZ000933090,2008-06-28,TMAX,129
NZ000933090,2008-03-14,TMAX,240
NZ000933090,2015-08-31,TMAX,135
NZ000933090,2012-09-02,TMAX,156
NZ000933090,2015-08-31,TMIN,93
NZ000933090,2006-05-26,TMIN,141
NZ000933090,2006-05-26,TMAX,176
NZ000933090,2013-04-02,TMIN,131
NZ000933090,2013-10-20,TMIN,53
NZ000933090,2015-09-02,TMIN,110
NZ000933090,2013-10-20,TMAX,166
NZ000933090,2013-04-02,TMAX,209
NZ000933090,2012-03-26,TMAX,192
NZ000933090,2014-08-19,TMIN,69
NZ000933090,2010-04-19,TMAX,189
NZ000933090,2011-07-08,TMIN,74
NZ000933090,2009-03-07,TMAX,219
NZ000933090,2011-10-01,TMIN,57
NZ000933090,2011-10-01,TMAX,171
NZ000933090,2012-06-06,TMAX,179
NZ000933090,2010-04-19,TMIN,136
NZ000933090,2014-08-19,TMAX,139
NZ000933090,2009-04-05,TMIN,63
NZ000933090,2014-05-12,TMIN,62
NZ000933090,2005-01-14,TMAX,204
NZ000933090,2005-01-14,TMIN,122
NZ000933090,2009-04-05,TMAX,207
NZ000933090,2007-06-05,TMIN,103
NZ000933090,2007-06-05,TMAX,155
NZ000933090,2014-05-12,TMAX,171
NZ000933090,2012-03-31,TMAX,208
NZ000933090,2007-11-23,TMIN,91
NZ000933090,2007-11-23,TMAX,193
NZ000933090,2008-04-13,TMAX,207
NZ000933090,2006-08-14,TMAX,122
NZ000933090,2005-11-29,TMAX,218
NZ000933090,2005-11-29,TMIN,95
NZ000933090,2005-02-12,TMIN,158
NZ000933090,2005-02-12,TMAX,220
NZ000933090,2008-04-13,TMIN,107
NZ000933090,2010-10-30,TMAX,211
NZ000933090,2008-10-09,TMAX,147
NZ000933090,2007-09-16,TMAX,159
NZ000933090,2007-02-26,TMIN,145
NZ000933090,2007-02-26,TMAX,219
NZ000933090,2009-04-25,TMAX,191
NZ000933090,2015-03-04,TMAX,227
NZ000933090,2007-09-16,TMIN,73
NZ000933090,2010-10-22,TMIN,28
NZ000933090,2009-04-25,TMIN,133
NZ000933090,2014-07-08,TMAX,116
NZ000933090,2015-07-19,TMIN,54
NZ000933090,2008-03-16,TMAX,249
NZ000933090,2005-02-13,TMAX,215
NZ000933090,2012-05-01,TMAX,160
NZ000933090,2011-07-10,TMIN,118
NZ000933090,2011-07-10,TMAX,151
NZ000933090,2014-07-08,TMIN,57
NZ000933090,2015-07-19,TMAX,109
NZ000933090,2005-02-13,TMIN,168
NZ000933090,2011-02-08,TMAX,198
NZ000933090,2011-07-15,TMAX,113
NZ000933090,2006-01-12,TMAX,215
NZ000933090,2015-09-25,TMAX,169
NZ000933090,2007-03-19,TMAX,190
NZ000933090,2011-05-28,TMAX,165
NZ000933090,2010-08-31,TMIN,49
NZ000933090,2014-12-28,TMIN,116
NZ000933090,2010-10-22,TMAX,177
NZ000933090,2014-12-27,TMIN,117
NZ000933090,2014-12-27,TMAX,210
NZ000933090,2005-09-24,TMAX,142
NZ000933090,2005-09-24,TMIN,56
NZ000933090,2008-10-22,TMAX,179
NZ000933090,2008-10-22,TMIN,138
NZ000933090,2014-02-05,TMAX,222
NZ000933090,2006-07-20,TMAX,113
NZ000933090,2015-04-26,TMAX,195
NZ000933090,2015-04-26,TMIN,143
NZ000933090,2006-12-07,TMAX,163
NZ000933090,2006-12-07,TMIN,67
NZ000933090,2015-08-16,TMAX,152
NZ000933090,2012-03-31,TMIN,106
NZ000933090,2015-10-08,TMAX,158
NZ000933090,2009-02-19,TMAX,240
NZ000933090,2008-12-23,TMAX,217
NZ000933090,2007-02-22,TMAX,225
NZ000933090,2008-12-03,TMAX,215
NZ000933090,2012-07-06,TMAX,133
NZ000933090,2013-01-05,TMIN,87
NZ000933090,2011-11-19,TMIN,80
NZ000933090,2011-11-19,TMAX,173
NZ000933090,2013-01-05,TMAX,258
NZ000933090,2009-01-03,TMAX,200
NZ000933090,2015-11-07,TMIN,59
NZ000933090,2015-11-07,TMAX,168
NZ000933090,2015-08-03,TMIN,115
NZ000933090,2015-08-03,TMAX,145
NZ000933090,2009-02-19,TMIN,157
NZ000933090,2007-01-17,TMAX,235
NZ000933090,2007-02-22,TMIN,142
NZ000933090,2008-12-23,TMIN,118
NZ000933090,2011-04-16,TMAX,194
NZ000933090,2009-03-03,TMIN,128
NZ000933090,2008-09-02,TMAX,165
NZ000933090,2005-08-04,TMAX,132
NZ000933090,2006-10-21,TMIN,57
NZ000933090,2005-08-04,TMIN,31
NZ000933090,2006-10-21,TMAX,150
NZ000933090,2010-10-21,TMAX,162
NZ000933090,2007-05-27,TMAX,174
NZ000933090,2011-01-22,TMAX,223
NZ000933090,2006-03-05,TMAX,195
NZ000933090,2006-11-29,TMIN,108
NZ000933090,2006-11-29,TMAX,178
NZ000933090,2005-09-07,TMAX,167
NZ000933090,2014-09-04,TMAX,170
NZ000933090,2005-09-07,TMIN,55
NZ000933090,2006-03-29,TMAX,184
NZ000933090,2015-03-24,TMAX,212
NZ000933090,2007-05-31,TMAX,161
NZ000933090,2007-05-31,TMIN,120
NZ000933090,2013-08-22,TMAX,157
NZ000933090,2006-03-10,TMIN,56
NZ000933090,2006-03-10,TMAX,193
NZ000933090,2009-05-29,TMAX,153
NZ000933090,2009-05-29,TMIN,43
NZ000933090,2006-01-18,TMAX,196
NZ000933090,2006-03-05,TMIN,69
NZ000933090,2012-10-14,TMAX,149
NZ000933090,2014-05-23,TMIN,120
NZ000933090,2014-05-23,TMAX,171
NZ000933090,2014-08-02,TMAX,155
NZ000933090,2008-07-22,TMIN,80
NZ000933090,2008-07-22,TMAX,164
NZ000933090,2014-09-04,TMIN,101
NZ000933090,2015-07-14,TMIN,17
NZ000933090,2015-05-08,TMAX,188
NZ000933090,2009-04-21,TMAX,177
NZ000933090,2009-11-21,TMAX,184
NZ000933090,2005-01-23,TMAX,219
NZ000933090,2005-03-09,TMAX,208
NZ000933090,2006-06-17,TMAX,111
NZ000933090,2012-09-09,TMIN,100
NZ000933090,2012-09-09,TMAX,152
NZ000933090,2013-02-06,TMIN,65
NZ000933090,2012-09-30,TMAX,166
NZ000933090,2013-02-06,TMAX,209
NZ000933090,2009-07-16,TMAX,144
NZ000933090,2008-05-13,TMAX,142
NZ000933090,2007-12-26,TMAX,188
NZ000933090,2014-09-29,TMAX,190
NZ000933090,2010-02-03,TMAX,247
NZ000933090,2011-12-10,TMIN,146
NZ000933090,2005-01-23,TMIN,143
NZ000933090,2009-03-31,TMAX,217
NZ000933090,2012-09-30,TMIN,48
NZ000933090,2015-10-28,TMIN,133
NZ000933090,2009-11-21,TMIN,140
NZ000933090,2005-01-17,TMIN,133
NZ000933090,2006-12-26,TMAX,180
NZ000933090,2006-12-26,TMIN,150
NZ000933090,2005-01-17,TMAX,206
NZ000933090,2014-05-27,TMIN,1
NZ000933090,2015-10-28,TMAX,172
NZ000933090,2008-06-27,TMAX,152
NZ000933090,2015-08-15,TMIN,54
NZ000933090,2014-05-27,TMAX,121
NZ000933090,2013-11-18,TMIN,83
NZ000933090,2011-07-20,TMIN,33
NZ000933090,2011-07-20,TMAX,129
NZ000933090,2009-05-14,TMIN,84
NZ000933090,2015-08-15,TMAX,133
NZ000933090,2009-05-09,TMIN,57
NZ000933090,2005-03-19,TMAX,218
NZ000933090,2008-06-08,TMIN,55
NZ000933090,2014-10-05,TMAX,153
NZ000933090,2014-10-05,TMIN,72
NZ000933090,2011-04-10,TMAX,191
NZ000933090,2014-10-30,TMIN,81
NZ000933090,2014-10-30,TMAX,161
NZ000933090,2011-04-10,TMIN,118
NZ000933090,2014-09-19,TMAX,158
NZ000933090,2012-09-19,TMAX,140
NZ000933090,2015-04-09,TMAX,202
NZ000933090,2005-03-22,TMIN,145
NZ000933090,2012-09-19,TMIN,33
NZ000933090,2015-04-09,TMIN,174
NZ000933090,2013-11-24,TMAX,204
NZ000933090,2012-04-25,TMAX,181
NZ000933090,2012-04-25,TMIN,69
NZ000933090,2013-02-07,TMIN,118
NZ000933090,2013-11-24,TMIN,123
NZ000933090,2012-11-10,TMAX,177
NZ000933090,2012-11-10,TMIN,48
NZ000933090,2011-08-15,TMAX,83
NZ000933090,2007-02-02,TMIN,103
NZ000933090,2007-03-05,TMAX,231
NZ000933090,2013-03-15,TMAX,231
NZ000933090,2005-06-27,TMIN,16
NZ000933090,2012-02-25,TMAX,206
NZ000933090,2005-03-22,TMAX,240
NZ000933090,2007-02-02,TMAX,187
NZ000933090,2012-02-04,TMAX,195
NZ000933090,2015-10-31,TMIN,53
NZ000933090,2015-10-31,TMAX,162
NZ000933090,2013-02-07,TMAX,233
NZ000933090,2013-03-15,TMIN,97
NZ000933090,2005-06-27,TMAX,128
NZ000933090,2009-07-23,TMAX,150
NZ000933090,2013-07-13,TMAX,112
NZ000933090,2008-06-11,TMIN,53
NZ000933090,2008-06-20,TMIN,24
NZ000933090,2008-06-11,TMAX,145
NZ000933090,2005-03-20,TMAX,232
NZ000933090,2012-07-10,TMAX,133
NZ000933090,2012-07-10,TMIN,20
NZ000933090,2008-06-20,TMAX,129
NZ000933090,2012-02-05,TMAX,192
NZ000933090,2008-06-01,TMIN,59
NZ000933090,2008-06-01,TMAX,164
NZ000933090,2007-03-09,TMAX,210
NZ000933090,2005-03-20,TMIN,152
NZ000933090,2008-01-29,TMAX,241
NZ000933090,2009-03-06,TMAX,226
NZ000933090,2007-03-09,TMIN,108
NZ000933090,2005-03-19,TMIN,156
NZ000933090,2013-09-06,TMIN,30
NZ000933090,2013-09-06,TMAX,143
NZ000933090,2013-07-13,TMIN,47
NZ000933090,2008-04-16,TMIN,149
NZ000933090,2008-04-16,TMAX,217
NZ000933090,2010-11-10,TMIN,51
NZ000933090,2010-11-10,TMAX,179
NZ000933090,2009-03-31,TMIN,109
NZ000933090,2008-10-31,TMIN,102
NZ000933090,2012-06-20,TMAX,159
NZ000933090,2007-01-29,TMAX,206
NZ000933090,2010-04-24,TMIN,149
NZ000933090,2010-04-24,TMAX,198
NZ000933090,2009-01-11,TMIN,152
NZ000933090,2009-01-11,TMAX,219
NZ000933090,2008-10-31,TMAX,165
NZ000933090,2009-07-23,TMIN,91
NZ000933090,2009-05-09,TMAX,153
NZ000933090,2006-02-12,TMAX,215
NZ000933090,2011-12-10,TMAX,208
NZ000933090,2013-05-16,TMIN,93
NZ000933090,2009-11-28,TMAX,165
NZ000933090,2012-12-30,TMAX,209
NZ000933090,2010-05-16,TMAX,166
NZ000933090,2013-05-16,TMAX,193
NZ000933090,2009-07-03,TMAX,154
NZ000933090,2014-08-29,TMAX,163
NZ000933090,2014-08-29,TMIN,33
NZ000933090,2009-07-03,TMIN,57
NZ000933090,2006-08-21,TMAX,142
NZ000933090,2009-01-23,TMIN,106
NZ000933090,2012-12-07,TMAX,164
NZ000933090,2015-06-20,TMAX,158
NZ000933090,2009-01-23,TMAX,218
NZ000933090,2013-06-10,TMAX,167
NZ000933090,2007-04-20,TMIN,55
NZ000933090,2007-04-20,TMAX,167
NZ000933090,2008-09-09,TMAX,164
NZ000933090,2009-05-02,TMAX,153
NZ000933090,2015-07-27,TMIN,107
NZ000933090,2008-02-23,TMAX,244
NZ000933090,2008-02-23,TMIN,168
NZ000933090,2014-10-24,TMAX,164
NZ000933090,2015-04-18,TMAX,166
NZ000933090,2013-01-30,TMAX,240
NZ000933090,2009-06-14,TMIN,55
NZ000933090,2009-06-14,TMAX,151
NZ000933090,2011-08-04,TMAX,150
NZ000933090,2009-12-26,TMAX,232
NZ000933090,2009-12-26,TMIN,107
NZ000933090,2013-06-10,TMIN,69
NZ000933090,2008-10-23,TMIN,144
NZ000933090,2008-06-17,TMAX,146
NZ000933090,2014-12-11,TMAX,187
NZ000933090,2014-12-11,TMIN,121
NZ000933090,2013-07-02,TMAX,149
NZ000933090,2011-12-11,TMAX,219
NZ000933090,2013-07-02,TMIN,110
NZ000933090,2013-08-12,TMAX,145
NZ000933090,2005-04-24,TMIN,37
NZ000933090,2005-04-24,TMAX,144
NZ000933090,2006-12-12,TMAX,174
NZ000933090,2011-02-15,TMAX,263
NZ000933090,2010-10-20,TMAX,153
NZ000933090,2015-03-29,TMAX,214
NZ000933090,2007-08-20,TMAX,129
NZ000933090,2010-10-20,TMIN,95
NZ000933090,2009-12-06,TMAX,197
NZ000933090,2009-12-06,TMIN,83
NZ000933090,2009-03-26,TMIN,63
NZ000933090,2015-07-27,TMAX,142
NZ000933090,2006-12-12,TMIN,101
NZ000933090,2014-10-09,TMAX,154
NZ000933090,2007-04-06,TMIN,80
NZ000933090,2007-04-06,TMAX,186
NZ000933090,2008-05-15,TMAX,173
NZ000933090,2008-05-15,TMIN,56
NZ000933090,2008-09-08,TMIN,96
NZ000933090,2008-09-08,TMAX,156
NZ000933090,2012-12-08,TMIN,71
NZ000933090,2015-06-02,TMAX,174
NZ000933090,2009-08-18,TMIN,53
NZ000933090,2012-09-13,TMIN,-13
NZ000933090,2009-08-18,TMAX,157
NZ000933090,2010-01-16,TMAX,195
NZ000933090,2010-01-16,TMIN,139
NZ000933090,2012-12-08,TMAX,179
NZ000933090,2012-09-13,TMAX,137
NZ000933090,2015-09-19,TMIN,69
NZ000933090,2015-09-19,TMAX,140
NZ000933090,2007-08-07,TMAX,133
NZ000933090,2005-09-15,TMIN,120
NZ000933090,2013-07-23,TMIN,91
NZ000933090,2015-06-05,TMAX,142
NZ000933090,2015-06-05,TMIN,58
NZ000933090,2006-10-23,TMAX,147
NZ000933090,2015-06-28,TMIN,86
NZ000933090,2007-06-30,TMIN,116
NZ000933090,2014-05-06,TMAX,194
NZ000933090,2010-03-17,TMAX,181
NZ000933090,2005-09-12,TMAX,185
NZ000933090,2010-12-30,TMAX,217
NZ000933090,2005-04-12,TMIN,109
NZ000933090,2010-12-30,TMIN,116
NZ000933090,2012-09-24,TMAX,161
NZ000933090,2010-07-29,TMAX,141
NZ000933090,2005-09-12,TMIN,100
NZ000933090,2007-06-30,TMAX,161
NZ000933090,2008-05-30,TMAX,162
NZ000933090,2010-02-03,TMIN,179
NZ000933090,2014-10-26,TMAX,159
NZ000933090,2008-05-13,TMIN,18
NZ000933090,2014-10-26,TMIN,92
NZ000933090,2015-09-23,TMIN,66
NZ000933090,2005-03-09,TMIN,104
NZ000933090,2008-05-30,TMIN,38
NZ000933090,2015-09-23,TMAX,140
NZ000933090,2010-11-07,TMAX,192
NZ000933090,2010-11-07,TMIN,49
NZ000933090,2007-11-28,TMAX,225
NZ000933090,2009-09-23,TMAX,137
NZ000933090,2005-09-15,TMAX,161
NZ000933090,2009-09-23,TMIN,74
NZ000933090,2007-12-13,TMAX,229
NZ000933090,2009-03-03,TMAX,241
NZ000933090,2005-07-26,TMAX,153
NZ000933090,2005-04-12,TMAX,213
NZ000933090,2012-02-20,TMAX,223
NZ000933090,2015-06-28,TMAX,145
NZ000933090,2010-04-29,TMIN,154
NZ000933090,2012-04-16,TMAX,187
NZ000933090,2012-04-16,TMIN,73
NZ000933090,2012-02-20,TMIN,140
NZ000933090,2012-12-14,TMAX,198
NZ000933090,2010-09-28,TMAX,173
NZ000933090,2012-12-14,TMIN,88
NZ000933090,2007-05-13,TMAX,168
NZ000933090,2007-05-13,TMIN,39
NZ000933090,2015-05-01,TMIN,35
NZ000933090,2014-07-17,TMIN,28
NZ000933090,2014-07-17,TMAX,108
NZ000933090,2010-09-28,TMIN,106
NZ000933090,2005-07-26,TMIN,118
NZ000933090,2008-12-02,TMIN,146
NZ000933090,2005-08-18,TMAX,173
NZ000933090,2009-01-12,TMAX,241
NZ000933090,2012-09-24,TMIN,64
NZ000933090,2013-08-11,TMAX,148
NZ000933090,2008-09-27,TMAX,146
NZ000933090,2006-01-14,TMAX,221
NZ000933090,2014-02-28,TMAX,220
NZ000933090,2008-12-02,TMAX,194
NZ000933090,2013-04-12,TMAX,208
NZ000933090,2012-04-11,TMAX,206
NZ000933090,2015-05-01,TMAX,177
NZ000933090,2011-01-10,TMIN,121
NZ000933090,2011-01-10,TMAX,233
NZ000933090,2005-08-18,TMIN,60
NZ000933090,2010-04-29,TMAX,199
NZ000933090,2013-04-12,TMIN,70
NZ000933090,2008-11-14,TMIN,109
NZ000933090,2009-05-27,TMAX,155
NZ000933090,2006-09-26,TMAX,165
NZ000933090,2015-12-05,TMAX,195
NZ000933090,2008-08-01,TMIN,106
NZ000933090,2007-05-03,TMAX,165
NZ000933090,2009-01-21,TMAX,212
NZ000933090,2011-03-16,TMIN,123
NZ000933090,2009-05-05,TMIN,24
NZ000933090,2012-06-09,TMAX,150
NZ000933090,2012-06-09,TMIN,88
NZ000933090,2014-09-12,TMAX,184
NZ000933090,2010-11-01,TMAX,174
NZ000933090,2005-07-04,TMAX,140
NZ000933090,2015-12-11,TMAX,189
NZ000933090,2013-01-31,TMIN,143
NZ000933090,2008-03-30,TMAX,203
NZ000933090,2005-06-11,TMIN,83
NZ000933090,2006-01-02,TMAX,188
NZ000933090,2013-10-21,TMIN,116
NZ000933090,2009-01-19,TMAX,202
NZ000933090,2012-05-12,TMAX,172
NZ000933090,2010-08-09,TMAX,110
NZ000933090,2006-07-07,TMAX,137
NZ000933090,2008-08-20,TMAX,130
NZ000933090,2015-03-17,TMAX,180
NZ000933090,2011-03-16,TMAX,228
NZ000933090,2007-05-03,TMIN,98
NZ000933090,2005-05-22,TMIN,133
NZ000933090,2011-04-09,TMAX,196
NZ000933090,2007-06-14,TMIN,71
NZ000933090,2005-12-28,TMAX,199
NZ000933090,2006-12-08,TMAX,168
NZ000933090,2012-05-17,TMAX,159
NZ000933090,2013-01-28,TMAX,230
NZ000933090,2006-01-21,TMIN,117
NZ000933090,2006-08-01,TMIN,55
NZ000933090,2014-10-03,TMAX,137
NZ000933090,2005-06-22,TMAX,154
NZ000933090,2013-11-23,TMAX,217
NZ000933090,2009-07-25,TMIN,5
NZ000933090,2009-12-24,TMAX,202
NZ000933090,2013-03-16,TMIN,143
NZ000933090,2006-01-21,TMAX,205
NZ000933090,2010-08-19,TMAX,149
NZ000933090,2006-01-16,TMAX,206
NZ000933090,2009-05-18,TMAX,173
NZ000933090,2014-11-04,TMAX,154
NZ000933090,2005-12-01,TMIN,71
NZ000933090,2005-10-12,TMAX,160
NZ000933090,2009-04-13,TMAX,195
NZ000933090,2005-12-28,TMIN,110
NZ000933090,2008-08-20,TMIN,2
NZ000933090,2005-10-12,TMIN,130
NZ000933090,2005-12-01,TMAX,203
NZ000933090,2011-12-18,TMAX,195
NZ000933090,2013-08-13,TMIN,88
NZ000933090,2009-04-13,TMIN,64
NZ000933090,2007-11-11,TMAX,169
NZ000933090,2014-07-25,TMAX,143
NZ000933090,2010-10-27,TMAX,182
NZ000933090,2012-03-25,TMAX,191
NZ000933090,2007-06-24,TMAX,140
NZ000933090,2014-04-09,TMAX,192
NZ000933090,2006-08-23,TMIN,-10
NZ000933090,2008-12-20,TMAX,202
NZ000933090,2013-10-04,TMIN,100
NZ000933090,2008-04-05,TMIN,118
NZ000933090,2013-03-13,TMAX,232
NZ000933090,2005-07-09,TMAX,135
NZ000933090,2008-07-09,TMIN,2
NZ000933090,2015-01-07,TMAX,218
NZ000933090,2014-04-09,TMIN,150
NZ000933090,2013-10-21,TMAX,158
NZ000933090,2007-12-04,TMAX,196
NZ000933090,2008-07-09,TMAX,134
NZ000933090,2007-10-25,TMIN,97
NZ000933090,2005-11-10,TMAX,188
NZ000933090,2013-08-20,TMAX,126
NZ000933090,2013-10-09,TMAX,126
NZ000933090,2010-08-12,TMIN,20
NZ000933090,2013-04-13,TMAX,198
NZ000933090,2008-06-12,TMAX,151
NZ000933090,2009-04-14,TMAX,204
NZ000933090,2009-12-01,TMAX,192
NZ000933090,2005-07-09,TMIN,56
NZ000933090,2015-08-01,TMIN,67
NZ000933090,2005-11-10,TMIN,103
NZ000933090,2008-08-16,TMAX,121
NZ000933090,2005-07-04,TMIN,120
NZ000933090,2005-05-31,TMIN,103
NZ000933090,2006-01-13,TMIN,139
NZ000933090,2009-10-11,TMIN,17
NZ000933090,2011-09-21,TMIN,29
NZ000933090,2010-09-21,TMAX,143
NZ000933090,2013-11-26,TMAX,209
NZ000933090,2009-04-14,TMIN,121
NZ000933090,2012-06-25,TMAX,136
NZ000933090,2013-08-13,TMAX,150
NZ000933090,2013-06-17,TMAX,164
NZ000933090,2008-08-03,TMAX,147
NZ000933090,2009-08-30,TMIN,102
NZ000933090,2009-08-05,TMAX,146
NZ000933090,2008-08-03,TMIN,102
NZ000933090,2009-08-05,TMIN,45
NZ000933090,2013-03-16,TMAX,237
NZ000933090,2015-12-05,TMIN,140
NZ000933090,2015-07-08,TMAX,89
NZ000933090,2009-10-11,TMAX,158
NZ000933090,2005-06-22,TMIN,94
NZ000933090,2009-10-29,TMAX,142
NZ000933090,2009-01-19,TMIN,122
NZ000933090,2012-08-18,TMIN,62
NZ000933090,2005-05-31,TMAX,148
NZ000933090,2014-09-12,TMIN,93
NZ000933090,2010-08-03,TMIN,54
NZ000933090,2011-02-02,TMAX,224
NZ000933090,2008-01-14,TMAX,231
NZ000933090,2006-07-25,TMAX,151
NZ000933090,2007-04-15,TMAX,179
NZ000933090,2010-02-19,TMAX,217
NZ000933090,2005-10-14,TMAX,180
NZ000933090,2010-10-12,TMIN,68
NZ000933090,2007-06-24,TMIN,83
NZ000933090,2005-08-03,TMIN,37
NZ000933090,2005-08-03,TMAX,140
NZ000933090,2012-02-26,TMAX,211
NZ000933090,2010-12-12,TMIN,106
NZ000933090,2010-08-05,TMAX,143
NZ000933090,2013-08-01,TMAX,155
NZ000933090,2012-02-26,TMIN,83
NZ000933090,2015-01-13,TMIN,131
NZ000933090,2006-02-05,TMAX,233
NZ000933090,2013-05-01,TMAX,184
NZ000933090,2007-08-06,TMAX,139
NZ000933090,2012-03-17,TMIN,112
NZ000933090,2007-08-29,TMAX,148
NZ000933090,2005-09-13,TMAX,179
NZ000933090,2015-10-09,TMAX,153
NZ000933090,2007-08-31,TMAX,159
NZ000933090,2006-09-18,TMAX,136
NZ000933090,2010-06-28,TMAX,142
NZ000933090,2008-07-20,TMIN,108
NZ000933090,2008-08-24,TMAX,139
NZ000933090,2008-05-10,TMAX,178
NZ000933090,2010-10-12,TMAX,150
NZ000933090,2010-01-19,TMIN,149
NZ000933090,2012-05-17,TMIN,29
NZ000933090,2007-02-24,TMAX,246
NZ000933090,2010-06-01,TMIN,91
NZ000933090,2013-11-23,TMIN,126
NZ000933090,2015-12-22,TMAX,201
NZ000933090,2007-08-31,TMIN,100
NZ000933090,2008-06-25,TMIN,53
NZ000933090,2013-01-31,TMAX,236
NZ000933090,2015-01-14,TMAX,221
NZ000933090,2015-10-12,TMAX,167
NZ000933090,2007-07-15,TMIN,33
NZ000933090,2006-02-05,TMIN,123
NZ000933090,2013-11-07,TMAX,185
NZ000933090,2007-07-15,TMAX,136
NZ000933090,2011-06-02,TMAX,149
NZ000933090,2012-05-12,TMIN,53
NZ000933090,2012-03-17,TMAX,217
NZ000933090,2011-06-10,TMAX,143
NZ000933090,2010-01-19,TMAX,220
NZ000933090,2010-01-06,TMAX,201
NZ000933090,2009-12-08,TMAX,190
NZ000933090,2005-10-14,TMIN,100
NZ000933090,2005-05-22,TMAX,173
NZ000933090,2009-02-04,TMAX,223
NZ000933090,2010-12-12,TMAX,209
NZ000933090,2006-09-18,TMIN,63
NZ000933090,2007-12-04,TMIN,62
NZ000933090,2009-08-30,TMAX,164
NZ000933090,2011-03-23,TMAX,221
NZ000933090,2010-10-05,TMAX,165
NZ000933090,2011-09-03,TMAX,146
NZ000933090,2012-07-02,TMAX,118
NZ000933090,2015-11-25,TMIN,99
NZ000933090,2015-10-09,TMIN,27
NZ000933090,2010-08-19,TMIN,37
NZ000933090,2009-02-04,TMIN,119
NZ000933090,2006-05-30,TMAX,151
NZ000933090,2007-03-23,TMIN,121
NZ000933090,2008-08-01,TMAX,140
NZ000933090,2005-06-11,TMAX,153
NZ000933090,2008-02-01,TMAX,244
NZ000933090,2006-01-13,TMAX,226
NZ000933090,2009-01-21,TMIN,79
NZ000933090,2010-11-17,TMAX,197
NZ000933090,2010-11-17,TMIN,84
NZ000933090,2009-06-24,TMAX,120
NZ000933090,2014-09-25,TMAX,151
NZ000933090,2009-05-05,TMAX,180
NZ000933090,2008-01-12,TMIN,95
NZ000933090,2008-01-14,TMIN,107
NZ000933090,2009-07-25,TMAX,110
NZ000933090,2014-09-25,TMIN,36
NZ000933090,2008-06-21,TMIN,34
NZ000933090,2015-01-05,TMIN,92
NZ000933090,2008-06-21,TMAX,152
NZ000933090,2011-02-02,TMIN,144
NZ000933090,2008-01-12,TMAX,225
NZ000933090,2007-04-10,TMAX,190
NZ000933090,2007-03-20,TMAX,195
NZ000933090,2011-09-14,TMAX,147
NZ000933090,2007-06-14,TMAX,144
NZ000933090,2011-09-14,TMIN,81
NZ000933090,2006-11-15,TMAX,178
NZ000933090,2008-07-20,TMAX,156
NZ000933090,2010-01-06,TMIN,71
NZ000933090,2011-08-10,TMAX,148
NZ000933090,2009-12-08,TMIN,107
NZ000933090,2015-01-05,TMAX,216
NZ000933090,2012-03-03,TMAX,183
NZ000933090,2005-09-13,TMIN,134
NZ000933090,2012-07-02,TMIN,12
NZ000933090,2014-04-30,TMAX,168
NZ000933090,2015-01-13,TMAX,227
NZ000933090,2009-07-13,TMAX,103
NZ000933090,2010-03-21,TMAX,211
NZ000933090,2009-12-24,TMIN,74
NZ000933090,2010-03-21,TMIN,165
NZ000933090,2011-09-03,TMIN,32
NZ000933090,2013-05-01,TMIN,86
NZ000933090,2015-11-25,TMAX,190
NZ000933090,2008-01-24,TMIN,84
NZ000933090,2008-01-24,TMAX,241
NZ000933090,2007-08-29,TMIN,88
NZ000933090,2011-11-04,TMAX,171
NZ000933090,2006-08-23,TMAX,128
NZ000933090,2006-03-12,TMAX,211
NZ000933090,2009-12-13,TMIN,141
NZ000933090,2015-10-12,TMIN,121
NZ000933090,2010-12-19,TMAX,207
NZ000933090,2011-12-09,TMIN,102
NZ000933090,2013-12-08,TMIN,143
NZ000933090,2009-02-25,TMAX,212
NZ000933090,2011-10-09,TMIN,66
NZ000933090,2011-05-11,TMAX,195
NZ000933090,2011-10-09,TMAX,154
NZ000933090,2005-05-03,TMIN,127
NZ000933090,2007-12-10,TMAX,228
NZ000933090,2006-03-13,TMAX,222
NZ000933090,2006-06-25,TMAX,115
NZ000933090,2007-05-16,TMIN,115
NZ000933090,2012-01-06,TMAX,210
NZ000933090,2010-06-26,TMAX,145
NZ000933090,2012-07-14,TMIN,109
NZ000933090,2007-11-30,TMIN,92
NZ000933090,2013-03-02,TMIN,142
NZ000933090,2014-05-22,TMIN,80
NZ000933090,2007-11-30,TMAX,208
NZ000933090,2014-05-05,TMAX,177
NZ000933090,2012-08-18,TMAX,145
NZ000933090,2014-12-08,TMAX,223
NZ000933090,2011-08-29,TMAX,152
NZ000933090,2006-11-28,TMAX,163
NZ000933090,2014-12-08,TMIN,131
NZ000933090,2007-06-03,TMIN,51
NZ000933090,2005-07-01,TMAX,143
NZ000933090,2013-08-10,TMIN,83
NZ000933090,2005-07-01,TMIN,32
NZ000933090,2011-12-09,TMAX,211
NZ000933090,2010-10-27,TMIN,83
NZ000933090,2009-12-13,TMAX,197
NZ000933090,2010-12-07,TMAX,209
NZ000933090,2014-05-31,TMAX,130
NZ000933090,2013-08-25,TMAX,151
NZ000933090,2015-05-06,TMAX,193
NZ000933090,2008-04-28,TMIN,169
NZ000933090,2007-04-10,TMIN,90
NZ000933090,2008-04-28,TMAX,196
NZ000933090,2007-09-02,TMAX,148
NZ000933090,2007-02-14,TMIN,104
NZ000933090,2008-04-06,TMIN,131
NZ000933090,2015-05-05,TMAX,181
NZ000933090,2005-05-10,TMAX,156
NZ000933090,2011-02-25,TMAX,231
NZ000933090,2007-12-10,TMIN,165
NZ000933090,2008-06-12,TMIN,110
NZ000933090,2011-12-12,TMIN,144
NZ000933090,2014-03-25,TMAX,203
NZ000933090,2008-04-06,TMAX,225
NZ000933090,2007-07-25,TMAX,152
NZ000933090,2005-01-29,TMIN,168
NZ000933090,2008-02-03,TMAX,252
NZ000933090,2012-07-14,TMAX,142
NZ000933090,2014-08-22,TMAX,120
NZ000933090,2014-02-08,TMAX,238
NZ000933090,2015-09-15,TMIN,61
NZ000933090,2015-05-28,TMAX,143
NZ000933090,2010-03-31,TMIN,89
NZ000933090,2011-08-06,TMAX,144
NZ000933090,2006-12-02,TMAX,172
NZ000933090,2014-03-25,TMIN,97
NZ000933090,2011-05-05,TMAX,194
NZ000933090,2009-02-12,TMAX,217
NZ000933090,2009-08-07,TMAX,140
NZ000933090,2012-03-18,TMAX,225
NZ000933090,2014-02-08,TMIN,171
NZ000933090,2013-08-10,TMAX,169
NZ000933090,2011-07-28,TMAX,138
NZ000933090,2014-05-05,TMIN,119
NZ000933090,2015-09-15,TMAX,151
NZ000933090,2010-10-31,TMAX,195
NZ000933090,2013-07-26,TMAX,145
NZ000933090,2011-05-11,TMIN,106
NZ000933090,2006-04-16,TMAX,194
NZ000933090,2013-03-02,TMAX,238
NZ000933090,2009-05-20,TMAX,111
NZ000933090,2015-05-02,TMAX,173
NZ000933090,2011-04-20,TMAX,190
NZ000933090,2012-04-23,TMIN,62
NZ000933090,2012-04-23,TMAX,188
NZ000933090,2009-02-25,TMIN,90
NZ000933090,2015-08-20,TMAX,140
NZ000933090,2011-12-05,TMAX,198
NZ000933090,2008-12-22,TMIN,105
NZ000933090,2014-09-22,TMAX,128
NZ000933090,2011-02-25,TMIN,90
NZ000933090,2015-02-10,TMAX,238
NZ000933090,2011-09-21,TMAX,145
NZ000933090,2013-09-21,TMAX,154
NZ000933090,2008-02-09,TMIN,79
NZ000933090,2015-04-25,TMAX,191
NZ000933090,2011-08-29,TMIN,72
NZ000933090,2007-07-25,TMIN,100
NZ000933090,2015-01-17,TMAX,227
NZ000933090,2015-04-25,TMIN,88
NZ000933090,2009-08-07,TMIN,8
NZ000933090,2010-06-28,TMIN,45
NZ000933090,2006-07-17,TMIN,45
NZ000933090,2011-11-06,TMIN,67
NZ000933090,2011-04-09,TMIN,97
NZ000933090,2008-04-05,TMAX,214
NZ000933090,2011-08-21,TMIN,-7
NZ000933090,2012-03-18,TMIN,109
NZ000933090,2012-06-25,TMIN,43
NZ000933090,2013-11-07,TMIN,115
NZ000933090,2008-01-16,TMIN,129
NZ000933090,2015-12-11,TMIN,141
NZ000933090,2007-06-06,TMIN,120
NZ000933090,2013-05-06,TMIN,109
NZ000933090,2012-11-30,TMAX,159
NZ000933090,2013-05-06,TMAX,169
NZ000933090,2005-01-16,TMAX,205
NZ000933090,2013-04-19,TMIN,88
NZ000933090,2005-04-02,TMAX,199
NZ000933090,2005-01-16,TMIN,159
NZ000933090,2013-10-04,TMAX,174
NZ000933090,2015-08-01,TMAX,151
NZ000933090,2010-07-22,TMAX,155
NZ000933090,2007-06-06,TMAX,166
NZ000933090,2011-11-06,TMAX,164
NZ000933090,2007-09-21,TMIN,66
NZ000933090,2009-05-23,TMIN,23
NZ000933090,2007-11-11,TMIN,49
NZ000933090,2011-02-23,TMAX,227
NZ000933090,2014-04-14,TMAX,191
NZ000933090,2015-03-22,TMAX,201
NZ000933090,2010-03-31,TMAX,212
NZ000933090,2013-12-03,TMIN,115
NZ000933090,2009-05-21,TMAX,104
NZ000933090,2007-03-23,TMAX,212
NZ000933090,2008-01-16,TMAX,227
NZ000933090,2011-08-10,TMIN,51
NZ000933090,2010-12-08,TMAX,233
NZ000933090,2015-07-28,TMAX,145
NZ000933090,2014-11-28,TMAX,170
NZ000933090,2010-12-08,TMIN,113
NZ000933090,2013-10-25,TMAX,159
NZ000933090,2007-10-25,TMAX,159
NZ000933090,2011-07-28,TMIN,38
NZ000933090,2009-10-05,TMIN,56
NZ000933090,2007-11-26,TMAX,198
NZ000933090,2015-05-05,TMIN,102
NZ000933090,2015-05-28,TMIN,13
NZ000933090,2005-04-02,TMIN,106
NZ000933090,2014-04-14,TMIN,128
NZ000933090,2010-11-01,TMIN,66
NZ000933090,2013-06-25,TMIN,38
NZ000933090,2011-08-21,TMAX,138
NZ000933090,2007-09-29,TMIN,22
NZ000933090,2013-08-05,TMIN,113
NZ000933090,2009-05-23,TMAX,146
NZ000933090,2010-09-16,TMIN,85
NZ000933090,2015-02-15,TMAX,219
NZ000933090,2005-01-29,TMAX,231
NZ000933090,2008-12-22,TMAX,223
NZ000933090,2013-05-21,TMAX,159
NZ000933090,2006-06-09,TMAX,149
NZ000933090,2012-06-05,TMIN,123
NZ000933090,2005-05-03,TMAX,166
NZ000933090,2007-09-21,TMAX,176
NZ000933090,2014-06-09,TMAX,155
NZ000933090,2015-02-15,TMIN,112
NZ000933090,2007-09-29,TMAX,159
NZ000933090,2012-12-06,TMAX,190
NZ000933090,2010-02-27,TMAX,227
NZ000933090,2015-06-18,TMIN,114
NZ000933090,2013-12-08,TMAX,204
NZ000933090,2008-05-16,TMAX,163
NZ000933090,2015-05-06,TMIN,162
NZ000933090,2005-05-10,TMIN,110
NZ000933090,2006-07-17,TMAX,143
NZ000933090,2015-08-05,TMIN,40
NZ000933090,2006-06-09,TMIN,81
NZ000933090,2007-06-03,TMAX,149
NZ000933090,2011-08-06,TMIN,59
NZ000933090,2010-06-21,TMAX,157
NZ000933090,2012-08-01,TMAX,156
NZ000933090,2006-04-16,TMIN,120
NZ000933090,2007-05-16,TMAX,176
NZ000933090,2013-12-03,TMAX,201
NZ000933090,2013-06-25,TMAX,136
NZ000933090,2008-11-28,TMAX,226
NZ000933090,2013-08-05,TMAX,153
NZ000933090,2008-06-25,TMAX,146
NZ000933090,2010-07-15,TMIN,24
NZ000933090,2013-04-19,TMAX,184
NZ000933090,2010-07-15,TMAX,147
NZ000933090,2013-05-21,TMIN,93
NZ000933090,2006-01-02,TMIN,160
