ID,Date,Element,Data_Value
RSM00030683,2012-01-02,TMIN,-322
RSM00030683,2010-05-29,TMAX,180
RSM00030683,2007-01-03,TMIN,-271
RSM00030683,2007-03-04,TMAX,-137
RSM00030683,2008-06-02,TMAX,265
RSM00030683,2012-11-10,TMAX,17
RSM00030683,2013-11-14,TMIN,-128
RSM00030683,2013-07-26,TMIN,124
RSM00030683,2012-03-14,TMAX,-85
RSM00030683,2009-11-15,TMAX,-107
RSM00030683,2006-11-01,TMAX,60
RSM00030683,2013-11-14,TMAX,-53
RSM00030683,2007-05-15,TMAX,135
RSM00030683,2010-12-03,TMAX,-214
RSM00030683,2015-03-31,TMAX,33
RSM00030683,2012-11-10,TMIN,-42
RSM00030683,2005-08-31,TMAX,86
RSM00030683,2006-12-24,TMIN,-313
RSM00030683,2008-04-03,TMAX,50
RSM00030683,2005-12-08,TMAX,-177
RSM00030683,2008-03-28,TMAX,70
RSM00030683,2015-03-14,TMIN,-192
RSM00030683,2012-08-21,TMAX,160
RSM00030683,2007-08-26,TMAX,231
RSM00030683,2011-03-03,TMAX,-37
RSM00030683,2013-06-27,TMIN,152
RSM00030683,2011-11-19,TMAX,-141
RSM00030683,2015-03-31,TMIN,-197
RSM00030683,2011-05-04,TMIN,-15
RSM00030683,2008-08-28,TMIN,115
RSM00030683,2009-09-06,TMIN,23
RSM00030683,2012-01-02,TMAX,-195
RSM00030683,2009-09-26,TMAX,159
RSM00030683,2014-12-31,TMAX,-145
RSM00030683,2005-06-27,TMAX,286
RSM00030683,2006-02-04,TMAX,-135
RSM00030683,2012-08-12,TMAX,204
RSM00030683,2008-08-28,TMAX,201
RSM00030683,2011-05-02,TMAX,182
RSM00030683,2013-12-22,TMIN,-285
RSM00030683,2012-09-30,TMAX,161
RSM00030683,2011-02-02,TMAX,-68
RSM00030683,2006-08-09,TMAX,236
RSM00030683,2011-02-04,TMAX,-103
RSM00030683,2006-01-25,TMAX,-150
RSM00030683,2011-10-21,TMIN,-100
RSM00030683,2006-01-17,TMAX,-244
RSM00030683,2006-01-08,TMIN,-342
RSM00030683,2013-06-12,TMIN,60
RSM00030683,2008-08-19,TMAX,253
RSM00030683,2014-08-18,TMAX,291
RSM00030683,2015-01-11,TMIN,-306
RSM00030683,2013-10-23,TMAX,71
RSM00030683,2007-09-04,TMIN,45
RSM00030683,2006-02-24,TMAX,-153
RSM00030683,2006-02-24,TMIN,-355
RSM00030683,2014-03-27,TMAX,86
RSM00030683,2014-03-27,TMIN,-82
RSM00030683,2006-07-28,TMAX,290
RSM00030683,2006-01-17,TMIN,-417
RSM00030683,2014-02-03,TMAX,-214
RSM00030683,2008-06-02,TMIN,45
RSM00030683,2011-05-02,TMIN,-7
RSM00030683,2013-06-12,TMAX,208
RSM00030683,2014-02-03,TMIN,-398
RSM00030683,2014-06-19,TMAX,265
RSM00030683,2007-01-03,TMAX,-120
RSM00030683,2015-02-28,TMAX,-41
RSM00030683,2009-05-04,TMIN,-60
RSM00030683,2007-03-12,TMIN,-313
RSM00030683,2008-02-04,TMAX,-87
RSM00030683,2009-09-01,TMIN,93
RSM00030683,2008-09-23,TMAX,81
RSM00030683,2011-02-18,TMIN,-310
RSM00030683,2011-04-20,TMAX,97
RSM00030683,2012-03-14,TMIN,-300
RSM00030683,2005-09-12,TMAX,176
RSM00030683,2015-01-12,TMAX,-147
RSM00030683,2015-01-05,TMAX,-168
RSM00030683,2015-02-28,TMIN,-258
RSM00030683,2014-12-18,TMAX,-242
RSM00030683,2011-11-22,TMAX,-99
RSM00030683,2013-08-02,TMAX,250
RSM00030683,2010-03-30,TMAX,-13
RSM00030683,2012-03-06,TMAX,-67
RSM00030683,2006-07-28,TMIN,120
RSM00030683,2014-06-19,TMIN,95
RSM00030683,2009-07-13,TMAX,226
RSM00030683,2010-02-22,TMAX,-127
RSM00030683,2011-04-23,TMAX,107
RSM00030683,2013-07-08,TMAX,240
RSM00030683,2014-02-14,TMIN,-368
RSM00030683,2013-06-16,TMIN,80
RSM00030683,2014-03-12,TMAX,-2
RSM00030683,2005-12-20,TMAX,-188
RSM00030683,2009-11-02,TMAX,-100
RSM00030683,2009-06-14,TMIN,80
RSM00030683,2011-11-22,TMIN,-196
RSM00030683,2007-12-23,TMAX,-185
RSM00030683,2013-06-16,TMAX,272
RSM00030683,2006-08-28,TMAX,167
RSM00030683,2013-01-26,TMAX,-208
RSM00030683,2015-05-29,TMAX,165
RSM00030683,2013-07-08,TMIN,71
RSM00030683,2009-12-03,TMAX,-234
RSM00030683,2011-03-07,TMAX,-56
RSM00030683,2010-06-18,TMAX,227
RSM00030683,2014-08-18,TMIN,91
RSM00030683,2006-01-29,TMAX,-169
RSM00030683,2007-06-06,TMAX,295
RSM00030683,2012-03-04,TMAX,-78
RSM00030683,2015-07-08,TMIN,157
RSM00030683,2011-09-05,TMAX,170
RSM00030683,2008-10-29,TMIN,-187
RSM00030683,2006-01-30,TMAX,-235
RSM00030683,2010-12-03,TMIN,-355
RSM00030683,2014-06-24,TMIN,126
RSM00030683,2006-06-09,TMAX,206
RSM00030683,2014-04-20,TMAX,160
RSM00030683,2007-06-06,TMIN,40
RSM00030683,2010-07-08,TMAX,276
RSM00030683,2011-07-19,TMAX,326
RSM00030683,2013-06-23,TMAX,317
RSM00030683,2008-12-24,TMIN,-309
RSM00030683,2006-04-10,TMAX,-6
RSM00030683,2012-04-11,TMAX,37
RSM00030683,2009-11-21,TMAX,-175
RSM00030683,2008-08-31,TMAX,110
RSM00030683,2011-07-19,TMIN,141
RSM00030683,2009-05-31,TMAX,173
RSM00030683,2008-01-12,TMAX,-211
RSM00030683,2012-02-07,TMAX,-132
RSM00030683,2009-01-26,TMAX,-210
RSM00030683,2015-11-21,TMAX,-159
RSM00030683,2006-01-18,TMIN,-415
RSM00030683,2012-04-14,TMIN,-133
RSM00030683,2015-07-08,TMAX,269
RSM00030683,2012-03-11,TMAX,-63
RSM00030683,2015-02-15,TMAX,-43
RSM00030683,2011-08-28,TMAX,284
RSM00030683,2012-09-30,TMIN,-30
RSM00030683,2015-08-31,TMAX,265
RSM00030683,2015-11-21,TMIN,-348
RSM00030683,2010-05-05,TMIN,-61
RSM00030683,2010-05-05,TMAX,147
RSM00030683,2013-05-01,TMAX,177
RSM00030683,2007-11-29,TMAX,-148
RSM00030683,2014-05-15,TMIN,60
RSM00030683,2011-01-07,TMAX,-108
RSM00030683,2015-06-30,TMIN,74
RSM00030683,2009-04-26,TMIN,-51
RSM00030683,2011-09-05,TMIN,-11
RSM00030683,2012-02-05,TMAX,-139
RSM00030683,2011-10-07,TMIN,-69
RSM00030683,2015-04-28,TMAX,173
RSM00030683,2013-05-01,TMIN,-16
RSM00030683,2008-01-02,TMAX,-137
RSM00030683,2014-04-19,TMAX,160
RSM00030683,2013-03-17,TMAX,-102
RSM00030683,2009-10-24,TMIN,-120
RSM00030683,2011-02-09,TMAX,-138
RSM00030683,2015-12-20,TMAX,-139
RSM00030683,2006-06-06,TMIN,88
RSM00030683,2012-11-07,TMIN,-103
RSM00030683,2015-05-12,TMIN,-2
RSM00030683,2011-05-12,TMAX,193
RSM00030683,2010-04-12,TMAX,-34
RSM00030683,2006-04-03,TMAX,-12
RSM00030683,2005-09-24,TMIN,0
RSM00030683,2011-05-12,TMIN,5
RSM00030683,2015-05-12,TMAX,239
RSM00030683,2007-11-29,TMIN,-290
RSM00030683,2014-12-18,TMIN,-363
RSM00030683,2011-03-05,TMAX,-55
RSM00030683,2012-11-07,TMAX,-30
RSM00030683,2007-11-24,TMAX,-134
RSM00030683,2008-07-18,TMIN,133
RSM00030683,2014-04-19,TMIN,-67
RSM00030683,2013-07-17,TMAX,230
RSM00030683,2014-08-07,TMIN,50
RSM00030683,2009-04-02,TMAX,84
RSM00030683,2015-12-20,TMIN,-315
RSM00030683,2007-04-04,TMIN,-160
RSM00030683,2015-01-19,TMAX,-165
RSM00030683,2012-12-05,TMAX,-200
RSM00030683,2014-08-07,TMAX,270
RSM00030683,2008-01-12,TMIN,-314
RSM00030683,2008-02-05,TMIN,-290
RSM00030683,2005-12-05,TMAX,-100
RSM00030683,2011-04-09,TMAX,-10
RSM00030683,2008-07-18,TMAX,290
RSM00030683,2008-01-02,TMIN,-274
RSM00030683,2015-01-19,TMIN,-303
RSM00030683,2011-04-09,TMIN,-95
RSM00030683,2005-10-18,TMAX,-10
RSM00030683,2005-12-05,TMIN,-190
RSM00030683,2009-03-01,TMIN,-321
RSM00030683,2014-07-08,TMAX,152
RSM00030683,2007-04-04,TMAX,54
RSM00030683,2009-04-26,TMAX,167
RSM00030683,2011-06-25,TMAX,306
RSM00030683,2014-04-11,TMIN,-64
RSM00030683,2014-05-15,TMAX,142
RSM00030683,2006-10-23,TMIN,-60
RSM00030683,2013-03-19,TMAX,-127
RSM00030683,2005-12-30,TMIN,-364
RSM00030683,2011-05-04,TMAX,223
RSM00030683,2011-06-22,TMAX,212
RSM00030683,2015-01-05,TMIN,-241
RSM00030683,2013-06-27,TMAX,254
RSM00030683,2006-12-24,TMAX,-181
RSM00030683,2013-03-10,TMIN,-325
RSM00030683,2005-06-27,TMIN,50
RSM00030683,2010-05-08,TMAX,169
RSM00030683,2014-08-12,TMAX,238
RSM00030683,2013-03-19,TMIN,-260
RSM00030683,2006-09-24,TMAX,144
RSM00030683,2011-10-07,TMAX,162
RSM00030683,2006-05-08,TMAX,64
RSM00030683,2006-03-05,TMIN,-335
RSM00030683,2011-09-03,TMIN,-4
RSM00030683,2010-05-20,TMAX,139
RSM00030683,2008-08-20,TMIN,70
RSM00030683,2011-10-22,TMAX,10
RSM00030683,2010-03-05,TMAX,-151
RSM00030683,2012-01-24,TMAX,-234
RSM00030683,2009-07-13,TMIN,127
RSM00030683,2010-02-03,TMAX,-184
RSM00030683,2009-12-06,TMAX,-224
RSM00030683,2008-12-09,TMAX,-266
RSM00030683,2015-01-11,TMAX,-167
RSM00030683,2015-10-26,TMAX,-51
RSM00030683,2015-06-07,TMAX,240
RSM00030683,2008-03-28,TMIN,-54
RSM00030683,2013-12-08,TMAX,-115
RSM00030683,2010-09-24,TMAX,92
RSM00030683,2014-03-12,TMIN,-220
RSM00030683,2009-11-02,TMIN,-204
RSM00030683,2014-09-11,TMAX,216
RSM00030683,2009-04-21,TMAX,91
RSM00030683,2005-12-30,TMAX,-226
RSM00030683,2012-01-09,TMAX,-216
RSM00030683,2012-06-22,TMAX,317
RSM00030683,2013-08-30,TMAX,170
RSM00030683,2013-07-26,TMAX,231
RSM00030683,2013-03-10,TMAX,-130
RSM00030683,2006-09-24,TMIN,-27
RSM00030683,2005-09-03,TMIN,6
RSM00030683,2009-05-31,TMIN,7
RSM00030683,2011-09-03,TMAX,186
RSM00030683,2010-03-05,TMIN,-307
RSM00030683,2006-11-19,TMAX,-127
RSM00030683,2010-11-30,TMAX,-230
RSM00030683,2006-01-18,TMAX,-270
RSM00030683,2006-11-19,TMIN,-211
RSM00030683,2014-12-22,TMAX,-211
RSM00030683,2015-03-14,TMAX,36
RSM00030683,2012-05-23,TMAX,112
RSM00030683,2010-09-07,TMAX,196
RSM00030683,2013-05-07,TMAX,115
RSM00030683,2005-10-02,TMAX,116
RSM00030683,2005-10-02,TMIN,-49
RSM00030683,2007-04-28,TMAX,167
RSM00030683,2012-02-07,TMIN,-335
RSM00030683,2011-08-01,TMAX,241
RSM00030683,2014-06-24,TMAX,302
RSM00030683,2014-12-22,TMIN,-357
RSM00030683,2008-12-24,TMAX,-188
RSM00030683,2006-03-05,TMAX,-112
RSM00030683,2014-04-11,TMAX,150
RSM00030683,2011-08-28,TMIN,107
RSM00030683,2010-11-09,TMAX,-25
RSM00030683,2005-09-03,TMAX,213
RSM00030683,2009-01-11,TMAX,-180
RSM00030683,2008-06-08,TMAX,250
RSM00030683,2015-08-31,TMIN,79
RSM00030683,2015-12-28,TMAX,-140
RSM00030683,2012-03-06,TMIN,-186
RSM00030683,2007-09-04,TMAX,232
RSM00030683,2010-11-30,TMIN,-352
RSM00030683,2008-03-03,TMIN,-210
RSM00030683,2007-08-08,TMAX,283
RSM00030683,2006-06-23,TMIN,96
RSM00030683,2011-02-18,TMAX,-94
RSM00030683,2012-12-05,TMIN,-318
RSM00030683,2010-01-23,TMAX,-101
RSM00030683,2010-09-07,TMIN,-15
RSM00030683,2006-04-16,TMIN,-175
RSM00030683,2007-05-19,TMAX,174
RSM00030683,2015-04-17,TMAX,35
RSM00030683,2013-08-01,TMAX,247
RSM00030683,2007-04-28,TMIN,-56
RSM00030683,2008-03-03,TMAX,6
RSM00030683,2012-03-07,TMAX,-84
RSM00030683,2012-03-11,TMIN,-246
RSM00030683,2007-08-08,TMIN,161
RSM00030683,2010-09-10,TMAX,222
RSM00030683,2009-09-22,TMAX,82
RSM00030683,2011-04-21,TMAX,105
RSM00030683,2015-07-01,TMAX,221
RSM00030683,2015-11-18,TMAX,-146
RSM00030683,2015-07-19,TMAX,291
RSM00030683,2007-03-10,TMAX,-99
RSM00030683,2015-07-19,TMIN,112
RSM00030683,2009-02-22,TMAX,-168
RSM00030683,2013-04-03,TMAX,-36
RSM00030683,2012-05-03,TMIN,7
RSM00030683,2010-08-31,TMAX,160
RSM00030683,2010-10-09,TMAX,6
RSM00030683,2012-08-03,TMAX,241
RSM00030683,2010-12-15,TMAX,-200
RSM00030683,2012-08-03,TMIN,118
RSM00030683,2009-07-28,TMIN,145
RSM00030683,2009-03-14,TMIN,-255
RSM00030683,2014-11-29,TMAX,-172
RSM00030683,2009-07-15,TMAX,213
RSM00030683,2012-07-16,TMIN,122
RSM00030683,2012-04-08,TMAX,42
RSM00030683,2014-02-14,TMAX,-155
RSM00030683,2009-06-10,TMIN,39
RSM00030683,2014-08-13,TMIN,115
RSM00030683,2009-04-11,TMIN,-69
RSM00030683,2013-04-27,TMAX,148
RSM00030683,2009-07-20,TMIN,74
RSM00030683,2014-08-13,TMAX,271
RSM00030683,2010-07-26,TMAX,151
RSM00030683,2012-05-03,TMAX,138
RSM00030683,2006-09-04,TMAX,188
RSM00030683,2006-07-04,TMIN,93
RSM00030683,2008-07-01,TMIN,135
RSM00030683,2008-07-01,TMAX,292
RSM00030683,2009-11-25,TMAX,-225
RSM00030683,2009-05-15,TMAX,251
RSM00030683,2013-10-03,TMAX,29
RSM00030683,2012-06-29,TMAX,241
RSM00030683,2011-12-15,TMAX,-151
RSM00030683,2010-06-08,TMIN,25
RSM00030683,2009-04-15,TMIN,-155
RSM00030683,2008-05-03,TMAX,139
RSM00030683,2014-02-11,TMIN,-415
RSM00030683,2015-05-26,TMIN,-4
RSM00030683,2009-11-25,TMIN,-380
RSM00030683,2014-02-11,TMAX,-224
RSM00030683,2015-11-11,TMAX,-72
RSM00030683,2014-01-27,TMAX,-194
RSM00030683,2013-09-23,TMAX,82
RSM00030683,2008-04-08,TMAX,-8
RSM00030683,2005-01-31,TMAX,-140
RSM00030683,2007-09-15,TMIN,57
RSM00030683,2015-08-29,TMAX,246
RSM00030683,2005-05-02,TMAX,76
RSM00030683,2010-06-08,TMAX,199
RSM00030683,2007-10-29,TMAX,-20
RSM00030683,2007-04-15,TMIN,-52
RSM00030683,2012-03-03,TMAX,-108
RSM00030683,2007-10-29,TMIN,-198
RSM00030683,2009-12-25,TMAX,-220
RSM00030683,2009-01-03,TMAX,-180
RSM00030683,2009-04-22,TMAX,119
RSM00030683,2015-10-25,TMAX,-17
RSM00030683,2013-01-03,TMAX,-185
RSM00030683,2012-09-02,TMAX,176
RSM00030683,2012-04-21,TMAX,93
RSM00030683,2009-12-03,TMIN,-302
RSM00030683,2006-02-20,TMIN,-324
RSM00030683,2009-09-01,TMAX,186
RSM00030683,2015-07-20,TMIN,134
RSM00030683,2015-07-20,TMAX,265
RSM00030683,2008-04-08,TMIN,-139
RSM00030683,2012-03-03,TMIN,-338
RSM00030683,2006-08-30,TMIN,17
RSM00030683,2007-09-15,TMAX,182
RSM00030683,2006-12-22,TMIN,-318
RSM00030683,2005-04-25,TMAX,173
RSM00030683,2015-03-13,TMAX,8
RSM00030683,2008-02-05,TMAX,-102
RSM00030683,2006-12-22,TMAX,-215
RSM00030683,2015-01-16,TMAX,-106
RSM00030683,2015-05-10,TMAX,208
RSM00030683,2012-10-18,TMAX,-45
RSM00030683,2009-10-11,TMIN,-42
RSM00030683,2015-10-22,TMAX,58
RSM00030683,2006-02-20,TMAX,-116
RSM00030683,2009-06-12,TMIN,76
RSM00030683,2014-11-21,TMAX,-111
RSM00030683,2010-11-09,TMIN,-185
RSM00030683,2008-10-31,TMIN,-175
RSM00030683,2014-06-04,TMIN,35
RSM00030683,2009-06-10,TMAX,100
RSM00030683,2013-01-05,TMAX,-215
RSM00030683,2007-10-14,TMAX,67
RSM00030683,2012-01-01,TMIN,-321
RSM00030683,2013-12-12,TMIN,-303
RSM00030683,2011-11-24,TMAX,-126
RSM00030683,2010-07-26,TMIN,115
RSM00030683,2012-01-29,TMAX,-188
RSM00030683,2006-01-22,TMIN,-305
RSM00030683,2009-06-07,TMAX,184
RSM00030683,2009-04-28,TMIN,-9
RSM00030683,2010-04-29,TMAX,136
RSM00030683,2006-03-25,TMAX,-45
RSM00030683,2009-06-05,TMIN,92
RSM00030683,2007-05-01,TMAX,117
RSM00030683,2012-06-29,TMIN,137
RSM00030683,2009-03-11,TMIN,-277
RSM00030683,2006-07-15,TMIN,136
RSM00030683,2009-03-11,TMAX,-42
RSM00030683,2009-06-05,TMAX,203
RSM00030683,2008-06-29,TMAX,295
RSM00030683,2015-09-18,TMIN,-13
RSM00030683,2011-10-21,TMAX,52
RSM00030683,2006-01-23,TMAX,-154
RSM00030683,2007-01-13,TMIN,-296
RSM00030683,2009-05-23,TMAX,198
RSM00030683,2009-10-27,TMIN,-178
RSM00030683,2006-01-23,TMIN,-310
RSM00030683,2008-12-03,TMIN,-294
RSM00030683,2006-12-10,TMIN,-329
RSM00030683,2009-02-08,TMIN,-275
RSM00030683,2005-11-03,TMIN,-124
RSM00030683,2015-02-01,TMAX,-58
RSM00030683,2013-07-13,TMAX,277
RSM00030683,2008-07-04,TMAX,245
RSM00030683,2009-03-14,TMAX,-55
RSM00030683,2013-12-31,TMAX,-165
RSM00030683,2013-12-12,TMAX,-185
RSM00030683,2008-06-29,TMIN,82
RSM00030683,2007-05-12,TMAX,87
RSM00030683,2008-09-25,TMAX,65
RSM00030683,2013-12-31,TMIN,-274
RSM00030683,2006-07-04,TMAX,285
RSM00030683,2010-11-07,TMIN,-203
RSM00030683,2006-09-22,TMAX,74
RSM00030683,2007-05-28,TMAX,220
RSM00030683,2005-11-11,TMAX,-96
RSM00030683,2009-05-15,TMIN,44
RSM00030683,2008-03-10,TMAX,4
RSM00030683,2007-11-24,TMIN,-215
RSM00030683,2010-11-17,TMAX,-70
RSM00030683,2010-11-17,TMIN,-177
RSM00030683,2009-07-20,TMAX,234
RSM00030683,2015-03-26,TMAX,133
RSM00030683,2008-10-29,TMAX,-13
RSM00030683,2010-11-22,TMAX,-104
RSM00030683,2015-11-07,TMIN,-296
RSM00030683,2008-04-20,TMAX,115
RSM00030683,2015-09-17,TMAX,167
RSM00030683,2008-05-03,TMIN,-9
RSM00030683,2014-08-28,TMAX,244
RSM00030683,2013-04-27,TMIN,22
RSM00030683,2014-06-12,TMAX,280
RSM00030683,2015-02-01,TMIN,-304
RSM00030683,2008-10-31,TMAX,-5
RSM00030683,2005-11-11,TMIN,-248
RSM00030683,2006-10-21,TMAX,-15
RSM00030683,2013-06-19,TMAX,230
RSM00030683,2009-11-27,TMIN,-348
RSM00030683,2010-03-04,TMAX,-124
RSM00030683,2006-07-15,TMAX,246
RSM00030683,2014-06-04,TMAX,227
RSM00030683,2015-05-10,TMIN,-20
RSM00030683,2008-05-01,TMAX,138
RSM00030683,2011-08-10,TMAX,225
RSM00030683,2009-11-27,TMAX,-225
RSM00030683,2010-03-04,TMIN,-338
RSM00030683,2011-11-24,TMIN,-282
RSM00030683,2009-08-29,TMAX,203
RSM00030683,2011-09-15,TMAX,51
RSM00030683,2010-11-07,TMAX,-17
RSM00030683,2008-12-20,TMAX,-264
RSM00030683,2010-05-16,TMAX,205
RSM00030683,2010-05-16,TMIN,2
RSM00030683,2012-07-17,TMAX,220
RSM00030683,2009-09-19,TMAX,155
RSM00030683,2006-01-22,TMAX,-110
RSM00030683,2011-02-19,TMAX,-60
RSM00030683,2009-09-19,TMIN,26
RSM00030683,2010-11-28,TMAX,-180
RSM00030683,2015-05-26,TMAX,154
RSM00030683,2009-03-20,TMIN,-270
RSM00030683,2008-12-29,TMIN,-333
RSM00030683,2013-08-03,TMAX,237
RSM00030683,2014-07-03,TMAX,180
RSM00030683,2014-11-30,TMIN,-325
RSM00030683,2005-12-20,TMIN,-330
RSM00030683,2007-04-16,TMAX,103
RSM00030683,2006-09-04,TMIN,-24
RSM00030683,2006-10-02,TMAX,141
RSM00030683,2008-08-02,TMAX,254
RSM00030683,2014-11-30,TMAX,-158
RSM00030683,2013-08-04,TMIN,150
RSM00030683,2006-04-27,TMIN,-47
RSM00030683,2014-08-28,TMIN,43
RSM00030683,2009-01-27,TMIN,-370
RSM00030683,2011-10-28,TMAX,87
RSM00030683,2013-08-04,TMAX,248
RSM00030683,2007-07-11,TMAX,225
RSM00030683,2015-06-30,TMAX,199
RSM00030683,2013-10-29,TMIN,-151
RSM00030683,2006-01-08,TMAX,-180
RSM00030683,2005-09-02,TMAX,152
RSM00030683,2006-10-02,TMIN,-53
RSM00030683,2010-08-09,TMAX,198
RSM00030683,2009-05-05,TMIN,-5
RSM00030683,2007-07-18,TMAX,106
RSM00030683,2008-12-29,TMAX,-126
RSM00030683,2012-09-25,TMAX,98
RSM00030683,2009-05-05,TMAX,195
RSM00030683,2011-01-17,TMAX,-114
RSM00030683,2006-09-17,TMAX,196
RSM00030683,2014-06-14,TMAX,257
RSM00030683,2006-06-06,TMAX,200
RSM00030683,2010-07-21,TMAX,256
RSM00030683,2010-01-17,TMIN,-339
RSM00030683,2011-01-23,TMAX,-135
RSM00030683,2009-09-06,TMAX,113
RSM00030683,2010-12-31,TMAX,-135
RSM00030683,2011-10-28,TMIN,-115
RSM00030683,2009-04-15,TMAX,-17
RSM00030683,2010-07-25,TMAX,217
RSM00030683,2012-08-27,TMAX,210
RSM00030683,2009-11-23,TMAX,-209
RSM00030683,2008-07-07,TMAX,295
RSM00030683,2008-07-07,TMIN,49
RSM00030683,2015-09-09,TMAX,118
RSM00030683,2009-08-18,TMAX,180
RSM00030683,2008-02-20,TMAX,-94
RSM00030683,2010-06-25,TMAX,294
RSM00030683,2014-11-05,TMAX,-53
RSM00030683,2015-10-22,TMIN,-119
RSM00030683,2011-03-03,TMIN,-272
RSM00030683,2008-10-02,TMAX,141
RSM00030683,2009-06-12,TMAX,266
RSM00030683,2010-02-22,TMIN,-241
RSM00030683,2009-09-26,TMIN,-23
RSM00030683,2009-12-06,TMIN,-343
RSM00030683,2009-07-28,TMAX,296
RSM00030683,2013-12-22,TMAX,-104
RSM00030683,2012-07-16,TMAX,245
RSM00030683,2008-10-02,TMIN,24
RSM00030683,2006-08-20,TMAX,196
RSM00030683,2010-09-10,TMIN,15
RSM00030683,2006-11-01,TMIN,-148
RSM00030683,2009-01-11,TMIN,-330
RSM00030683,2006-04-27,TMAX,82
RSM00030683,2011-04-20,TMIN,-30
RSM00030683,2013-01-26,TMIN,-360
RSM00030683,2013-10-13,TMAX,0
RSM00030683,2013-11-07,TMAX,-104
RSM00030683,2007-07-26,TMAX,263
RSM00030683,2011-06-10,TMAX,216
RSM00030683,2007-06-01,TMAX,175
RSM00030683,2009-10-11,TMAX,160
RSM00030683,2014-03-07,TMIN,-300
RSM00030683,2011-02-19,TMIN,-295
RSM00030683,2010-01-17,TMAX,-203
RSM00030683,2010-02-03,TMIN,-378
RSM00030683,2012-08-27,TMIN,65
RSM00030683,2012-08-02,TMAX,274
RSM00030683,2015-01-16,TMIN,-267
RSM00030683,2008-09-19,TMAX,102
RSM00030683,2014-09-11,TMIN,2
RSM00030683,2014-03-07,TMAX,-95
RSM00030683,2010-08-09,TMIN,125
RSM00030683,2013-10-29,TMAX,32
RSM00030683,2009-10-18,TMAX,5
RSM00030683,2009-09-22,TMIN,12
RSM00030683,2012-08-02,TMIN,97
RSM00030683,2007-03-12,TMAX,-80
RSM00030683,2006-08-29,TMAX,173
RSM00030683,2011-03-29,TMAX,46
RSM00030683,2006-06-26,TMAX,211
RSM00030683,2013-12-02,TMIN,-200
RSM00030683,2014-03-28,TMAX,70
RSM00030683,2006-04-07,TMIN,-118
RSM00030683,2015-05-25,TMAX,132
RSM00030683,2015-12-10,TMAX,-161
RSM00030683,2014-03-11,TMAX,-2
RSM00030683,2013-01-03,TMIN,-314
RSM00030683,2012-03-22,TMAX,23
RSM00030683,2007-11-04,TMAX,70
RSM00030683,2013-06-13,TMAX,203
RSM00030683,2011-10-22,TMIN,-82
RSM00030683,2006-12-02,TMIN,-284
RSM00030683,2006-05-04,TMAX,60
RSM00030683,2009-04-28,TMAX,224
RSM00030683,2009-04-02,TMIN,-100
RSM00030683,2006-02-10,TMIN,-248
RSM00030683,2006-11-07,TMAX,-90
RSM00030683,2007-06-13,TMIN,13
RSM00030683,2013-12-02,TMAX,-87
RSM00030683,2006-07-10,TMAX,261
RSM00030683,2006-10-21,TMIN,-182
RSM00030683,2009-03-20,TMAX,-60
RSM00030683,2008-06-13,TMAX,310
RSM00030683,2014-01-06,TMIN,-280
RSM00030683,2012-01-01,TMAX,-188
RSM00030683,2006-07-10,TMIN,50
RSM00030683,2015-10-25,TMIN,-195
RSM00030683,2011-02-16,TMAX,-73
RSM00030683,2014-01-06,TMAX,-185
RSM00030683,2011-03-01,TMIN,-295
RSM00030683,2011-12-27,TMAX,-200
RSM00030683,2014-03-28,TMIN,-80
RSM00030683,2006-12-15,TMAX,-212
RSM00030683,2006-05-05,TMAX,108
RSM00030683,2007-12-16,TMAX,-165
RSM00030683,2008-06-13,TMIN,113
RSM00030683,2006-09-26,TMAX,116
RSM00030683,2009-02-08,TMAX,-130
RSM00030683,2011-03-01,TMAX,-115
RSM00030683,2008-09-02,TMAX,157
RSM00030683,2006-02-10,TMAX,-142
RSM00030683,2010-06-30,TMAX,297
RSM00030683,2009-02-22,TMIN,-355
RSM00030683,2010-02-23,TMIN,-262
RSM00030683,2012-03-22,TMIN,-201
RSM00030683,2005-04-25,TMIN,-40
RSM00030683,2013-07-22,TMAX,232
RSM00030683,2006-08-29,TMIN,14
RSM00030683,2012-10-11,TMIN,-107
RSM00030683,2009-12-21,TMAX,-148
RSM00030683,2006-04-07,TMAX,35
RSM00030683,2007-08-26,TMIN,11
RSM00030683,2013-08-13,TMAX,220
RSM00030683,2012-10-11,TMAX,70
RSM00030683,2013-11-29,TMAX,-60
RSM00030683,2010-04-29,TMIN,-35
RSM00030683,2009-12-26,TMAX,-219
RSM00030683,2014-06-21,TMIN,97
RSM00030683,2013-11-29,TMIN,-222
RSM00030683,2014-06-21,TMAX,330
RSM00030683,2010-11-12,TMAX,-50
RSM00030683,2015-03-13,TMIN,-196
RSM00030683,2010-02-23,TMAX,-128
RSM00030683,2009-01-27,TMAX,-247
RSM00030683,2015-11-07,TMAX,-95
RSM00030683,2009-05-04,TMAX,127
RSM00030683,2015-05-25,TMIN,7
RSM00030683,2013-11-21,TMIN,-204
RSM00030683,2009-10-18,TMIN,-85
RSM00030683,2009-08-04,TMAX,182
RSM00030683,2009-11-17,TMAX,-120
RSM00030683,2011-01-09,TMAX,-214
RSM00030683,2010-11-19,TMAX,-53
RSM00030683,2008-08-02,TMIN,20
RSM00030683,2011-01-17,TMIN,-301
RSM00030683,2014-07-04,TMAX,200
RSM00030683,2010-12-16,TMAX,-235
RSM00030683,2011-08-16,TMAX,225
RSM00030683,2013-11-21,TMAX,-55
RSM00030683,2009-11-17,TMIN,-300
RSM00030683,2007-06-13,TMAX,235
RSM00030683,2009-10-30,TMIN,-265
RSM00030683,2008-10-03,TMAX,92
RSM00030683,2006-05-29,TMAX,233
RSM00030683,2009-10-30,TMAX,-113
RSM00030683,2009-01-08,TMAX,-176
RSM00030683,2012-07-11,TMAX,263
RSM00030683,2006-12-27,TMAX,-169
RSM00030683,2010-05-12,TMIN,-11
RSM00030683,2013-04-07,TMIN,-152
RSM00030683,2007-04-08,TMIN,-83
RSM00030683,2013-12-24,TMAX,-89
RSM00030683,2007-04-08,TMAX,54
RSM00030683,2011-05-19,TMAX,55
RSM00030683,2014-04-05,TMAX,100
RSM00030683,2008-04-22,TMAX,57
RSM00030683,2015-08-13,TMAX,145
RSM00030683,2011-01-24,TMAX,-144
RSM00030683,2013-01-13,TMIN,-383
RSM00030683,2011-01-24,TMIN,-308
RSM00030683,2008-04-22,TMIN,-113
RSM00030683,2014-05-24,TMIN,-4
RSM00030683,2013-12-26,TMIN,-298
RSM00030683,2011-07-17,TMAX,322
RSM00030683,2013-07-31,TMIN,178
RSM00030683,2008-05-07,TMAX,83
RSM00030683,2007-09-30,TMIN,-30
RSM00030683,2013-12-26,TMAX,-163
RSM00030683,2012-02-22,TMAX,-113
RSM00030683,2013-07-31,TMAX,268
RSM00030683,2013-01-13,TMAX,-240
RSM00030683,2014-04-05,TMIN,-135
RSM00030683,2012-02-22,TMIN,-341
RSM00030683,2014-09-24,TMAX,116
RSM00030683,2011-11-03,TMAX,6
RSM00030683,2014-08-24,TMIN,121
RSM00030683,2005-11-18,TMIN,-272
RSM00030683,2014-12-24,TMAX,-137
RSM00030683,2007-04-27,TMAX,173
RSM00030683,2014-12-24,TMIN,-256
RSM00030683,2008-10-11,TMAX,121
RSM00030683,2014-05-12,TMIN,14
RSM00030683,2012-12-15,TMAX,-197
RSM00030683,2011-01-29,TMIN,-286
RSM00030683,2014-12-09,TMIN,-331
RSM00030683,2014-05-24,TMAX,205
RSM00030683,2011-01-29,TMAX,-135
RSM00030683,2007-01-01,TMAX,-144
RSM00030683,2007-01-01,TMIN,-314
RSM00030683,2015-12-06,TMIN,-351
RSM00030683,2011-05-19,TMIN,13
RSM00030683,2014-12-09,TMAX,-197
RSM00030683,2007-07-24,TMAX,264
RSM00030683,2015-02-10,TMIN,-310
RSM00030683,2008-07-09,TMAX,180
RSM00030683,2014-08-24,TMAX,270
RSM00030683,2015-07-21,TMAX,295
RSM00030683,2015-12-06,TMAX,-182
RSM00030683,2013-03-23,TMAX,-64
RSM00030683,2008-03-05,TMAX,18
RSM00030683,2007-09-30,TMAX,150
RSM00030683,2014-12-04,TMAX,-144
RSM00030683,2006-07-20,TMAX,238
RSM00030683,2012-01-18,TMAX,-195
RSM00030683,2010-12-30,TMAX,-80
RSM00030683,2014-05-31,TMIN,17
RSM00030683,2005-11-12,TMAX,-77
RSM00030683,2015-06-16,TMAX,219
RSM00030683,2012-01-18,TMIN,-365
RSM00030683,2015-06-16,TMIN,28
RSM00030683,2012-03-01,TMAX,-98
RSM00030683,2014-12-04,TMIN,-204
RSM00030683,2012-01-06,TMAX,-186
RSM00030683,2011-04-14,TMAX,5
RSM00030683,2010-04-06,TMIN,-120
RSM00030683,2008-03-06,TMAX,42
RSM00030683,2013-02-13,TMAX,-138
RSM00030683,2013-05-11,TMAX,105
RSM00030683,2008-03-06,TMIN,-183
RSM00030683,2015-03-23,TMIN,-246
RSM00030683,2015-03-23,TMAX,2
RSM00030683,2008-11-19,TMAX,-171
RSM00030683,2006-08-10,TMIN,59
RSM00030683,2010-09-21,TMAX,75
RSM00030683,2005-11-19,TMAX,-88
RSM00030683,2011-06-09,TMAX,237
RSM00030683,2005-08-13,TMAX,275
RSM00030683,2008-05-07,TMIN,-7
RSM00030683,2008-07-25,TMAX,302
RSM00030683,2008-02-14,TMAX,-115
RSM00030683,2006-03-04,TMAX,-113
RSM00030683,2012-05-26,TMIN,18
RSM00030683,2006-08-05,TMAX,276
RSM00030683,2013-03-23,TMIN,-222
RSM00030683,2014-11-19,TMAX,-65
RSM00030683,2014-05-31,TMAX,247
RSM00030683,2007-03-11,TMAX,-92
RSM00030683,2012-05-26,TMAX,200
RSM00030683,2011-07-17,TMIN,140
RSM00030683,2008-11-19,TMIN,-337
RSM00030683,2008-02-14,TMIN,-326
RSM00030683,2012-12-10,TMAX,-136
RSM00030683,2015-02-09,TMAX,-168
RSM00030683,2008-12-05,TMIN,-395
RSM00030683,2013-04-20,TMAX,80
RSM00030683,2008-12-06,TMAX,-216
RSM00030683,2007-03-11,TMIN,-316
RSM00030683,2005-12-17,TMIN,-288
RSM00030683,2015-01-03,TMAX,-187
RSM00030683,2014-11-19,TMIN,-254
RSM00030683,2006-08-10,TMAX,271
RSM00030683,2007-08-11,TMAX,191
RSM00030683,2006-01-09,TMAX,-194
RSM00030683,2012-07-27,TMIN,115
RSM00030683,2005-10-21,TMIN,-227
RSM00030683,2012-12-15,TMIN,-330
RSM00030683,2005-02-28,TMIN,-284
RSM00030683,2012-10-01,TMAX,160
RSM00030683,2012-05-09,TMIN,50
RSM00030683,2009-01-14,TMIN,-332
RSM00030683,2009-12-14,TMAX,-223
RSM00030683,2009-12-14,TMIN,-363
RSM00030683,2011-12-26,TMIN,-380
RSM00030683,2010-11-08,TMIN,-197
RSM00030683,2015-08-21,TMAX,244
RSM00030683,2014-01-01,TMAX,-195
RSM00030683,2012-04-06,TMAX,30
RSM00030683,2012-07-05,TMAX,260
RSM00030683,2013-10-04,TMAX,6
RSM00030683,2015-06-21,TMAX,276
RSM00030683,2008-11-06,TMAX,-124
RSM00030683,2013-02-22,TMAX,-146
RSM00030683,2013-02-22,TMIN,-326
RSM00030683,2011-12-26,TMAX,-242
RSM00030683,2013-06-05,TMIN,68
RSM00030683,2014-03-10,TMAX,-16
RSM00030683,2007-06-20,TMAX,248
RSM00030683,2013-07-21,TMAX,178
RSM00030683,2012-01-27,TMAX,-202
RSM00030683,2012-01-27,TMIN,-370
RSM00030683,2005-10-05,TMIN,-118
RSM00030683,2005-10-05,TMAX,87
RSM00030683,2012-05-09,TMAX,174
RSM00030683,2015-07-03,TMIN,64
RSM00030683,2009-04-06,TMIN,-66
RSM00030683,2010-11-08,TMAX,-8
RSM00030683,2014-03-18,TMAX,28
RSM00030683,2014-03-18,TMIN,-140
RSM00030683,2007-11-12,TMAX,-44
RSM00030683,2007-01-06,TMIN,-315
RSM00030683,2007-01-12,TMAX,-151
RSM00030683,2007-01-06,TMAX,-168
RSM00030683,2009-04-06,TMAX,98
RSM00030683,2015-01-03,TMIN,-309
RSM00030683,2012-09-01,TMAX,72
RSM00030683,2013-06-05,TMAX,275
RSM00030683,2012-07-05,TMIN,138
RSM00030683,2010-01-14,TMIN,-347
RSM00030683,2013-07-21,TMIN,145
RSM00030683,2010-01-14,TMAX,-183
RSM00030683,2014-09-02,TMIN,-5
RSM00030683,2013-10-04,TMIN,-122
RSM00030683,2012-05-07,TMIN,8
RSM00030683,2013-08-07,TMAX,253
RSM00030683,2013-12-28,TMAX,-178
RSM00030683,2013-12-28,TMIN,-325
RSM00030683,2006-11-14,TMAX,-90
RSM00030683,2013-03-22,TMAX,-59
RSM00030683,2008-04-23,TMAX,30
RSM00030683,2007-01-28,TMIN,-305
RSM00030683,2013-09-20,TMAX,126
RSM00030683,2012-01-20,TMAX,-213
RSM00030683,2007-12-22,TMIN,-330
RSM00030683,2015-04-06,TMAX,-46
RSM00030683,2015-08-10,TMAX,306
RSM00030683,2007-12-22,TMAX,-210
RSM00030683,2006-10-12,TMAX,45
RSM00030683,2015-04-25,TMIN,13
RSM00030683,2012-01-20,TMIN,-361
RSM00030683,2011-04-29,TMAX,215
RSM00030683,2009-01-22,TMIN,-345
RSM00030683,2014-05-12,TMAX,205
RSM00030683,2014-12-10,TMAX,-209
RSM00030683,2011-05-29,TMAX,161
RSM00030683,2014-12-10,TMIN,-340
RSM00030683,2015-11-28,TMAX,-187
RSM00030683,2006-10-12,TMIN,-153
RSM00030683,2011-08-13,TMAX,152
RSM00030683,2005-02-28,TMAX,-121
RSM00030683,2007-07-01,TMAX,292
RSM00030683,2009-01-10,TMAX,-202
RSM00030683,2013-08-07,TMIN,163
RSM00030683,2012-05-07,TMAX,212
RSM00030683,2008-03-08,TMAX,65
RSM00030683,2009-10-06,TMIN,-63
RSM00030683,2012-01-16,TMIN,-368
RSM00030683,2012-01-04,TMAX,-218
RSM00030683,2009-04-18,TMIN,-59
RSM00030683,2012-12-22,TMAX,-234
RSM00030683,2011-10-08,TMAX,143
RSM00030683,2014-04-26,TMAX,115
RSM00030683,2011-04-29,TMIN,-37
RSM00030683,2006-07-25,TMIN,85
RSM00030683,2014-09-02,TMAX,220
RSM00030683,2008-10-11,TMIN,-50
RSM00030683,2006-07-25,TMAX,294
RSM00030683,2015-08-10,TMIN,116
RSM00030683,2011-10-08,TMIN,-37
RSM00030683,2011-10-17,TMAX,38
RSM00030683,2011-10-17,TMIN,-115
RSM00030683,2008-03-08,TMIN,-126
RSM00030683,2012-04-05,TMAX,-27
RSM00030683,2006-01-09,TMIN,-326
RSM00030683,2014-09-30,TMIN,-87
RSM00030683,2012-04-02,TMAX,-10
RSM00030683,2008-12-05,TMAX,-274
RSM00030683,2008-07-16,TMIN,118
RSM00030683,2012-05-12,TMAX,208
RSM00030683,2012-05-12,TMIN,36
RSM00030683,2011-04-11,TMIN,-117
RSM00030683,2008-07-16,TMAX,300
RSM00030683,2011-04-16,TMAX,54
RSM00030683,2015-01-10,TMAX,-147
RSM00030683,2013-06-02,TMAX,179
RSM00030683,2015-01-10,TMIN,-326
RSM00030683,2011-10-02,TMAX,156
RSM00030683,2014-04-07,TMAX,94
RSM00030683,2006-03-24,TMAX,-35
RSM00030683,2011-06-06,TMAX,204
RSM00030683,2014-05-07,TMAX,176
RSM00030683,2011-06-06,TMIN,74
RSM00030683,2014-11-04,TMAX,-52
RSM00030683,2012-10-03,TMAX,171
RSM00030683,2012-10-03,TMIN,-2
RSM00030683,2014-11-04,TMIN,-167
RSM00030683,2015-08-24,TMAX,267
RSM00030683,2015-10-14,TMIN,-45
RSM00030683,2015-09-06,TMAX,240
RSM00030683,2006-09-14,TMAX,215
RSM00030683,2008-10-04,TMAX,66
RSM00030683,2009-10-28,TMAX,-46
RSM00030683,2012-02-08,TMIN,-305
RSM00030683,2011-02-06,TMAX,-137
RSM00030683,2012-02-08,TMAX,-152
RSM00030683,2014-09-04,TMAX,239
RSM00030683,2014-10-31,TMAX,-15
RSM00030683,2010-10-30,TMIN,-132
RSM00030683,2008-04-18,TMAX,128
RSM00030683,2013-08-26,TMAX,176
RSM00030683,2010-10-30,TMAX,-31
RSM00030683,2013-08-26,TMIN,1
RSM00030683,2010-07-30,TMAX,222
RSM00030683,2010-08-11,TMAX,217
RSM00030683,2014-10-31,TMIN,-220
RSM00030683,2008-09-13,TMAX,208
RSM00030683,2008-04-18,TMIN,-53
RSM00030683,2012-12-31,TMIN,-418
RSM00030683,2007-07-12,TMAX,257
RSM00030683,2011-06-27,TMIN,130
RSM00030683,2009-05-17,TMAX,107
RSM00030683,2009-05-17,TMIN,5
RSM00030683,2011-04-11,TMAX,81
RSM00030683,2015-11-16,TMAX,-134
RSM00030683,2015-09-06,TMIN,13
RSM00030683,2011-09-26,TMAX,66
RSM00030683,2014-11-25,TMAX,-131
RSM00030683,2014-11-25,TMIN,-237
RSM00030683,2010-10-08,TMAX,29
RSM00030683,2008-04-01,TMAX,114
RSM00030683,2013-02-15,TMIN,-350
RSM00030683,2010-10-08,TMIN,-21
RSM00030683,2015-10-14,TMAX,126
RSM00030683,2012-12-06,TMIN,-263
RSM00030683,2010-07-03,TMIN,132
RSM00030683,2010-07-03,TMAX,239
RSM00030683,2005-10-30,TMAX,51
RSM00030683,2013-11-16,TMAX,-50
RSM00030683,2007-10-22,TMAX,39
RSM00030683,2013-09-05,TMIN,68
RSM00030683,2006-06-20,TMAX,217
RSM00030683,2010-02-02,TMIN,-359
RSM00030683,2015-02-04,TMAX,-99
RSM00030683,2010-02-02,TMAX,-238
RSM00030683,2006-06-20,TMIN,77
RSM00030683,2006-01-10,TMIN,-334
RSM00030683,2012-01-16,TMAX,-214
RSM00030683,2009-09-12,TMAX,202
RSM00030683,2015-03-02,TMIN,-224
RSM00030683,2015-03-02,TMAX,-76
RSM00030683,2013-09-05,TMAX,227
RSM00030683,2007-01-04,TMAX,-169
RSM00030683,2008-04-01,TMIN,-78
RSM00030683,2010-05-14,TMAX,172
RSM00030683,2008-08-26,TMAX,203
RSM00030683,2005-11-22,TMAX,-48
RSM00030683,2014-02-13,TMIN,-380
RSM00030683,2012-12-31,TMAX,-261
RSM00030683,2015-09-03,TMAX,193
RSM00030683,2005-06-30,TMAX,320
RSM00030683,2014-02-13,TMAX,-181
RSM00030683,2005-11-22,TMIN,-220
RSM00030683,2014-06-26,TMIN,65
RSM00030683,2012-12-06,TMAX,-187
RSM00030683,2014-02-20,TMIN,-305
RSM00030683,2013-07-05,TMAX,215
RSM00030683,2008-01-09,TMAX,-238
RSM00030683,2014-06-26,TMAX,271
RSM00030683,2013-02-15,TMAX,-145
RSM00030683,2015-11-28,TMIN,-327
RSM00030683,2007-10-27,TMAX,-30
RSM00030683,2008-01-25,TMIN,-302
RSM00030683,2007-03-21,TMIN,-180
RSM00030683,2007-03-21,TMAX,15
RSM00030683,2009-06-18,TMAX,202
RSM00030683,2014-02-20,TMAX,-100
RSM00030683,2008-08-26,TMIN,10
RSM00030683,2008-07-25,TMIN,140
RSM00030683,2007-09-22,TMIN,-45
RSM00030683,2010-12-06,TMAX,-173
RSM00030683,2013-12-09,TMAX,-162
RSM00030683,2008-01-27,TMIN,-284
RSM00030683,2011-04-15,TMIN,-135
RSM00030683,2009-04-14,TMAX,-33
RSM00030683,2007-09-17,TMIN,77
RSM00030683,2007-09-17,TMAX,201
RSM00030683,2011-04-15,TMAX,36
RSM00030683,2006-07-01,TMAX,324
RSM00030683,2006-01-19,TMIN,-382
RSM00030683,2013-04-06,TMIN,-182
RSM00030683,2013-12-09,TMIN,-291
RSM00030683,2008-08-23,TMAX,175
RSM00030683,2008-05-22,TMIN,96
RSM00030683,2013-04-06,TMAX,8
RSM00030683,2009-01-12,TMIN,-312
RSM00030683,2006-01-19,TMAX,-235
RSM00030683,2011-12-04,TMAX,-100
RSM00030683,2011-12-04,TMIN,-291
RSM00030683,2008-05-16,TMAX,91
RSM00030683,2014-10-26,TMAX,-59
RSM00030683,2013-09-03,TMAX,260
RSM00030683,2006-04-14,TMIN,-153
RSM00030683,2008-01-27,TMAX,-89
RSM00030683,2014-10-25,TMAX,-40
RSM00030683,2005-05-31,TMAX,248
RSM00030683,2012-04-02,TMIN,-221
RSM00030683,2006-03-31,TMAX,20
RSM00030683,2007-11-01,TMAX,-42
RSM00030683,2010-01-15,TMIN,-330
RSM00030683,2010-01-15,TMAX,-192
RSM00030683,2015-02-09,TMIN,-324
RSM00030683,2010-10-19,TMAX,32
RSM00030683,2011-03-10,TMAX,-13
RSM00030683,2006-03-31,TMIN,-71
RSM00030683,2012-03-08,TMAX,-99
RSM00030683,2006-03-30,TMAX,4
RSM00030683,2014-10-06,TMAX,58
RSM00030683,2010-06-06,TMAX,255
RSM00030683,2009-09-18,TMAX,134
RSM00030683,2013-07-19,TMAX,217
RSM00030683,2013-03-08,TMAX,-177
RSM00030683,2008-04-06,TMAX,109
RSM00030683,2007-11-01,TMIN,-195
RSM00030683,2011-03-10,TMIN,-215
RSM00030683,2008-05-22,TMAX,206
RSM00030683,2009-09-18,TMIN,-45
RSM00030683,2006-04-14,TMAX,-8
RSM00030683,2009-11-30,TMAX,-174
RSM00030683,2013-09-03,TMIN,58
RSM00030683,2015-12-07,TMIN,-285
RSM00030683,2013-10-06,TMIN,-27
RSM00030683,2013-01-15,TMIN,-375
RSM00030683,2012-04-07,TMAX,57
RSM00030683,2011-07-31,TMAX,250
RSM00030683,2012-02-09,TMAX,-200
RSM00030683,2012-12-13,TMIN,-291
RSM00030683,2013-01-15,TMAX,-229
RSM00030683,2007-01-31,TMIN,-321
RSM00030683,2008-09-13,TMIN,15
RSM00030683,2006-11-23,TMAX,-182
RSM00030683,2010-10-26,TMAX,-31
RSM00030683,2013-05-06,TMIN,30
RSM00030683,2010-04-17,TMIN,-117
RSM00030683,2010-10-26,TMIN,-181
RSM00030683,2007-01-04,TMIN,-271
RSM00030683,2007-09-22,TMAX,77
RSM00030683,2009-08-25,TMAX,189
RSM00030683,2009-11-22,TMAX,-224
RSM00030683,2006-11-23,TMIN,-321
RSM00030683,2008-04-27,TMIN,-70
RSM00030683,2009-02-25,TMIN,-319
RSM00030683,2007-01-31,TMAX,-115
RSM00030683,2010-12-06,TMIN,-325
RSM00030683,2009-11-22,TMIN,-353
RSM00030683,2008-04-27,TMAX,131
RSM00030683,2005-10-15,TMIN,-84
RSM00030683,2005-10-15,TMAX,45
RSM00030683,2009-01-12,TMAX,-140
RSM00030683,2013-10-06,TMAX,14
RSM00030683,2009-09-16,TMAX,116
RSM00030683,2010-05-02,TMAX,106
RSM00030683,2006-11-04,TMAX,-48
RSM00030683,2013-05-06,TMAX,225
RSM00030683,2015-10-19,TMAX,-23
RSM00030683,2009-03-23,TMIN,-243
RSM00030683,2009-03-23,TMAX,-118
RSM00030683,2006-04-15,TMAX,-4
RSM00030683,2007-10-12,TMIN,-110
RSM00030683,2008-05-27,TMAX,170
RSM00030683,2008-06-12,TMAX,333
RSM00030683,2008-06-12,TMIN,91
RSM00030683,2011-06-27,TMAX,298
RSM00030683,2010-04-17,TMAX,48
RSM00030683,2009-08-13,TMIN,107
RSM00030683,2009-08-13,TMAX,225
RSM00030683,2012-12-13,TMAX,-186
RSM00030683,2011-09-21,TMAX,140
RSM00030683,2007-08-13,TMAX,239
RSM00030683,2007-10-12,TMAX,65
RSM00030683,2014-01-03,TMAX,-187
RSM00030683,2015-11-22,TMAX,-143
RSM00030683,2011-03-23,TMAX,-35
RSM00030683,2009-01-22,TMAX,-216
RSM00030683,2014-11-14,TMAX,-52
RSM00030683,2012-03-19,TMIN,-272
RSM00030683,2012-10-31,TMAX,-70
RSM00030683,2015-10-03,TMAX,73
RSM00030683,2014-04-13,TMIN,-20
RSM00030683,2012-10-31,TMIN,-221
RSM00030683,2012-03-19,TMAX,-67
RSM00030683,2008-04-24,TMIN,-120
RSM00030683,2006-06-21,TMAX,225
RSM00030683,2009-06-06,TMAX,183
RSM00030683,2015-10-04,TMAX,124
RSM00030683,2014-04-13,TMAX,220
RSM00030683,2008-03-31,TMIN,-88
RSM00030683,2015-11-27,TMAX,-169
RSM00030683,2009-11-28,TMAX,-190
RSM00030683,2013-02-28,TMAX,-87
RSM00030683,2006-06-21,TMIN,80
RSM00030683,2009-03-02,TMIN,-289
RSM00030683,2015-02-27,TMIN,-262
RSM00030683,2010-02-28,TMAX,-124
RSM00030683,2007-05-21,TMAX,165
RSM00030683,2013-02-14,TMAX,-152
RSM00030683,2010-02-11,TMAX,-137
RSM00030683,2012-12-01,TMIN,-357
RSM00030683,2005-11-28,TMAX,-166
RSM00030683,2006-08-04,TMIN,67
RSM00030683,2014-11-14,TMIN,-260
RSM00030683,2009-06-16,TMAX,260
RSM00030683,2008-12-12,TMAX,-250
RSM00030683,2006-08-04,TMAX,280
RSM00030683,2007-12-08,TMAX,-100
RSM00030683,2008-09-11,TMAX,138
RSM00030683,2014-11-07,TMAX,28
RSM00030683,2008-12-19,TMAX,-227
RSM00030683,2010-08-06,TMIN,80
RSM00030683,2013-10-10,TMAX,65
RSM00030683,2010-10-27,TMAX,-39
RSM00030683,2014-03-30,TMAX,35
RSM00030683,2008-03-31,TMAX,106
RSM00030683,2012-07-19,TMIN,135
RSM00030683,2009-03-28,TMAX,-3
RSM00030683,2013-05-03,TMIN,-4
RSM00030683,2009-06-06,TMIN,99
RSM00030683,2013-05-03,TMAX,240
RSM00030683,2011-10-06,TMIN,-86
RSM00030683,2011-10-06,TMAX,131
RSM00030683,2013-05-13,TMAX,183
RSM00030683,2012-12-01,TMAX,-192
RSM00030683,2006-06-25,TMIN,103
RSM00030683,2006-06-25,TMAX,299
RSM00030683,2015-10-04,TMIN,-80
RSM00030683,2012-09-19,TMAX,227
RSM00030683,2007-08-19,TMAX,251
RSM00030683,2006-05-13,TMAX,120
RSM00030683,2007-01-26,TMAX,-89
RSM00030683,2006-01-13,TMAX,-212
RSM00030683,2008-04-10,TMIN,-144
RSM00030683,2010-02-28,TMIN,-364
RSM00030683,2012-02-25,TMAX,-113
RSM00030683,2007-02-17,TMAX,-124
RSM00030683,2009-04-07,TMAX,108
RSM00030683,2011-11-21,TMIN,-196
RSM00030683,2008-04-10,TMAX,5
RSM00030683,2007-03-15,TMAX,-63
RSM00030683,2007-11-18,TMIN,-310
RSM00030683,2015-09-24,TMIN,-66
RSM00030683,2010-05-18,TMAX,211
RSM00030683,2009-11-28,TMIN,-294
RSM00030683,2015-02-27,TMAX,-29
RSM00030683,2011-10-29,TMAX,83
RSM00030683,2012-05-14,TMIN,9
RSM00030683,2010-10-29,TMAX,-29
RSM00030683,2008-06-03,TMAX,221
RSM00030683,2007-03-15,TMIN,-284
RSM00030683,2012-06-17,TMIN,73
RSM00030683,2011-02-14,TMIN,-285
RSM00030683,2010-06-17,TMIN,116
RSM00030683,2014-01-26,TMAX,-201
RSM00030683,2007-05-21,TMIN,-13
RSM00030683,2014-01-26,TMIN,-377
RSM00030683,2013-07-07,TMAX,201
RSM00030683,2013-10-10,TMIN,-92
RSM00030683,2012-06-19,TMIN,145
RSM00030683,2006-04-09,TMIN,-45
RSM00030683,2015-11-13,TMIN,-147
RSM00030683,2008-04-24,TMAX,57
RSM00030683,2008-01-11,TMIN,-360
RSM00030683,2010-06-17,TMAX,280
RSM00030683,2009-06-11,TMAX,220
RSM00030683,2011-01-28,TMIN,-259
RSM00030683,2015-12-02,TMAX,-138
RSM00030683,2008-04-04,TMAX,93
RSM00030683,2006-02-09,TMIN,-228
RSM00030683,2006-02-09,TMAX,-174
RSM00030683,2011-11-21,TMAX,-97
RSM00030683,2012-06-14,TMAX,247
RSM00030683,2011-11-17,TMIN,-253
RSM00030683,2008-06-03,TMIN,55
RSM00030683,2012-09-19,TMIN,26
RSM00030683,2009-06-11,TMIN,57
RSM00030683,2014-12-13,TMAX,-185
RSM00030683,2007-04-10,TMAX,62
RSM00030683,2012-06-17,TMAX,275
RSM00030683,2013-12-20,TMIN,-266
RSM00030683,2007-12-20,TMAX,-238
RSM00030683,2014-03-31,TMAX,22
RSM00030683,2013-12-20,TMAX,-125
RSM00030683,2006-01-15,TMIN,-370
RSM00030683,2009-05-23,TMIN,65
RSM00030683,2015-08-28,TMIN,88
RSM00030683,2015-07-31,TMAX,280
RSM00030683,2012-08-30,TMIN,14
RSM00030683,2015-08-28,TMAX,288
RSM00030683,2012-08-30,TMAX,215
RSM00030683,2014-02-12,TMIN,-406
RSM00030683,2006-01-15,TMAX,-234
RSM00030683,2015-10-16,TMAX,74
RSM00030683,2015-12-15,TMIN,-253
RSM00030683,2014-02-12,TMAX,-194
RSM00030683,2009-02-14,TMIN,-310
RSM00030683,2011-03-09,TMAX,-34
RSM00030683,2007-03-27,TMIN,-190
RSM00030683,2007-03-27,TMAX,-17
RSM00030683,2007-02-08,TMIN,-279
RSM00030683,2009-06-13,TMAX,253
RSM00030683,2013-01-19,TMAX,-154
RSM00030683,2008-10-17,TMIN,-78
RSM00030683,2011-06-13,TMAX,289
RSM00030683,2008-06-17,TMIN,132
RSM00030683,2011-02-24,TMAX,-127
RSM00030683,2015-07-31,TMIN,97
RSM00030683,2012-09-23,TMAX,170
RSM00030683,2015-12-15,TMAX,-97
RSM00030683,2008-06-17,TMAX,277
RSM00030683,2009-08-03,TMAX,231
RSM00030683,2013-11-18,TMIN,-250
RSM00030683,2012-06-19,TMAX,297
RSM00030683,2013-11-18,TMAX,-43
RSM00030683,2008-09-12,TMAX,193
RSM00030683,2009-02-13,TMAX,-162
RSM00030683,2014-03-31,TMIN,-130
RSM00030683,2008-07-05,TMAX,185
RSM00030683,2007-09-11,TMAX,205
RSM00030683,2012-04-04,TMAX,-34
RSM00030683,2011-06-13,TMIN,72
RSM00030683,2014-09-18,TMAX,198
RSM00030683,2012-04-04,TMIN,-150
RSM00030683,2008-07-17,TMAX,291
RSM00030683,2008-07-05,TMIN,130
RSM00030683,2007-12-20,TMIN,-345
RSM00030683,2008-07-06,TMAX,246
RSM00030683,2013-04-10,TMIN,-44
RSM00030683,2007-07-02,TMAX,316
RSM00030683,2013-06-04,TMIN,30
RSM00030683,2012-10-22,TMAX,20
RSM00030683,2014-11-13,TMIN,-288
RSM00030683,2015-08-22,TMAX,241
RSM00030683,2007-05-30,TMAX,274
RSM00030683,2015-03-12,TMAX,-4
RSM00030683,2011-07-23,TMIN,166
RSM00030683,2012-02-04,TMIN,-292
RSM00030683,2013-05-24,TMAX,158
RSM00030683,2012-02-04,TMAX,-75
RSM00030683,2015-11-20,TMAX,-159
RSM00030683,2014-11-13,TMAX,-86
RSM00030683,2011-02-14,TMAX,-142
RSM00030683,2015-08-22,TMIN,36
RSM00030683,2008-12-19,TMIN,-305
RSM00030683,2013-10-18,TMAX,70
RSM00030683,2015-03-07,TMAX,-127
RSM00030683,2012-01-19,TMAX,-200
RSM00030683,2007-08-29,TMAX,189
RSM00030683,2009-07-31,TMAX,243
RSM00030683,2009-05-09,TMIN,-50
RSM00030683,2009-05-09,TMAX,129
RSM00030683,2011-02-15,TMAX,-103
RSM00030683,2013-02-23,TMAX,-126
RSM00030683,2009-07-31,TMIN,120
RSM00030683,2012-10-22,TMIN,-161
RSM00030683,2008-04-25,TMAX,56
RSM00030683,2013-02-11,TMAX,-106
RSM00030683,2013-04-10,TMAX,31
RSM00030683,2005-03-31,TMAX,36
RSM00030683,2010-07-16,TMAX,216
RSM00030683,2009-02-14,TMAX,-171
RSM00030683,2013-05-10,TMIN,66
RSM00030683,2012-09-14,TMAX,167
RSM00030683,2011-03-09,TMIN,-240
RSM00030683,2013-02-11,TMIN,-305
RSM00030683,2008-01-25,TMAX,-148
RSM00030683,2012-07-25,TMAX,228
RSM00030683,2013-03-30,TMAX,-30
RSM00030683,2011-01-28,TMAX,-164
RSM00030683,2011-07-23,TMAX,296
RSM00030683,2007-07-02,TMIN,124
RSM00030683,2012-09-09,TMAX,178
RSM00030683,2015-01-25,TMAX,-134
RSM00030683,2015-02-11,TMAX,-26
RSM00030683,2007-05-30,TMIN,60
RSM00030683,2010-08-06,TMAX,235
RSM00030683,2011-09-22,TMAX,203
RSM00030683,2011-09-22,TMIN,-37
RSM00030683,2013-05-10,TMAX,112
RSM00030683,2009-03-24,TMAX,-85
RSM00030683,2015-09-24,TMAX,153
RSM00030683,2008-01-11,TMAX,-223
RSM00030683,2009-03-08,TMAX,-88
RSM00030683,2006-11-21,TMIN,-305
RSM00030683,2014-02-01,TMAX,-176
RSM00030683,2005-09-29,TMAX,94
RSM00030683,2006-11-29,TMAX,-211
RSM00030683,2014-02-01,TMIN,-398
RSM00030683,2007-12-13,TMAX,-175
RSM00030683,2013-04-18,TMAX,42
RSM00030683,2012-09-05,TMAX,117
RSM00030683,2013-04-18,TMIN,-84
RSM00030683,2010-09-09,TMAX,205
RSM00030683,2013-08-28,TMAX,187
RSM00030683,2013-08-28,TMIN,-4
RSM00030683,2014-09-21,TMIN,-14
RSM00030683,2014-01-25,TMAX,-165
RSM00030683,2014-09-21,TMAX,219
RSM00030683,2015-11-24,TMIN,-304
RSM00030683,2015-11-24,TMAX,-99
RSM00030683,2014-02-22,TMAX,-15
RSM00030683,2012-05-18,TMAX,245
RSM00030683,2007-01-19,TMAX,-109
RSM00030683,2009-03-08,TMIN,-274
RSM00030683,2011-11-30,TMIN,-352
RSM00030683,2011-11-30,TMAX,-192
RSM00030683,2013-03-02,TMIN,-312
RSM00030683,2011-02-25,TMAX,-115
RSM00030683,2012-10-08,TMAX,71
RSM00030683,2011-02-25,TMIN,-320
RSM00030683,2010-05-10,TMAX,121
RSM00030683,2008-07-14,TMIN,103
RSM00030683,2008-12-06,TMIN,-392
RSM00030683,2011-12-09,TMIN,-268
RSM00030683,2007-08-18,TMAX,291
RSM00030683,2007-08-18,TMIN,126
RSM00030683,2011-10-18,TMIN,-105
RSM00030683,2013-07-14,TMIN,115
RSM00030683,2011-12-12,TMAX,-150
RSM00030683,2006-11-29,TMIN,-389
RSM00030683,2006-11-16,TMAX,-74
RSM00030683,2009-05-18,TMAX,135
RSM00030683,2013-03-02,TMAX,-70
RSM00030683,2011-04-12,TMAX,94
RSM00030683,2009-02-13,TMIN,-330
RSM00030683,2015-06-28,TMAX,164
RSM00030683,2014-02-17,TMAX,-129
RSM00030683,2013-12-04,TMAX,-42
RSM00030683,2014-02-17,TMIN,-330
RSM00030683,2011-10-18,TMAX,110
RSM00030683,2014-02-22,TMIN,-252
RSM00030683,2014-04-23,TMAX,240
RSM00030683,2014-11-27,TMAX,-167
RSM00030683,2012-12-02,TMAX,-180
RSM00030683,2010-01-31,TMIN,-350
RSM00030683,2012-07-25,TMIN,104
RSM00030683,2009-01-10,TMIN,-358
RSM00030683,2010-10-11,TMAX,73
RSM00030683,2013-09-15,TMAX,96
RSM00030683,2008-03-01,TMIN,-230
RSM00030683,2010-10-11,TMIN,-106
RSM00030683,2006-07-24,TMAX,272
RSM00030683,2009-10-09,TMAX,130
RSM00030683,2010-12-21,TMIN,-414
RSM00030683,2007-03-29,TMAX,-37
RSM00030683,2008-03-01,TMAX,30
RSM00030683,2006-07-24,TMIN,85
RSM00030683,2013-05-04,TMAX,181
RSM00030683,2008-04-06,TMIN,-85
RSM00030683,2014-02-18,TMIN,-345
RSM00030683,2014-02-18,TMAX,-142
RSM00030683,2010-12-21,TMAX,-268
RSM00030683,2014-09-30,TMAX,92
RSM00030683,2015-05-13,TMAX,140
RSM00030683,2014-03-10,TMIN,-250
RSM00030683,2015-08-25,TMAX,281
RSM00030683,2012-10-08,TMIN,-40
RSM00030683,2012-11-20,TMAX,-107
RSM00030683,2013-01-04,TMIN,-303
RSM00030683,2007-03-06,TMAX,-78
RSM00030683,2008-09-27,TMIN,-52
RSM00030683,2011-01-30,TMAX,-125
RSM00030683,2008-09-27,TMAX,112
RSM00030683,2014-09-28,TMAX,42
RSM00030683,2014-09-28,TMIN,-108
RSM00030683,2008-05-14,TMAX,242
RSM00030683,2008-05-14,TMIN,12
RSM00030683,2005-01-23,TMAX,-143
RSM00030683,2005-01-23,TMIN,-273
RSM00030683,2006-04-22,TMAX,65
RSM00030683,2010-01-31,TMAX,-261
RSM00030683,2010-07-11,TMAX,241
RSM00030683,2010-11-06,TMAX,13
RSM00030683,2005-09-10,TMAX,173
RSM00030683,2006-02-08,TMIN,-338
RSM00030683,2013-07-14,TMAX,277
RSM00030683,2006-02-08,TMAX,-156
RSM00030683,2008-12-12,TMIN,-395
RSM00030683,2007-09-20,TMAX,107
RSM00030683,2012-12-02,TMIN,-225
RSM00030683,2014-01-24,TMAX,-151
RSM00030683,2012-11-20,TMIN,-273
RSM00030683,2011-08-17,TMIN,81
RSM00030683,2012-05-15,TMAX,210
RSM00030683,2010-07-15,TMAX,244
RSM00030683,2013-09-16,TMIN,25
RSM00030683,2007-02-21,TMIN,-321
RSM00030683,2015-07-09,TMAX,291
RSM00030683,2011-08-22,TMAX,263
RSM00030683,2013-06-30,TMIN,121
RSM00030683,2013-06-30,TMAX,279
RSM00030683,2012-07-03,TMAX,261
RSM00030683,2008-07-26,TMAX,287
RSM00030683,2014-07-20,TMAX,263
RSM00030683,2014-07-20,TMIN,86
RSM00030683,2013-09-16,TMAX,107
RSM00030683,2006-06-18,TMIN,103
RSM00030683,2010-04-14,TMAX,-15
RSM00030683,2009-01-14,TMAX,-200
RSM00030683,2010-03-12,TMIN,-291
RSM00030683,2009-03-28,TMIN,-155
RSM00030683,2007-01-26,TMIN,-247
RSM00030683,2008-07-14,TMAX,273
RSM00030683,2014-03-14,TMIN,-207
RSM00030683,2010-06-06,TMIN,19
RSM00030683,2008-09-05,TMAX,140
RSM00030683,2011-03-08,TMAX,-55
RSM00030683,2006-06-18,TMAX,240
RSM00030683,2005-02-20,TMIN,-310
RSM00030683,2013-09-07,TMIN,35
RSM00030683,2007-02-21,TMAX,-170
RSM00030683,2008-04-04,TMIN,-116
RSM00030683,2007-11-18,TMAX,-183
RSM00030683,2011-12-24,TMIN,-395
RSM00030683,2010-01-02,TMIN,-347
RSM00030683,2009-03-24,TMIN,-195
RSM00030683,2012-05-14,TMAX,150
RSM00030683,2010-01-02,TMAX,-258
RSM00030683,2010-02-21,TMAX,-140
RSM00030683,2007-03-05,TMIN,-317
RSM00030683,2010-10-29,TMIN,-149
RSM00030683,2013-09-07,TMAX,255
RSM00030683,2007-03-05,TMAX,-155
RSM00030683,2011-08-22,TMIN,78
RSM00030683,2007-03-09,TMAX,-90
RSM00030683,2014-08-09,TMAX,265
RSM00030683,2007-03-09,TMIN,-267
RSM00030683,2011-05-06,TMAX,166
RSM00030683,2009-03-02,TMAX,-65
RSM00030683,2008-07-26,TMIN,152
RSM00030683,2011-05-06,TMIN,-25
RSM00030683,2015-11-13,TMAX,-49
RSM00030683,2011-12-24,TMAX,-262
RSM00030683,2011-03-14,TMAX,-74
RSM00030683,2007-02-23,TMAX,-142
RSM00030683,2014-10-23,TMAX,41
RSM00030683,2005-02-20,TMAX,-175
RSM00030683,2006-10-26,TMIN,-202
RSM00030683,2006-10-26,TMAX,-4
RSM00030683,2005-03-28,TMAX,-1
RSM00030683,2015-11-06,TMIN,-276
RSM00030683,2014-05-04,TMIN,-61
RSM00030683,2014-05-04,TMAX,94
RSM00030683,2009-11-01,TMIN,-250
RSM00030683,2011-03-17,TMIN,-160
RSM00030683,2008-03-12,TMAX,27
RSM00030683,2012-07-14,TMIN,145
RSM00030683,2008-03-21,TMAX,-9
RSM00030683,2011-08-17,TMAX,175
RSM00030683,2010-08-05,TMAX,214
RSM00030683,2012-11-04,TMIN,-221
RSM00030683,2012-06-10,TMAX,182
RSM00030683,2012-06-10,TMIN,107
RSM00030683,2010-07-15,TMIN,95
RSM00030683,2006-11-05,TMAX,-68
RSM00030683,2008-02-11,TMAX,-146
RSM00030683,2011-11-20,TMAX,-111
RSM00030683,2009-11-01,TMAX,-116
RSM00030683,2011-11-20,TMIN,-288
RSM00030683,2010-08-05,TMIN,26
RSM00030683,2006-12-12,TMAX,-187
RSM00030683,2015-11-06,TMAX,-103
RSM00030683,2005-11-18,TMAX,-117
RSM00030683,2010-07-31,TMAX,167
RSM00030683,2015-01-22,TMIN,-327
RSM00030683,2015-01-22,TMAX,-193
RSM00030683,2009-10-14,TMIN,-46
RSM00030683,2013-11-11,TMIN,-216
RSM00030683,2015-02-10,TMAX,-97
RSM00030683,2013-11-11,TMAX,-40
RSM00030683,2009-10-14,TMAX,141
RSM00030683,2010-03-12,TMAX,-122
RSM00030683,2011-01-30,TMIN,-261
RSM00030683,2006-02-25,TMAX,-155
RSM00030683,2007-07-08,TMAX,268
RSM00030683,2007-12-05,TMIN,-204
RSM00030683,2007-07-08,TMIN,160
RSM00030683,2006-11-09,TMAX,-180
RSM00030683,2007-04-22,TMIN,-22
RSM00030683,2007-04-22,TMAX,114
RSM00030683,2006-11-09,TMIN,-296
RSM00030683,2008-07-21,TMAX,266
RSM00030683,2007-09-26,TMAX,50
RSM00030683,2007-12-05,TMAX,-70
RSM00030683,2011-03-17,TMAX,-5
RSM00030683,2008-07-21,TMIN,125
RSM00030683,2007-02-23,TMIN,-362
RSM00030683,2006-10-13,TMIN,-100
RSM00030683,2013-08-25,TMIN,2
RSM00030683,2009-07-23,TMIN,85
RSM00030683,2015-12-14,TMAX,-146
RSM00030683,2007-05-26,TMAX,204
RSM00030683,2015-12-14,TMIN,-240
RSM00030683,2013-10-25,TMAX,72
RSM00030683,2013-10-25,TMIN,-90
RSM00030683,2012-11-02,TMAX,55
RSM00030683,2013-02-09,TMAX,-151
RSM00030683,2014-08-17,TMIN,80
RSM00030683,2006-10-09,TMAX,15
RSM00030683,2014-06-29,TMAX,310
RSM00030683,2015-12-16,TMIN,-287
RSM00030683,2012-12-18,TMAX,-181
RSM00030683,2009-12-27,TMAX,-246
RSM00030683,2014-08-17,TMAX,278
RSM00030683,2009-12-29,TMAX,-297
RSM00030683,2012-03-10,TMAX,-94
RSM00030683,2008-12-03,TMAX,-168
RSM00030683,2009-03-31,TMIN,-110
RSM00030683,2007-04-05,TMIN,-90
RSM00030683,2005-12-06,TMAX,-142
RSM00030683,2012-11-02,TMIN,-155
RSM00030683,2007-06-02,TMAX,203
RSM00030683,2009-07-23,TMAX,263
RSM00030683,2009-12-22,TMAX,-215
RSM00030683,2013-11-03,TMIN,-115
RSM00030683,2013-11-03,TMAX,69
RSM00030683,2015-07-15,TMAX,278
RSM00030683,2009-06-22,TMAX,206
RSM00030683,2010-07-28,TMIN,94
RSM00030683,2005-09-23,TMAX,206
RSM00030683,2010-07-28,TMAX,255
RSM00030683,2014-01-22,TMIN,-314
RSM00030683,2007-05-26,TMIN,29
RSM00030683,2014-09-06,TMAX,205
RSM00030683,2013-07-15,TMIN,145
RSM00030683,2005-12-16,TMAX,-149
RSM00030683,2009-12-10,TMIN,-333
RSM00030683,2014-12-23,TMIN,-285
RSM00030683,2006-03-14,TMAX,55
RSM00030683,2007-10-06,TMAX,65
RSM00030683,2015-03-29,TMAX,-21
RSM00030683,2014-12-23,TMAX,-119
RSM00030683,2011-12-13,TMAX,-175
RSM00030683,2015-03-29,TMIN,-96
RSM00030683,2005-08-27,TMAX,273
RSM00030683,2011-12-13,TMIN,-328
RSM00030683,2014-01-22,TMAX,-174
RSM00030683,2013-07-15,TMAX,195
RSM00030683,2007-04-05,TMAX,78
RSM00030683,2007-06-02,TMIN,40
RSM00030683,2006-04-04,TMAX,-24
RSM00030683,2010-04-13,TMAX,-39
RSM00030683,2010-04-13,TMIN,-160
RSM00030683,2015-12-09,TMAX,-156
RSM00030683,2012-05-20,TMIN,-45
RSM00030683,2015-10-20,TMAX,7
RSM00030683,2015-06-17,TMAX,220
RSM00030683,2012-04-27,TMIN,-49
RSM00030683,2012-04-27,TMAX,35
RSM00030683,2010-03-15,TMAX,-103
RSM00030683,2011-05-16,TMIN,-2
RSM00030683,2008-02-26,TMAX,-39
RSM00030683,2008-09-26,TMAX,80
RSM00030683,2012-09-07,TMAX,221
RSM00030683,2008-06-23,TMAX,279
RSM00030683,2008-05-02,TMAX,148
RSM00030683,2012-02-12,TMAX,-155
RSM00030683,2012-02-12,TMIN,-357
RSM00030683,2009-11-24,TMIN,-376
RSM00030683,2008-05-02,TMIN,-55
RSM00030683,2008-06-23,TMIN,145
RSM00030683,2012-01-30,TMIN,-335
RSM00030683,2012-09-07,TMIN,29
RSM00030683,2012-10-06,TMAX,86
RSM00030683,2005-10-27,TMAX,50
RSM00030683,2006-04-26,TMAX,110
RSM00030683,2011-04-27,TMAX,152
RSM00030683,2009-10-05,TMAX,83
RSM00030683,2015-10-28,TMIN,-100
RSM00030683,2015-10-28,TMAX,-47
RSM00030683,2011-12-31,TMAX,-162
RSM00030683,2015-01-20,TMAX,-157
RSM00030683,2006-12-26,TMAX,-164
RSM00030683,2011-12-25,TMIN,-392
RSM00030683,2010-09-28,TMAX,126
RSM00030683,2009-03-31,TMAX,68
RSM00030683,2006-04-26,TMIN,-58
RSM00030683,2009-08-08,TMIN,148
RSM00030683,2011-12-25,TMAX,-273
RSM00030683,2011-11-12,TMIN,-260
RSM00030683,2011-05-16,TMAX,233
RSM00030683,2012-03-10,TMIN,-322
RSM00030683,2009-08-08,TMAX,251
RSM00030683,2008-05-17,TMIN,30
RSM00030683,2008-12-27,TMIN,-340
RSM00030683,2011-11-05,TMAX,11
RSM00030683,2005-10-27,TMIN,-166
RSM00030683,2011-11-05,TMIN,-182
RSM00030683,2010-09-28,TMIN,-60
RSM00030683,2013-12-18,TMAX,-132
RSM00030683,2014-03-24,TMAX,104
RSM00030683,2011-01-19,TMAX,-122
RSM00030683,2009-01-24,TMIN,-262
RSM00030683,2005-09-17,TMAX,84
RSM00030683,2007-08-10,TMAX,298
RSM00030683,2015-05-07,TMAX,114
RSM00030683,2007-08-10,TMIN,136
RSM00030683,2006-07-06,TMAX,240
RSM00030683,2007-07-03,TMIN,118
RSM00030683,2014-11-01,TMAX,-8
RSM00030683,2006-12-16,TMIN,-348
RSM00030683,2014-10-12,TMAX,23
RSM00030683,2014-05-19,TMIN,24
RSM00030683,2015-03-30,TMAX,-9
RSM00030683,2007-06-04,TMAX,113
RSM00030683,2005-09-17,TMIN,64
RSM00030683,2006-01-31,TMIN,-372
RSM00030683,2006-01-31,TMAX,-238
RSM00030683,2006-12-16,TMAX,-210
RSM00030683,2005-10-29,TMAX,61
RSM00030683,2012-07-02,TMAX,242
RSM00030683,2011-11-02,TMAX,3
RSM00030683,2011-11-02,TMIN,-144
RSM00030683,2012-11-12,TMAX,-37
RSM00030683,2013-02-20,TMAX,-139
RSM00030683,2006-11-26,TMAX,-180
RSM00030683,2013-02-20,TMIN,-347
RSM00030683,2013-11-25,TMAX,-134
RSM00030683,2007-03-31,TMAX,21
RSM00030683,2013-11-25,TMIN,-261
RSM00030683,2015-10-05,TMIN,-71
RSM00030683,2006-04-05,TMAX,-10
RSM00030683,2006-12-15,TMIN,-389
RSM00030683,2015-12-13,TMAX,-116
RSM00030683,2008-05-04,TMAX,52
RSM00030683,2013-12-03,TMAX,-82
RSM00030683,2010-09-11,TMAX,252
RSM00030683,2007-10-08,TMIN,-57
RSM00030683,2014-06-03,TMAX,212
RSM00030683,2005-11-17,TMIN,-290
RSM00030683,2008-11-22,TMAX,-75
RSM00030683,2008-10-15,TMAX,85
RSM00030683,2007-08-04,TMIN,121
RSM00030683,2015-10-05,TMAX,153
RSM00030683,2005-11-17,TMAX,-110
RSM00030683,2007-08-04,TMAX,311
RSM00030683,2013-08-29,TMAX,179
RSM00030683,2013-08-29,TMIN,20
RSM00030683,2009-12-11,TMAX,-182
RSM00030683,2014-06-03,TMIN,-4
RSM00030683,2007-05-09,TMAX,113
RSM00030683,2006-05-06,TMAX,108
RSM00030683,2006-05-06,TMIN,-53
RSM00030683,2007-07-03,TMAX,319
RSM00030683,2006-05-31,TMAX,267
RSM00030683,2006-11-26,TMIN,-320
RSM00030683,2006-06-01,TMIN,76
RSM00030683,2014-10-04,TMAX,101
RSM00030683,2014-05-19,TMAX,222
RSM00030683,2006-06-01,TMAX,269
RSM00030683,2010-09-02,TMAX,252
RSM00030683,2013-11-05,TMIN,-104
RSM00030683,2013-11-05,TMAX,5
RSM00030683,2006-11-28,TMIN,-394
RSM00030683,2011-05-13,TMAX,121
RSM00030683,2012-09-17,TMAX,264
RSM00030683,2011-01-19,TMIN,-223
RSM00030683,2010-07-09,TMAX,244
RSM00030683,2009-02-17,TMAX,-170
RSM00030683,2009-10-22,TMAX,3
RSM00030683,2009-11-18,TMAX,-140
RSM00030683,2012-09-17,TMIN,30
RSM00030683,2015-07-24,TMIN,76
RSM00030683,2015-07-24,TMAX,275
RSM00030683,2006-02-22,TMAX,-165
RSM00030683,2007-10-08,TMAX,126
RSM00030683,2015-05-02,TMIN,-1
RSM00030683,2006-11-28,TMAX,-252
RSM00030683,2013-03-26,TMIN,-187
RSM00030683,2014-10-04,TMIN,-88
RSM00030683,2014-10-01,TMIN,-75
RSM00030683,2010-11-05,TMIN,-143
RSM00030683,2008-07-30,TMAX,265
RSM00030683,2007-10-17,TMAX,49
RSM00030683,2006-09-09,TMIN,-50
RSM00030683,2015-05-02,TMAX,99
RSM00030683,2011-03-16,TMIN,-216
RSM00030683,2010-08-19,TMAX,189
RSM00030683,2008-07-30,TMIN,102
RSM00030683,2011-04-18,TMIN,-94
RSM00030683,2006-09-09,TMAX,126
RSM00030683,2009-04-22,TMIN,-60
RSM00030683,2013-03-26,TMAX,-13
RSM00030683,2014-05-01,TMAX,80
RSM00030683,2015-04-07,TMIN,-226
RSM00030683,2011-04-18,TMAX,113
RSM00030683,2006-05-30,TMIN,125
RSM00030683,2010-11-05,TMAX,-6
RSM00030683,2011-03-16,TMAX,3
RSM00030683,2008-06-18,TMIN,145
RSM00030683,2008-06-18,TMAX,294
RSM00030683,2009-07-01,TMIN,90
RSM00030683,2013-12-18,TMIN,-268
RSM00030683,2009-06-15,TMAX,257
RSM00030683,2007-03-20,TMAX,10
RSM00030683,2008-06-11,TMAX,311
RSM00030683,2008-06-11,TMIN,80
RSM00030683,2006-02-07,TMIN,-344
RSM00030683,2013-04-12,TMAX,10
RSM00030683,2014-06-16,TMIN,114
RSM00030683,2014-06-16,TMAX,250
RSM00030683,2013-04-02,TMAX,-8
RSM00030683,2015-11-26,TMAX,-169
RSM00030683,2012-12-11,TMAX,-147
RSM00030683,2009-08-17,TMIN,105
RSM00030683,2009-08-17,TMAX,210
RSM00030683,2015-12-10,TMIN,-273
RSM00030683,2012-12-11,TMIN,-279
RSM00030683,2009-06-04,TMIN,92
RSM00030683,2013-06-10,TMAX,230
RSM00030683,2013-06-10,TMIN,66
RSM00030683,2011-02-12,TMAX,-100
RSM00030683,2008-09-10,TMAX,142
RSM00030683,2006-05-15,TMIN,20
RSM00030683,2006-05-15,TMAX,231
RSM00030683,2009-01-23,TMAX,-215
RSM00030683,2006-02-07,TMAX,-173
RSM00030683,2010-02-25,TMAX,-138
RSM00030683,2009-01-31,TMAX,-233
RSM00030683,2010-10-16,TMAX,-11
RSM00030683,2012-11-08,TMIN,-111
RSM00030683,2012-11-08,TMAX,-23
RSM00030683,2009-03-17,TMIN,-318
RSM00030683,2011-06-23,TMAX,263
RSM00030683,2006-12-19,TMAX,-176
RSM00030683,2011-06-23,TMIN,60
RSM00030683,2006-09-06,TMAX,142
RSM00030683,2005-08-29,TMIN,48
RSM00030683,2011-02-28,TMAX,-80
RSM00030683,2010-06-12,TMAX,228
RSM00030683,2008-01-07,TMAX,-197
RSM00030683,2011-11-27,TMIN,-300
RSM00030683,2007-04-06,TMAX,73
RSM00030683,2007-04-06,TMIN,-68
RSM00030683,2008-12-27,TMAX,-220
RSM00030683,2011-06-16,TMAX,266
RSM00030683,2007-01-10,TMAX,-133
RSM00030683,2007-01-10,TMIN,-235
RSM00030683,2010-11-26,TMAX,-178
RSM00030683,2006-11-20,TMAX,-128
RSM00030683,2013-02-08,TMAX,-133
RSM00030683,2013-02-08,TMIN,-329
RSM00030683,2014-12-19,TMIN,-359
RSM00030683,2012-11-15,TMAX,-62
RSM00030683,2010-12-20,TMAX,-289
RSM00030683,2011-01-05,TMIN,-157
RSM00030683,2006-07-09,TMIN,42
RSM00030683,2006-07-09,TMAX,236
RSM00030683,2008-09-10,TMIN,75
RSM00030683,2015-09-30,TMAX,63
RSM00030683,2005-09-07,TMAX,164
RSM00030683,2011-02-13,TMIN,-331
RSM00030683,2008-05-12,TMAX,223
RSM00030683,2010-04-12,TMIN,-181
RSM00030683,2005-09-25,TMAX,207
RSM00030683,2012-07-14,TMAX,281
RSM00030683,2011-02-20,TMAX,-47
RSM00030683,2015-10-18,TMIN,-144
RSM00030683,2005-09-24,TMAX,209
RSM00030683,2014-01-11,TMAX,-239
RSM00030683,2007-03-08,TMAX,-73
RSM00030683,2005-08-25,TMAX,311
RSM00030683,2005-08-25,TMIN,83
RSM00030683,2014-03-03,TMAX,-134
RSM00030683,2014-03-03,TMIN,-341
RSM00030683,2005-11-02,TMIN,-208
RSM00030683,2005-11-02,TMAX,-22
RSM00030683,2013-04-07,TMAX,29
RSM00030683,2013-06-23,TMIN,93
RSM00030683,2015-05-07,TMIN,-30
RSM00030683,2011-02-13,TMAX,-135
RSM00030683,2015-12-17,TMAX,-77
RSM00030683,2008-08-05,TMAX,237
RSM00030683,2006-05-10,TMIN,-53
RSM00030683,2006-05-10,TMAX,114
RSM00030683,2009-01-31,TMIN,-396
RSM00030683,2005-09-04,TMAX,226
RSM00030683,2011-01-05,TMAX,-98
RSM00030683,2007-10-13,TMAX,95
RSM00030683,2008-11-23,TMIN,-304
RSM00030683,2010-05-31,TMAX,263
RSM00030683,2005-12-25,TMIN,-332
RSM00030683,2010-02-25,TMIN,-278
RSM00030683,2015-11-17,TMIN,-333
RSM00030683,2010-05-31,TMIN,27
RSM00030683,2008-11-23,TMAX,-110
RSM00030683,2006-10-08,TMIN,-94
RSM00030683,2011-12-07,TMAX,-127
RSM00030683,2012-11-16,TMIN,-251
RSM00030683,2012-11-16,TMAX,-90
RSM00030683,2011-12-07,TMIN,-296
RSM00030683,2006-03-26,TMAX,-53
RSM00030683,2009-10-22,TMIN,-96
RSM00030683,2009-11-07,TMAX,-93
RSM00030683,2005-12-25,TMAX,-160
RSM00030683,2014-02-26,TMAX,-66
RSM00030683,2008-05-12,TMIN,10
RSM00030683,2015-09-08,TMAX,97
RSM00030683,2012-02-13,TMIN,-348
RSM00030683,2006-04-19,TMAX,85
RSM00030683,2005-10-26,TMAX,15
RSM00030683,2013-01-16,TMAX,-216
RSM00030683,2007-05-04,TMAX,151
RSM00030683,2012-12-26,TMIN,-387
RSM00030683,2011-05-11,TMIN,-17
RSM00030683,2012-01-17,TMAX,-204
RSM00030683,2007-08-16,TMIN,143
RSM00030683,2011-05-11,TMAX,195
RSM00030683,2014-07-10,TMAX,283
RSM00030683,2008-05-17,TMAX,155
RSM00030683,2014-10-21,TMIN,-215
RSM00030683,2008-09-17,TMIN,-54
RSM00030683,2014-05-16,TMAX,184
RSM00030683,2012-06-06,TMAX,257
RSM00030683,2010-03-27,TMAX,-42
RSM00030683,2006-07-23,TMAX,255
RSM00030683,2012-12-26,TMAX,-252
RSM00030683,2014-10-21,TMAX,-29
RSM00030683,2010-06-28,TMAX,298
RSM00030683,2005-08-22,TMAX,247
RSM00030683,2008-10-27,TMIN,-97
RSM00030683,2005-08-22,TMIN,73
RSM00030683,2009-06-04,TMAX,191
RSM00030683,2012-02-13,TMAX,-124
RSM00030683,2015-10-20,TMIN,-199
RSM00030683,2009-12-12,TMAX,-215
RSM00030683,2009-12-12,TMIN,-288
RSM00030683,2009-06-15,TMIN,60
RSM00030683,2007-03-20,TMIN,-186
RSM00030683,2011-02-21,TMIN,-214
RSM00030683,2005-09-23,TMIN,0
RSM00030683,2010-05-25,TMAX,203
RSM00030683,2008-06-27,TMAX,329
RSM00030683,2012-05-25,TMIN,-5
RSM00030683,2013-01-16,TMIN,-353
RSM00030683,2015-09-30,TMIN,-22
RSM00030683,2010-03-15,TMIN,-305
RSM00030683,2012-05-25,TMAX,166
RSM00030683,2014-11-23,TMIN,-296
RSM00030683,2011-02-21,TMAX,-42
RSM00030683,2007-04-03,TMAX,4
RSM00030683,2007-05-04,TMIN,-32
RSM00030683,2014-11-23,TMAX,-150
RSM00030683,2013-11-23,TMAX,-60
RSM00030683,2007-08-16,TMAX,306
RSM00030683,2015-11-17,TMAX,-143
RSM00030683,2015-01-23,TMAX,-173
RSM00030683,2012-11-05,TMAX,-22
RSM00030683,2008-10-27,TMAX,10
RSM00030683,2007-09-14,TMAX,134
RSM00030683,2011-04-07,TMIN,-119
RSM00030683,2014-10-09,TMIN,-104
RSM00030683,2014-06-11,TMAX,287
RSM00030683,2015-09-08,TMIN,76
RSM00030683,2015-03-21,TMAX,-45
RSM00030683,2006-10-08,TMAX,14
RSM00030683,2008-02-03,TMAX,-98
RSM00030683,2006-12-19,TMIN,-308
RSM00030683,2011-07-25,TMIN,141
RSM00030683,2015-02-14,TMIN,-265
RSM00030683,2011-04-07,TMAX,50
RSM00030683,2009-01-23,TMIN,-330
RSM00030683,2011-07-25,TMAX,178
RSM00030683,2009-03-17,TMAX,-110
RSM00030683,2010-12-02,TMIN,-345
RSM00030683,2014-10-09,TMAX,94
RSM00030683,2011-11-10,TMAX,12
RSM00030683,2011-11-10,TMIN,-105
RSM00030683,2012-04-17,TMAX,101
RSM00030683,2011-06-02,TMAX,151
RSM00030683,2005-12-24,TMAX,-206
RSM00030683,2012-01-30,TMAX,-158
RSM00030683,2010-12-02,TMAX,-198
RSM00030683,2012-05-20,TMAX,112
RSM00030683,2010-11-13,TMAX,-45
RSM00030683,2012-06-06,TMIN,53
RSM00030683,2015-12-26,TMIN,-357
RSM00030683,2011-11-15,TMAX,-119
RSM00030683,2009-09-03,TMAX,242
RSM00030683,2007-02-07,TMIN,-320
RSM00030683,2008-05-24,TMAX,196
RSM00030683,2010-11-01,TMAX,-37
RSM00030683,2013-04-12,TMIN,-103
RSM00030683,2014-10-07,TMAX,55
RSM00030683,2007-02-07,TMAX,-106
RSM00030683,2008-02-03,TMIN,-306
RSM00030683,2015-03-24,TMAX,65
RSM00030683,2015-12-26,TMAX,-191
RSM00030683,2015-08-20,TMAX,196
RSM00030683,2012-04-17,TMIN,8
RSM00030683,2014-08-27,TMAX,227
RSM00030683,2007-09-14,TMIN,-10
RSM00030683,2007-02-04,TMAX,-120
RSM00030683,2011-06-08,TMAX,185
RSM00030683,2008-09-17,TMAX,127
RSM00030683,2014-12-21,TMIN,-343
RSM00030683,2014-12-21,TMAX,-237
RSM00030683,2015-03-24,TMIN,-175
RSM00030683,2015-02-14,TMAX,-69
RSM00030683,2009-06-14,TMAX,248
RSM00030683,2008-01-22,TMAX,-193
RSM00030683,2007-12-06,TMIN,-200
RSM00030683,2015-07-02,TMIN,43
RSM00030683,2014-12-12,TMAX,-173
RSM00030683,2011-01-08,TMAX,-189
RSM00030683,2011-01-08,TMIN,-328
RSM00030683,2013-12-13,TMIN,-213
RSM00030683,2009-05-30,TMIN,-16
RSM00030683,2009-07-03,TMAX,257
RSM00030683,2011-11-09,TMIN,-121
RSM00030683,2011-11-09,TMAX,38
RSM00030683,2009-07-03,TMIN,56
RSM00030683,2009-05-30,TMAX,153
RSM00030683,2008-03-26,TMIN,-46
RSM00030683,2013-01-07,TMIN,-395
RSM00030683,2007-11-28,TMIN,-285
RSM00030683,2008-03-26,TMAX,87
RSM00030683,2013-01-07,TMAX,-226
RSM00030683,2007-11-28,TMAX,-100
RSM00030683,2012-08-14,TMAX,190
RSM00030683,2011-01-10,TMAX,-234
RSM00030683,2008-02-24,TMAX,-96
RSM00030683,2008-02-24,TMIN,-308
RSM00030683,2014-12-12,TMIN,-296
RSM00030683,2006-11-03,TMIN,-193
RSM00030683,2006-01-05,TMAX,-184
RSM00030683,2010-08-28,TMIN,80
RSM00030683,2010-03-13,TMAX,-119
RSM00030683,2010-04-20,TMIN,-45
RSM00030683,2010-04-23,TMIN,-42
RSM00030683,2007-12-11,TMAX,-159
RSM00030683,2007-12-11,TMIN,-300
RSM00030683,2008-02-06,TMIN,-280
RSM00030683,2015-02-04,TMIN,-270
RSM00030683,2010-04-20,TMAX,72
RSM00030683,2007-02-05,TMIN,-285
RSM00030683,2008-07-27,TMIN,160
RSM00030683,2015-12-25,TMAX,-240
RSM00030683,2008-07-27,TMAX,274
RSM00030683,2013-07-24,TMAX,200
RSM00030683,2014-12-06,TMAX,-163
RSM00030683,2013-01-14,TMIN,-375
RSM00030683,2008-02-10,TMAX,-114
RSM00030683,2008-02-10,TMIN,-192
RSM00030683,2008-08-13,TMAX,239
RSM00030683,2013-01-14,TMAX,-227
RSM00030683,2015-07-02,TMAX,233
RSM00030683,2011-09-14,TMAX,36
RSM00030683,2010-08-28,TMAX,293
RSM00030683,2009-08-27,TMAX,125
RSM00030683,2008-12-21,TMAX,-277
RSM00030683,2010-09-03,TMIN,60
RSM00030683,2015-03-10,TMIN,-317
RSM00030683,2012-02-27,TMIN,-233
RSM00030683,2015-03-09,TMAX,-85
RSM00030683,2015-05-09,TMAX,195
RSM00030683,2012-04-07,TMIN,-96
RSM00030683,2011-01-06,TMAX,-85
RSM00030683,2007-01-30,TMAX,-141
RSM00030683,2009-06-28,TMAX,210
RSM00030683,2009-06-28,TMIN,109
RSM00030683,2011-03-31,TMAX,-14
RSM00030683,2008-05-10,TMAX,160
RSM00030683,2008-03-19,TMAX,-59
RSM00030683,2007-11-09,TMAX,14
RSM00030683,2006-08-03,TMAX,306
RSM00030683,2011-05-31,TMAX,112
RSM00030683,2011-04-19,TMAX,49
RSM00030683,2007-02-04,TMIN,-285
RSM00030683,2014-02-21,TMIN,-291
RSM00030683,2014-02-21,TMAX,-63
RSM00030683,2011-05-31,TMIN,59
RSM00030683,2007-04-11,TMAX,79
RSM00030683,2007-04-11,TMIN,-73
RSM00030683,2014-06-15,TMAX,255
RSM00030683,2008-05-10,TMIN,-15
RSM00030683,2010-04-06,TMAX,43
RSM00030683,2012-02-27,TMAX,-99
RSM00030683,2008-03-19,TMIN,-266
RSM00030683,2010-05-26,TMAX,238
RSM00030683,2015-11-19,TMIN,-328
RSM00030683,2015-03-10,TMAX,-66
RSM00030683,2011-01-10,TMIN,-370
RSM00030683,2012-10-23,TMAX,4
RSM00030683,2010-09-03,TMAX,263
RSM00030683,2015-11-19,TMAX,-165
RSM00030683,2009-04-29,TMAX,206
RSM00030683,2009-02-21,TMAX,-170
RSM00030683,2013-06-26,TMAX,245
RSM00030683,2015-03-09,TMIN,-332
RSM00030683,2006-09-30,TMIN,-11
RSM00030683,2006-12-21,TMAX,-183
RSM00030683,2010-02-04,TMAX,-160
RSM00030683,2013-06-28,TMAX,196
RSM00030683,2010-02-04,TMIN,-239
RSM00030683,2008-08-24,TMAX,160
RSM00030683,2015-07-05,TMIN,107
RSM00030683,2013-08-19,TMAX,240
RSM00030683,2013-08-19,TMIN,69
RSM00030683,2009-10-02,TMAX,71
RSM00030683,2012-10-29,TMAX,-100
RSM00030683,2006-09-30,TMAX,191
RSM00030683,2009-06-09,TMAX,148
RSM00030683,2014-11-22,TMAX,-119
RSM00030683,2008-02-13,TMIN,-324
RSM00030683,2012-09-24,TMAX,172
RSM00030683,2014-01-05,TMIN,-335
RSM00030683,2012-09-24,TMIN,-16
RSM00030683,2013-08-17,TMIN,122
RSM00030683,2005-09-15,TMIN,69
RSM00030683,2007-10-22,TMIN,-143
RSM00030683,2014-01-30,TMAX,-200
RSM00030683,2011-11-17,TMAX,-114
RSM00030683,2009-11-29,TMAX,-156
RSM00030683,2009-01-02,TMIN,-318
RSM00030683,2007-03-30,TMIN,-213
RSM00030683,2007-02-01,TMAX,-140
RSM00030683,2008-12-02,TMAX,-168
RSM00030683,2007-03-30,TMAX,-7
RSM00030683,2007-12-07,TMAX,-45
RSM00030683,2012-08-23,TMIN,0
RSM00030683,2012-08-23,TMAX,198
RSM00030683,2009-11-29,TMIN,-310
RSM00030683,2008-12-02,TMIN,-313
RSM00030683,2012-08-25,TMAX,184
RSM00030683,2012-12-28,TMAX,-210
RSM00030683,2013-08-17,TMAX,170
RSM00030683,2011-12-20,TMAX,-205
RSM00030683,2007-01-18,TMAX,-112
RSM00030683,2007-01-18,TMIN,-274
RSM00030683,2006-10-13,TMAX,31
RSM00030683,2013-08-25,TMAX,175
RSM00030683,2007-02-01,TMIN,-319
RSM00030683,2007-02-06,TMAX,-105
RSM00030683,2005-09-15,TMAX,121
RSM00030683,2007-06-05,TMAX,223
RSM00030683,2007-06-05,TMIN,6
RSM00030683,2005-12-02,TMAX,-139
RSM00030683,2007-08-12,TMAX,216
RSM00030683,2005-12-02,TMIN,-206
RSM00030683,2009-02-23,TMAX,-183
RSM00030683,2006-10-15,TMAX,63
RSM00030683,2009-12-05,TMAX,-227
RSM00030683,2007-08-12,TMIN,95
RSM00030683,2008-08-10,TMIN,40
RSM00030683,2008-08-10,TMAX,226
RSM00030683,2012-01-25,TMAX,-232
RSM00030683,2008-08-27,TMAX,213
RSM00030683,2012-01-25,TMIN,-404
RSM00030683,2011-12-20,TMIN,-296
RSM00030683,2015-03-03,TMAX,-88
RSM00030683,2007-09-18,TMAX,130
RSM00030683,2006-10-15,TMIN,-105
RSM00030683,2010-11-20,TMIN,-178
RSM00030683,2010-10-24,TMIN,-169
RSM00030683,2011-09-12,TMIN,47
RSM00030683,2013-02-24,TMIN,-351
RSM00030683,2013-09-27,TMAX,69
RSM00030683,2008-05-08,TMAX,87
RSM00030683,2013-01-27,TMAX,-189
RSM00030683,2012-03-23,TMAX,-5
RSM00030683,2006-09-14,TMIN,25
RSM00030683,2012-03-23,TMIN,-181
RSM00030683,2008-09-18,TMAX,73
RSM00030683,2009-08-16,TMIN,88
RSM00030683,2012-06-23,TMAX,143
RSM00030683,2013-02-24,TMAX,-113
RSM00030683,2008-05-31,TMAX,126
RSM00030683,2008-09-18,TMIN,33
RSM00030683,2009-01-01,TMAX,-173
RSM00030683,2012-02-21,TMIN,-361
RSM00030683,2006-03-20,TMAX,-6
RSM00030683,2009-08-06,TMAX,249
RSM00030683,2009-08-06,TMIN,75
RSM00030683,2008-02-13,TMAX,-114
RSM00030683,2010-04-23,TMAX,143
RSM00030683,2012-04-25,TMAX,47
RSM00030683,2007-07-05,TMAX,247
RSM00030683,2012-02-21,TMAX,-133
RSM00030683,2012-11-26,TMAX,-165
RSM00030683,2009-10-06,TMAX,122
RSM00030683,2013-01-27,TMIN,-362
RSM00030683,2010-10-24,TMAX,-20
RSM00030683,2011-09-12,TMAX,153
RSM00030683,2006-03-09,TMAX,-61
RSM00030683,2011-04-02,TMIN,-144
RSM00030683,2011-04-02,TMAX,67
RSM00030683,2014-08-03,TMIN,106
RSM00030683,2006-03-17,TMIN,-242
RSM00030683,2009-01-01,TMIN,-320
RSM00030683,2006-03-17,TMAX,-44
RSM00030683,2015-10-18,TMAX,9
RSM00030683,2009-08-16,TMAX,227
RSM00030683,2010-03-21,TMAX,-10
RSM00030683,2012-11-14,TMAX,-45
RSM00030683,2011-05-09,TMAX,52
RSM00030683,2013-06-06,TMAX,240
RSM00030683,2013-06-06,TMIN,113
RSM00030683,2012-08-29,TMAX,185
RSM00030683,2014-08-03,TMAX,227
RSM00030683,2005-09-22,TMAX,200
RSM00030683,2010-11-20,TMAX,-84
RSM00030683,2008-05-31,TMIN,71
RSM00030683,2005-09-22,TMIN,-1
RSM00030683,2010-03-21,TMIN,-218
RSM00030683,2007-12-19,TMAX,-205
RSM00030683,2007-09-19,TMIN,-28
RSM00030683,2015-07-04,TMAX,281
RSM00030683,2008-06-16,TMIN,122
RSM00030683,2008-01-16,TMIN,-330
RSM00030683,2015-11-09,TMAX,-93
RSM00030683,2007-04-02,TMAX,20
RSM00030683,2015-11-09,TMIN,-227
RSM00030683,2008-06-16,TMAX,260
RSM00030683,2008-10-17,TMAX,87
RSM00030683,2007-04-02,TMIN,-160
RSM00030683,2011-02-05,TMAX,-153
RSM00030683,2011-08-09,TMAX,237
RSM00030683,2006-03-21,TMAX,0
RSM00030683,2005-11-30,TMIN,-360
RSM00030683,2013-09-25,TMIN,-61
RSM00030683,2009-08-15,TMAX,225
RSM00030683,2010-03-28,TMAX,-7
RSM00030683,2009-03-05,TMAX,-60
RSM00030683,2005-11-30,TMAX,-173
RSM00030683,2010-05-11,TMAX,165
RSM00030683,2015-04-19,TMIN,-4
RSM00030683,2011-02-05,TMIN,-278
RSM00030683,2010-07-20,TMIN,175
RSM00030683,2009-03-05,TMIN,-223
RSM00030683,2009-12-18,TMAX,-90
RSM00030683,2013-03-24,TMAX,-33
RSM00030683,2012-11-01,TMIN,-226
RSM00030683,2008-07-24,TMAX,325
RSM00030683,2005-01-30,TMAX,-137
RSM00030683,2014-03-20,TMAX,80
RSM00030683,2005-01-30,TMIN,-244
RSM00030683,2007-08-30,TMAX,225
RSM00030683,2008-07-24,TMIN,133
RSM00030683,2012-11-01,TMAX,-87
RSM00030683,2008-02-17,TMAX,-72
RSM00030683,2011-03-27,TMIN,-92
RSM00030683,2008-01-16,TMAX,-144
RSM00030683,2010-07-20,TMAX,244
RSM00030683,2008-09-07,TMIN,-1
RSM00030683,2010-03-19,TMIN,-245
RSM00030683,2010-03-19,TMAX,-37
RSM00030683,2010-02-19,TMAX,-132
RSM00030683,2010-03-23,TMAX,-66
RSM00030683,2010-02-06,TMAX,-103
RSM00030683,2009-12-18,TMIN,-186
RSM00030683,2012-06-02,TMIN,75
RSM00030683,2010-02-19,TMIN,-322
RSM00030683,2012-10-20,TMAX,-38
RSM00030683,2012-06-02,TMAX,276
RSM00030683,2011-03-27,TMAX,80
RSM00030683,2013-09-25,TMAX,117
RSM00030683,2013-11-28,TMAX,-64
RSM00030683,2014-04-01,TMAX,2
RSM00030683,2014-07-06,TMIN,34
RSM00030683,2014-07-06,TMAX,239
RSM00030683,2011-06-12,TMAX,265
RSM00030683,2014-05-10,TMIN,2
RSM00030683,2007-02-28,TMIN,-211
RSM00030683,2011-04-22,TMAX,100
RSM00030683,2011-04-22,TMIN,-40
RSM00030683,2013-06-09,TMIN,75
RSM00030683,2015-07-05,TMAX,326
RSM00030683,2015-12-19,TMIN,-300
RSM00030683,2009-07-10,TMAX,239
RSM00030683,2012-06-01,TMAX,247
RSM00030683,2015-04-07,TMAX,-7
RSM00030683,2008-01-22,TMIN,-369
RSM00030683,2015-12-19,TMAX,-124
RSM00030683,2013-06-09,TMAX,215
RSM00030683,2008-01-31,TMIN,-268
RSM00030683,2011-07-09,TMAX,269
RSM00030683,2007-03-31,TMIN,-190
RSM00030683,2012-06-01,TMIN,71
RSM00030683,2008-01-31,TMAX,-96
RSM00030683,2014-10-01,TMAX,91
RSM00030683,2005-10-01,TMAX,91
RSM00030683,2009-02-06,TMIN,-316
RSM00030683,2013-12-25,TMAX,-147
RSM00030683,2010-01-22,TMAX,-138
RSM00030683,2013-12-17,TMIN,-275
RSM00030683,2014-04-01,TMIN,-141
RSM00030683,2013-12-17,TMAX,-119
RSM00030683,2014-05-10,TMAX,244
RSM00030683,2015-12-25,TMIN,-405
RSM00030683,2012-03-18,TMIN,-310
RSM00030683,2012-03-18,TMAX,-105
RSM00030683,2009-06-23,TMAX,222
RSM00030683,2011-08-07,TMIN,164
RSM00030683,2010-11-16,TMAX,-110
RSM00030683,2009-10-10,TMAX,128
RSM00030683,2011-08-07,TMAX,247
RSM00030683,2010-11-16,TMIN,-256
RSM00030683,2005-12-22,TMAX,-199
RSM00030683,2012-07-01,TMIN,131
RSM00030683,2012-07-22,TMAX,239
RSM00030683,2013-12-15,TMAX,-69
RSM00030683,2012-07-01,TMAX,210
RSM00030683,2010-01-22,TMIN,-315
RSM00030683,2008-03-29,TMAX,92
RSM00030683,2011-06-12,TMIN,59
RSM00030683,2009-10-10,TMIN,-57
RSM00030683,2008-01-30,TMAX,-87
RSM00030683,2009-02-06,TMAX,-164
RSM00030683,2008-09-07,TMAX,168
RSM00030683,2013-11-20,TMAX,-84
RSM00030683,2006-09-13,TMAX,221
RSM00030683,2015-08-03,TMAX,208
RSM00030683,2006-09-13,TMIN,-38
RSM00030683,2011-01-14,TMAX,-204
RSM00030683,2006-09-21,TMIN,-25
RSM00030683,2014-03-08,TMIN,-270
RSM00030683,2014-05-14,TMAX,170
RSM00030683,2014-02-15,TMAX,-132
RSM00030683,2013-05-15,TMIN,9
RSM00030683,2013-09-11,TMAX,125
RSM00030683,2008-12-21,TMIN,-384
RSM00030683,2009-07-06,TMAX,203
RSM00030683,2008-11-24,TMIN,-317
RSM00030683,2005-10-14,TMAX,0
RSM00030683,2005-10-14,TMIN,-85
RSM00030683,2013-05-15,TMAX,224
RSM00030683,2008-02-27,TMIN,-210
RSM00030683,2008-03-29,TMIN,-60
RSM00030683,2006-09-21,TMAX,185
RSM00030683,2008-02-26,TMIN,-253
RSM00030683,2008-03-04,TMIN,-205
RSM00030683,2010-10-21,TMAX,56
RSM00030683,2014-02-15,TMIN,-350
RSM00030683,2014-03-08,TMAX,-72
RSM00030683,2008-06-05,TMAX,230
RSM00030683,2010-09-22,TMAX,68
RSM00030683,2011-09-27,TMAX,33
RSM00030683,2013-04-09,TMAX,21
RSM00030683,2008-02-27,TMAX,23
RSM00030683,2015-12-31,TMAX,-196
RSM00030683,2006-08-03,TMIN,117
RSM00030683,2006-10-01,TMAX,113
RSM00030683,2012-01-21,TMAX,-222
RSM00030683,2013-04-09,TMIN,-73
RSM00030683,2006-07-17,TMAX,265
RSM00030683,2005-10-20,TMAX,-47
RSM00030683,2010-10-10,TMAX,54
RSM00030683,2006-03-28,TMAX,-32
RSM00030683,2007-09-19,TMAX,150
RSM00030683,2014-06-15,TMIN,89
RSM00030683,2006-05-28,TMIN,65
RSM00030683,2006-05-28,TMAX,222
RSM00030683,2006-03-28,TMIN,-232
RSM00030683,2008-12-10,TMAX,-248
RSM00030683,2009-04-10,TMIN,-97
RSM00030683,2009-04-18,TMAX,108
RSM00030683,2015-12-31,TMIN,-298
RSM00030683,2015-07-04,TMIN,115
RSM00030683,2006-08-12,TMAX,209
RSM00030683,2015-12-13,TMIN,-289
RSM00030683,2013-03-16,TMAX,-95
RSM00030683,2008-11-24,TMAX,-198
RSM00030683,2010-01-21,TMAX,-186
RSM00030683,2012-05-13,TMAX,198
RSM00030683,2012-06-13,TMIN,40
RSM00030683,2009-05-24,TMAX,203
RSM00030683,2010-05-04,TMAX,99
RSM00030683,2014-05-29,TMAX,211
RSM00030683,2005-12-19,TMAX,-142
RSM00030683,2012-02-02,TMAX,-169
RSM00030683,2012-02-02,TMIN,-325
RSM00030683,2010-01-21,TMIN,-359
RSM00030683,2009-04-10,TMAX,57
RSM00030683,2014-11-20,TMAX,-122
RSM00030683,2012-09-21,TMAX,102
RSM00030683,2014-09-03,TMAX,186
RSM00030683,2014-09-03,TMIN,3
RSM00030683,2014-11-20,TMIN,-265
RSM00030683,2009-04-25,TMAX,148
RSM00030683,2014-11-18,TMAX,-83
RSM00030683,2007-06-16,TMAX,252
RSM00030683,2009-06-23,TMIN,67
RSM00030683,2013-11-20,TMIN,-246
RSM00030683,2008-02-17,TMIN,-285
RSM00030683,2007-06-11,TMAX,124
RSM00030683,2013-03-16,TMIN,-284
RSM00030683,2012-10-14,TMAX,25
RSM00030683,2015-06-10,TMAX,229
RSM00030683,2011-05-25,TMAX,174
RSM00030683,2013-03-14,TMIN,-241
RSM00030683,2013-07-30,TMIN,172
RSM00030683,2013-07-30,TMAX,244
RSM00030683,2008-03-04,TMAX,30
RSM00030683,2011-09-17,TMAX,124
RSM00030683,2011-09-17,TMIN,-14
RSM00030683,2015-07-14,TMAX,262
RSM00030683,2012-04-16,TMAX,75
RSM00030683,2015-10-02,TMAX,39
RSM00030683,2011-08-15,TMAX,193
RSM00030683,2012-06-13,TMAX,236
RSM00030683,2011-10-19,TMIN,-75
RSM00030683,2015-04-10,TMAX,-31
RSM00030683,2005-03-14,TMIN,-143
RSM00030683,2005-03-14,TMAX,25
RSM00030683,2007-01-14,TMAX,-173
RSM00030683,2012-04-16,TMIN,-98
RSM00030683,2006-11-22,TMAX,-169
RSM00030683,2012-05-31,TMAX,163
RSM00030683,2012-05-31,TMIN,70
RSM00030683,2011-10-19,TMAX,128
RSM00030683,2006-05-09,TMAX,80
RSM00030683,2012-06-11,TMAX,144
RSM00030683,2011-04-30,TMAX,183
RSM00030683,2006-09-11,TMAX,94
RSM00030683,2012-10-04,TMAX,103
RSM00030683,2014-01-19,TMIN,-326
RSM00030683,2012-06-03,TMAX,272
RSM00030683,2012-12-07,TMIN,-280
RSM00030683,2006-09-15,TMAX,237
RSM00030683,2012-06-03,TMIN,103
RSM00030683,2006-07-31,TMAX,280
RSM00030683,2008-07-08,TMAX,286
RSM00030683,2013-05-16,TMIN,24
RSM00030683,2007-01-02,TMAX,-147
RSM00030683,2013-05-16,TMAX,171
RSM00030683,2013-07-12,TMAX,300
RSM00030683,2007-01-02,TMIN,-304
RSM00030683,2011-09-20,TMAX,175
RSM00030683,2006-07-31,TMIN,123
RSM00030683,2007-04-20,TMIN,25
RSM00030683,2007-04-20,TMAX,86
RSM00030683,2008-05-23,TMAX,210
RSM00030683,2012-01-05,TMIN,-323
RSM00030683,2008-10-21,TMAX,35
RSM00030683,2012-06-20,TMIN,130
RSM00030683,2008-05-23,TMIN,95
RSM00030683,2012-06-21,TMAX,322
RSM00030683,2006-04-06,TMIN,-174
RSM00030683,2015-09-11,TMAX,130
RSM00030683,2006-04-06,TMAX,24
RSM00030683,2008-07-08,TMIN,107
RSM00030683,2011-04-25,TMAX,125
RSM00030683,2009-02-12,TMIN,-345
RSM00030683,2009-07-30,TMAX,258
RSM00030683,2008-02-08,TMIN,-252
RSM00030683,2009-02-10,TMAX,-148
RSM00030683,2011-05-08,TMIN,-20
RSM00030683,2011-05-08,TMAX,157
RSM00030683,2011-07-01,TMAX,258
RSM00030683,2012-04-26,TMAX,95
RSM00030683,2006-05-26,TMIN,-20
RSM00030683,2008-08-30,TMAX,159
RSM00030683,2015-10-31,TMAX,41
RSM00030683,2013-07-12,TMIN,92
RSM00030683,2007-05-13,TMAX,136
RSM00030683,2011-04-25,TMIN,-24
RSM00030683,2007-05-02,TMAX,152
RSM00030683,2011-04-13,TMAX,54
RSM00030683,2006-12-05,TMIN,-333
RSM00030683,2008-10-22,TMIN,-22
RSM00030683,2009-11-11,TMIN,-305
RSM00030683,2009-11-11,TMAX,-98
RSM00030683,2008-10-22,TMAX,25
RSM00030683,2009-02-10,TMIN,-332
RSM00030683,2006-12-05,TMAX,-178
RSM00030683,2014-01-19,TMAX,-164
RSM00030683,2007-05-02,TMIN,-32
RSM00030683,2012-06-15,TMAX,243
RSM00030683,2010-02-18,TMIN,-311
RSM00030683,2008-06-20,TMAX,207
RSM00030683,2015-12-08,TMIN,-279
RSM00030683,2008-05-28,TMIN,62
RSM00030683,2011-03-30,TMIN,-90
RSM00030683,2011-03-30,TMAX,72
RSM00030683,2007-09-23,TMAX,45
RSM00030683,2014-09-07,TMAX,270
RSM00030683,2007-09-23,TMIN,-28
RSM00030683,2015-10-15,TMIN,-42
RSM00030683,2007-05-25,TMAX,147
RSM00030683,2008-06-19,TMAX,239
RSM00030683,2011-12-28,TMAX,-232
RSM00030683,2013-11-27,TMAX,-101
RSM00030683,2008-06-19,TMIN,148
RSM00030683,2010-04-15,TMAX,0
RSM00030683,2013-07-20,TMIN,90
RSM00030683,2013-07-20,TMAX,244
RSM00030683,2015-05-27,TMIN,5
RSM00030683,2010-05-06,TMAX,140
RSM00030683,2014-09-23,TMAX,157
RSM00030683,2014-03-05,TMAX,-115
RSM00030683,2007-10-24,TMAX,17
RSM00030683,2008-02-21,TMAX,-110
RSM00030683,2015-10-09,TMAX,91
RSM00030683,2015-05-27,TMAX,206
RSM00030683,2011-12-28,TMIN,-365
RSM00030683,2012-02-14,TMAX,-155
RSM00030683,2009-02-26,TMAX,-104
RSM00030683,2009-02-26,TMIN,-320
RSM00030683,2006-01-12,TMIN,-381
RSM00030683,2008-10-21,TMIN,-110
RSM00030683,2014-12-15,TMAX,-192
RSM00030683,2010-11-24,TMAX,-120
RSM00030683,2014-12-15,TMIN,-302
RSM00030683,2012-06-20,TMAX,299
RSM00030683,2012-01-05,TMAX,-164
RSM00030683,2015-12-01,TMAX,-163
RSM00030683,2010-10-13,TMAX,62
RSM00030683,2006-12-01,TMIN,-282
RSM00030683,2011-01-03,TMIN,-300
RSM00030683,2014-10-14,TMAX,60
RSM00030683,2011-01-03,TMAX,-109
RSM00030683,2015-06-06,TMAX,161
RSM00030683,2008-03-07,TMIN,-155
RSM00030683,2015-06-06,TMIN,117
RSM00030683,2014-10-14,TMIN,-119
RSM00030683,2014-07-24,TMIN,55
RSM00030683,2013-12-11,TMIN,-328
RSM00030683,2013-12-11,TMAX,-170
RSM00030683,2014-07-24,TMAX,256
RSM00030683,2007-10-11,TMAX,31
RSM00030683,2005-10-28,TMAX,78
RSM00030683,2014-09-07,TMIN,74
RSM00030683,2012-02-14,TMIN,-293
RSM00030683,2008-02-08,TMAX,-61
RSM00030683,2013-06-25,TMAX,297
RSM00030683,2014-05-11,TMAX,161
RSM00030683,2007-07-21,TMAX,182
RSM00030683,2015-04-29,TMAX,185
RSM00030683,2011-04-24,TMAX,116
RSM00030683,2009-01-16,TMAX,-160
RSM00030683,2013-07-25,TMIN,100
RSM00030683,2015-05-31,TMIN,-14
RSM00030683,2006-03-15,TMAX,-3
RSM00030683,2013-07-25,TMAX,264
RSM00030683,2015-06-29,TMAX,194
RSM00030683,2011-12-29,TMAX,-220
RSM00030683,2015-06-29,TMIN,0
RSM00030683,2011-12-29,TMIN,-350
RSM00030683,2006-03-15,TMIN,-183
RSM00030683,2006-03-07,TMIN,-232
RSM00030683,2010-08-22,TMIN,96
RSM00030683,2014-03-29,TMAX,120
RSM00030683,2011-07-08,TMIN,105
RSM00030683,2011-07-08,TMAX,288
RSM00030683,2008-07-13,TMAX,257
RSM00030683,2014-11-08,TMIN,-162
RSM00030683,2014-11-08,TMAX,32
RSM00030683,2008-06-22,TMAX,266
RSM00030683,2014-08-30,TMAX,285
RSM00030683,2010-08-14,TMAX,221
RSM00030683,2011-07-29,TMAX,249
RSM00030683,2006-03-07,TMAX,-88
RSM00030683,2013-12-21,TMAX,-158
RSM00030683,2010-07-23,TMIN,150
RSM00030683,2014-03-29,TMIN,-87
RSM00030683,2013-05-26,TMIN,-5
RSM00030683,2013-01-10,TMAX,-205
RSM00030683,2007-01-20,TMAX,-135
RSM00030683,2014-10-30,TMAX,-27
RSM00030683,2009-12-09,TMAX,-165
RSM00030683,2007-01-20,TMIN,-288
RSM00030683,2013-03-25,TMIN,-218
RSM00030683,2013-01-18,TMAX,-185
RSM00030683,2013-03-25,TMAX,-18
RSM00030683,2013-12-06,TMAX,-123
RSM00030683,2009-01-30,TMAX,-230
RSM00030683,2009-08-28,TMIN,7
RSM00030683,2013-01-18,TMIN,-312
RSM00030683,2009-12-15,TMAX,-206
RSM00030683,2008-12-25,TMAX,-219
RSM00030683,2009-01-16,TMIN,-320
RSM00030683,2009-12-15,TMIN,-298
RSM00030683,2006-02-18,TMAX,-120
RSM00030683,2009-07-18,TMAX,252
RSM00030683,2010-07-23,TMAX,294
RSM00030683,2014-01-18,TMAX,-173
RSM00030683,2006-09-16,TMAX,243
RSM00030683,2014-01-18,TMIN,-330
RSM00030683,2015-05-31,TMAX,182
RSM00030683,2006-02-18,TMIN,-326
RSM00030683,2015-09-12,TMAX,174
RSM00030683,2014-08-05,TMAX,211
RSM00030683,2012-12-16,TMIN,-328
RSM00030683,2008-02-29,TMAX,-19
RSM00030683,2009-08-12,TMAX,203
RSM00030683,2005-10-17,TMAX,-11
RSM00030683,2013-07-02,TMAX,202
RSM00030683,2006-11-24,TMAX,-159
RSM00030683,2011-02-01,TMAX,-82
RSM00030683,2011-04-13,TMIN,-107
RSM00030683,2006-06-11,TMAX,193
RSM00030683,2009-02-12,TMAX,-188
RSM00030683,2013-07-02,TMIN,152
RSM00030683,2010-12-12,TMAX,-247
RSM00030683,2007-09-21,TMAX,85
RSM00030683,2015-06-03,TMIN,59
RSM00030683,2006-05-26,TMAX,158
RSM00030683,2015-10-31,TMIN,-157
RSM00030683,2012-12-07,TMAX,-173
RSM00030683,2011-09-02,TMAX,153
RSM00030683,2006-08-19,TMAX,230
RSM00030683,2009-02-04,TMAX,-172
RSM00030683,2011-10-11,TMIN,-59
RSM00030683,2010-05-07,TMAX,161
RSM00030683,2010-04-09,TMAX,-45
RSM00030683,2011-10-11,TMAX,118
RSM00030683,2011-07-01,TMIN,113
RSM00030683,2015-06-03,TMAX,232
RSM00030683,2006-10-10,TMAX,-3
RSM00030683,2013-10-21,TMAX,85
RSM00030683,2013-10-21,TMIN,-87
RSM00030683,2012-10-28,TMAX,-89
RSM00030683,2015-06-23,TMIN,88
RSM00030683,2009-08-28,TMAX,157
RSM00030683,2012-04-23,TMAX,182
RSM00030683,2008-06-22,TMIN,140
RSM00030683,2012-12-16,TMAX,-184
RSM00030683,2008-08-03,TMIN,53
RSM00030683,2008-08-03,TMAX,212
RSM00030683,2006-07-16,TMAX,246
RSM00030683,2015-12-05,TMAX,-175
RSM00030683,2013-06-11,TMAX,235
RSM00030683,2006-06-16,TMAX,214
RSM00030683,2006-10-27,TMIN,-140
RSM00030683,2006-10-27,TMAX,-48
RSM00030683,2012-07-20,TMIN,146
RSM00030683,2005-09-16,TMAX,147
RSM00030683,2009-04-05,TMAX,54
RSM00030683,2006-12-01,TMAX,-178
RSM00030683,2015-04-29,TMIN,1
RSM00030683,2010-10-01,TMIN,-105
RSM00030683,2010-10-01,TMAX,76
RSM00030683,2014-08-30,TMIN,82
RSM00030683,2011-01-31,TMIN,-252
RSM00030683,2006-06-04,TMAX,205
RSM00030683,2006-06-11,TMIN,108
RSM00030683,2011-04-01,TMAX,6
RSM00030683,2009-02-03,TMIN,-371
RSM00030683,2007-09-01,TMAX,133
RSM00030683,2007-05-22,TMIN,10
RSM00030683,2011-08-31,TMAX,167
RSM00030683,2015-03-25,TMAX,115
RSM00030683,2011-06-07,TMAX,136
RSM00030683,2010-11-23,TMAX,-113
RSM00030683,2006-12-11,TMAX,-202
RSM00030683,2012-05-08,TMIN,25
RSM00030683,2012-02-03,TMAX,-119
RSM00030683,2012-05-08,TMAX,169
RSM00030683,2006-04-13,TMAX,-15
RSM00030683,2011-02-27,TMIN,-302
RSM00030683,2012-09-03,TMIN,11
RSM00030683,2012-12-20,TMIN,-337
RSM00030683,2012-09-03,TMAX,189
RSM00030683,2011-08-25,TMAX,279
RSM00030683,2011-08-25,TMIN,94
RSM00030683,2013-09-22,TMAX,77
RSM00030683,2013-06-22,TMAX,304
RSM00030683,2007-04-29,TMIN,24
RSM00030683,2007-04-29,TMAX,206
RSM00030683,2013-06-22,TMIN,103
RSM00030683,2005-05-23,TMAX,207
RSM00030683,2013-03-06,TMAX,11
RSM00030683,2009-02-16,TMIN,-355
RSM00030683,2005-11-27,TMAX,-193
RSM00030683,2007-09-02,TMAX,157
RSM00030683,2014-09-10,TMAX,196
RSM00030683,2013-12-07,TMAX,-136
RSM00030683,2015-03-25,TMIN,-125
RSM00030683,2013-01-08,TMIN,-383
RSM00030683,2005-10-28,TMIN,-103
RSM00030683,2013-07-16,TMAX,215
RSM00030683,2014-11-06,TMIN,-235
RSM00030683,2009-05-22,TMIN,68
RSM00030683,2010-09-25,TMAX,128
RSM00030683,2009-11-19,TMAX,-162
RSM00030683,2014-10-28,TMIN,-191
RSM00030683,2007-10-15,TMAX,82
RSM00030683,2014-11-06,TMAX,-47
RSM00030683,2007-10-15,TMIN,-113
RSM00030683,2013-12-07,TMIN,-298
RSM00030683,2014-02-27,TMAX,-131
RSM00030683,2015-05-24,TMAX,71
RSM00030683,2014-10-28,TMAX,-5
RSM00030683,2006-01-02,TMAX,-161
RSM00030683,2009-05-22,TMAX,203
RSM00030683,2006-10-22,TMAX,-5
RSM00030683,2006-10-22,TMIN,-187
RSM00030683,2014-01-12,TMIN,-386
RSM00030683,2014-01-12,TMAX,-206
RSM00030683,2012-09-20,TMAX,120
RSM00030683,2010-09-25,TMIN,-73
RSM00030683,2011-02-27,TMAX,-92
RSM00030683,2015-08-06,TMAX,274
RSM00030683,2015-05-05,TMAX,55
RSM00030683,2005-11-27,TMIN,-311
RSM00030683,2014-09-10,TMIN,-43
RSM00030683,2013-04-17,TMAX,1
RSM00030683,2007-09-08,TMIN,80
RSM00030683,2007-09-08,TMAX,272
RSM00030683,2006-09-05,TMIN,17
RSM00030683,2006-08-08,TMAX,268
RSM00030683,2005-10-12,TMAX,120
RSM00030683,2015-09-23,TMAX,132
RSM00030683,2009-02-16,TMAX,-160
RSM00030683,2007-01-17,TMAX,-136
RSM00030683,2006-09-05,TMAX,160
RSM00030683,2014-10-05,TMIN,-86
RSM00030683,2007-10-21,TMAX,40
RSM00030683,2013-10-09,TMAX,58
RSM00030683,2015-09-23,TMIN,-85
RSM00030683,2014-11-24,TMAX,-116
RSM00030683,2006-05-20,TMAX,225
RSM00030683,2007-01-17,TMIN,-301
RSM00030683,2011-08-03,TMAX,209
RSM00030683,2006-05-20,TMIN,-2
RSM00030683,2013-07-23,TMIN,135
RSM00030683,2013-07-23,TMAX,221
RSM00030683,2009-01-29,TMAX,-218
RSM00030683,2010-06-21,TMIN,13
RSM00030683,2005-07-17,TMAX,223
RSM00030683,2014-11-24,TMIN,-307
RSM00030683,2014-05-26,TMIN,-4
RSM00030683,2013-11-22,TMAX,-30
RSM00030683,2009-08-02,TMIN,122
RSM00030683,2012-09-18,TMIN,17
RSM00030683,2009-12-23,TMIN,-373
RSM00030683,2009-12-23,TMAX,-240
RSM00030683,2015-09-26,TMIN,-42
RSM00030683,2015-09-26,TMAX,120
RSM00030683,2013-04-17,TMIN,-90
RSM00030683,2014-10-05,TMAX,111
RSM00030683,2014-05-25,TMAX,100
RSM00030683,2005-11-24,TMAX,-119
RSM00030683,2005-11-24,TMIN,-274
RSM00030683,2012-12-30,TMAX,-204
RSM00030683,2008-04-02,TMAX,23
RSM00030683,2009-01-20,TMIN,-363
RSM00030683,2011-05-21,TMIN,-27
RSM00030683,2010-09-19,TMAX,156
RSM00030683,2009-08-02,TMAX,167
RSM00030683,2014-05-26,TMAX,176
RSM00030683,2009-01-20,TMAX,-223
RSM00030683,2013-11-30,TMAX,-72
RSM00030683,2008-04-17,TMIN,-61
RSM00030683,2013-06-15,TMAX,272
RSM00030683,2015-09-16,TMAX,269
RSM00030683,2012-09-18,TMAX,253
RSM00030683,2011-05-21,TMAX,127
RSM00030683,2008-04-17,TMAX,110
RSM00030683,2009-11-19,TMIN,-314
RSM00030683,2007-09-29,TMAX,128
RSM00030683,2006-03-22,TMAX,-25
RSM00030683,2011-03-20,TMAX,-87
RSM00030683,2012-06-25,TMAX,255
RSM00030683,2014-06-23,TMAX,331
RSM00030683,2009-11-16,TMAX,-108
RSM00030683,2007-12-14,TMIN,-302
RSM00030683,2009-11-16,TMIN,-302
RSM00030683,2006-08-07,TMAX,228
RSM00030683,2014-10-20,TMAX,-67
RSM00030683,2015-07-18,TMAX,296
RSM00030683,2010-07-07,TMIN,68
RSM00030683,2007-10-02,TMAX,144
RSM00030683,2006-02-21,TMIN,-324
RSM00030683,2013-10-08,TMAX,68
RSM00030683,2009-05-03,TMAX,84
RSM00030683,2008-02-21,TMIN,-271
RSM00030683,2007-12-14,TMAX,-196
RSM00030683,2015-02-13,TMAX,-58
RSM00030683,2006-12-25,TMAX,-162
RSM00030683,2010-02-10,TMIN,-314
RSM00030683,2011-10-15,TMAX,46
RSM00030683,2012-06-25,TMIN,150
RSM00030683,2005-08-30,TMAX,80
RSM00030683,2009-07-29,TMAX,300
RSM00030683,2010-09-01,TMAX,230
RSM00030683,2015-12-01,TMIN,-314
RSM00030683,2006-02-21,TMAX,-138
RSM00030683,2009-07-19,TMAX,216
RSM00030683,2008-11-01,TMAX,5
RSM00030683,2011-08-18,TMAX,209
RSM00030683,2012-07-07,TMIN,165
RSM00030683,2007-05-22,TMAX,195
RSM00030683,2011-12-03,TMAX,-166
RSM00030683,2007-11-22,TMIN,-308
RSM00030683,2012-07-07,TMAX,271
RSM00030683,2014-05-20,TMIN,11
RSM00030683,2014-05-20,TMAX,230
RSM00030683,2010-05-06,TMIN,44
RSM00030683,2009-09-11,TMAX,205
RSM00030683,2006-11-30,TMAX,-210
RSM00030683,2012-06-08,TMAX,178
RSM00030683,2009-09-11,TMIN,-4
RSM00030683,2013-11-10,TMAX,-106
RSM00030683,2006-11-30,TMIN,-349
RSM00030683,2015-04-16,TMAX,2
RSM00030683,2006-05-11,TMAX,111
RSM00030683,2011-03-20,TMIN,-254
RSM00030683,2013-10-07,TMAX,58
RSM00030683,2005-08-24,TMIN,81
RSM00030683,2014-06-23,TMIN,107
RSM00030683,2010-11-02,TMAX,-67
RSM00030683,2005-08-24,TMAX,301
RSM00030683,2008-11-01,TMIN,-78
RSM00030683,2007-09-16,TMAX,209
RSM00030683,2013-11-10,TMIN,-235
RSM00030683,2010-01-13,TMAX,-164
RSM00030683,2010-03-08,TMAX,-88
RSM00030683,2007-03-23,TMAX,19
RSM00030683,2010-07-07,TMAX,244
RSM00030683,2009-01-15,TMIN,-305
RSM00030683,2013-11-17,TMAX,-35
RSM00030683,2010-02-10,TMAX,-196
RSM00030683,2005-07-03,TMAX,242
RSM00030683,2007-04-01,TMAX,6
RSM00030683,2013-02-05,TMAX,-197
RSM00030683,2009-07-16,TMAX,244
RSM00030683,2013-02-05,TMIN,-389
RSM00030683,2013-05-12,TMAX,100
RSM00030683,2008-07-20,TMAX,242
RSM00030683,2009-01-15,TMAX,-158
RSM00030683,2015-08-06,TMIN,112
RSM00030683,2013-01-08,TMAX,-219
RSM00030683,2005-09-19,TMIN,-2
RSM00030683,2013-01-11,TMIN,-384
RSM00030683,2013-01-11,TMAX,-238
RSM00030683,2006-05-16,TMIN,72
RSM00030683,2012-08-06,TMAX,182
RSM00030683,2013-03-29,TMAX,-17
RSM00030683,2005-09-19,TMAX,120
RSM00030683,2012-01-08,TMAX,-193
RSM00030683,2014-09-23,TMIN,-55
RSM00030683,2006-05-16,TMAX,245
RSM00030683,2015-01-29,TMAX,-135
RSM00030683,2013-02-18,TMAX,-140
RSM00030683,2014-08-19,TMIN,80
RSM00030683,2012-01-13,TMIN,-392
RSM00030683,2015-12-29,TMAX,-189
RSM00030683,2007-10-02,TMIN,-35
RSM00030683,2010-03-08,TMIN,-308
RSM00030683,2007-02-24,TMIN,-325
RSM00030683,2007-02-24,TMAX,-118
RSM00030683,2009-01-09,TMAX,-183
RSM00030683,2015-12-29,TMIN,-318
RSM00030683,2008-10-16,TMAX,78
RSM00030683,2015-05-18,TMAX,187
RSM00030683,2013-06-08,TMAX,216
RSM00030683,2014-09-01,TMAX,185
RSM00030683,2006-05-03,TMAX,172
RSM00030683,2015-02-13,TMIN,-258
RSM00030683,2010-12-14,TMIN,-257
RSM00030683,2010-12-14,TMAX,-204
RSM00030683,2014-07-07,TMAX,209
RSM00030683,2014-07-07,TMIN,55
RSM00030683,2013-05-12,TMIN,48
RSM00030683,2007-06-25,TMAX,195
RSM00030683,2014-08-19,TMAX,276
RSM00030683,2005-10-10,TMAX,144
RSM00030683,2005-10-10,TMIN,-57
RSM00030683,2009-12-07,TMIN,-345
RSM00030683,2013-10-08,TMIN,-91
RSM00030683,2012-01-13,TMAX,-209
RSM00030683,2015-01-29,TMIN,-337
RSM00030683,2013-05-26,TMAX,220
RSM00030683,2015-11-10,TMIN,-180
RSM00030683,2006-07-30,TMAX,286
RSM00030683,2011-10-16,TMAX,-29
RSM00030683,2008-04-29,TMAX,95
RSM00030683,2014-05-02,TMAX,80
RSM00030683,2007-09-07,TMAX,276
RSM00030683,2014-05-02,TMIN,-100
RSM00030683,2006-02-26,TMAX,-116
RSM00030683,2014-11-15,TMAX,-50
RSM00030683,2014-11-15,TMIN,-222
RSM00030683,2006-02-26,TMIN,-310
RSM00030683,2012-12-08,TMAX,-125
RSM00030683,2014-07-28,TMAX,257
RSM00030683,2009-04-11,TMAX,105
RSM00030683,2014-09-08,TMAX,186
RSM00030683,2005-12-23,TMAX,-233
RSM00030683,2013-03-21,TMAX,-97
RSM00030683,2010-12-18,TMAX,-280
RSM00030683,2009-09-17,TMAX,128
RSM00030683,2012-12-08,TMIN,-198
RSM00030683,2009-09-17,TMIN,-41
RSM00030683,2013-12-30,TMIN,-314
RSM00030683,2012-11-13,TMAX,-42
RSM00030683,2009-03-25,TMIN,-117
RSM00030683,2012-03-30,TMAX,-54
RSM00030683,2008-04-29,TMIN,-48
RSM00030683,2012-05-24,TMIN,5
RSM00030683,2007-07-27,TMIN,81
RSM00030683,2014-11-12,TMAX,-146
RSM00030683,2007-06-08,TMIN,58
RSM00030683,2012-04-30,TMAX,99
RSM00030683,2013-11-12,TMAX,-9
RSM00030683,2012-03-27,TMIN,-58
RSM00030683,2009-03-25,TMAX,-42
RSM00030683,2013-10-27,TMAX,-15
RSM00030683,2011-03-04,TMAX,0
RSM00030683,2012-06-24,TMIN,102
RSM00030683,2006-06-24,TMIN,102
RSM00030683,2006-06-24,TMAX,294
RSM00030683,2007-12-09,TMIN,-270
RSM00030683,2013-10-28,TMIN,-174
RSM00030683,2005-11-21,TMIN,-206
RSM00030683,2012-12-17,TMAX,-169
RSM00030683,2013-10-28,TMAX,-5
RSM00030683,2013-09-29,TMAX,82
RSM00030683,2012-04-30,TMIN,-85
RSM00030683,2010-06-24,TMAX,346
RSM00030683,2012-12-17,TMIN,-320
RSM00030683,2007-06-08,TMAX,207
RSM00030683,2013-11-26,TMAX,-118
RSM00030683,2013-11-26,TMIN,-276
RSM00030683,2013-12-10,TMAX,-141
RSM00030683,2012-09-04,TMIN,43
RSM00030683,2007-10-19,TMAX,-33
RSM00030683,2013-09-29,TMIN,-86
RSM00030683,2009-09-05,TMAX,140
RSM00030683,2010-10-15,TMAX,-43
RSM00030683,2013-11-04,TMIN,-100
RSM00030683,2011-10-31,TMAX,21
RSM00030683,2013-04-13,TMAX,10
RSM00030683,2012-03-26,TMIN,-160
RSM00030683,2009-04-27,TMIN,-35
RSM00030683,2012-10-25,TMAX,30
RSM00030683,2012-05-21,TMAX,102
RSM00030683,2009-07-05,TMAX,256
RSM00030683,2011-10-31,TMIN,-67
RSM00030683,2012-09-11,TMAX,161
RSM00030683,2012-09-11,TMIN,-10
RSM00030683,2012-10-25,TMIN,-128
RSM00030683,2010-06-29,TMAX,330
RSM00030683,2010-10-07,TMIN,-112
RSM00030683,2007-06-21,TMAX,265
RSM00030683,2007-06-21,TMIN,53
RSM00030683,2013-09-12,TMAX,163
RSM00030683,2015-10-27,TMAX,-53
RSM00030683,2011-10-04,TMAX,101
RSM00030683,2013-09-12,TMIN,-37
RSM00030683,2011-10-04,TMIN,-26
RSM00030683,2012-03-20,TMAX,0
RSM00030683,2010-10-07,TMAX,52
RSM00030683,2012-12-03,TMAX,-200
RSM00030683,2013-04-19,TMIN,-57
RSM00030683,2014-04-04,TMAX,19
RSM00030683,2015-11-08,TMIN,-275
RSM00030683,2011-07-26,TMIN,146
RSM00030683,2008-08-17,TMAX,258
RSM00030683,2013-11-04,TMAX,93
RSM00030683,2013-04-19,TMAX,55
RSM00030683,2007-05-16,TMAX,84
RSM00030683,2010-10-15,TMIN,-120
RSM00030683,2007-12-24,TMIN,-331
RSM00030683,2013-12-30,TMAX,-148
RSM00030683,2012-05-21,TMIN,-52
RSM00030683,2013-04-28,TMAX,42
RSM00030683,2006-02-15,TMAX,-202
RSM00030683,2013-03-21,TMIN,-290
RSM00030683,2010-07-17,TMIN,96
RSM00030683,2009-04-27,TMAX,191
RSM00030683,2013-04-29,TMAX,49
RSM00030683,2014-05-27,TMIN,2
RSM00030683,2013-04-29,TMIN,27
RSM00030683,2010-07-17,TMAX,259
RSM00030683,2015-02-20,TMIN,-172
RSM00030683,2015-01-24,TMIN,-336
RSM00030683,2014-05-27,TMAX,209
RSM00030683,2010-06-29,TMIN,183
RSM00030683,2009-02-11,TMAX,-163
RSM00030683,2015-11-08,TMAX,-78
RSM00030683,2010-09-18,TMIN,-44
RSM00030683,2011-07-26,TMAX,261
RSM00030683,2010-09-18,TMAX,159
RSM00030683,2009-01-19,TMAX,-180
RSM00030683,2009-03-06,TMAX,-105
RSM00030683,2012-09-04,TMAX,177
RSM00030683,2005-08-23,TMIN,53
RSM00030683,2006-04-23,TMAX,51
RSM00030683,2011-10-27,TMIN,-126
RSM00030683,2013-10-12,TMAX,94
RSM00030683,2015-09-21,TMAX,108
RSM00030683,2014-02-23,TMIN,-222
RSM00030683,2013-04-01,TMAX,21
RSM00030683,2013-04-01,TMIN,-182
RSM00030683,2015-03-06,TMAX,-67
RSM00030683,2008-04-16,TMAX,58
RSM00030683,2008-10-05,TMAX,73
RSM00030683,2008-10-05,TMIN,-77
RSM00030683,2007-05-06,TMIN,-25
RSM00030683,2014-10-11,TMAX,31
RSM00030683,2011-01-01,TMIN,-285
RSM00030683,2015-10-01,TMIN,-2
RSM00030683,2005-02-06,TMAX,-140
RSM00030683,2014-02-23,TMAX,-31
RSM00030683,2010-12-29,TMIN,-130
RSM00030683,2010-04-05,TMAX,4
RSM00030683,2009-08-20,TMIN,105
RSM00030683,2015-05-06,TMAX,60
RSM00030683,2006-03-27,TMAX,-60
RSM00030683,2006-03-27,TMIN,-238
RSM00030683,2015-06-27,TMAX,233
RSM00030683,2011-10-27,TMAX,79
RSM00030683,2010-04-04,TMAX,-22
RSM00030683,2007-01-25,TMAX,-66
RSM00030683,2007-05-06,TMAX,198
RSM00030683,2007-11-08,TMAX,54
RSM00030683,2010-02-12,TMIN,-349
RSM00030683,2015-04-02,TMAX,-24
RSM00030683,2011-01-21,TMAX,-131
RSM00030683,2015-12-03,TMIN,-286
RSM00030683,2012-05-06,TMAX,212
RSM00030683,2015-12-18,TMAX,-155
RSM00030683,2015-11-25,TMAX,-118
RSM00030683,2015-08-27,TMIN,77
RSM00030683,2014-08-11,TMAX,202
RSM00030683,2015-08-15,TMAX,255
RSM00030683,2007-01-25,TMIN,-230
RSM00030683,2013-04-05,TMAX,-15
RSM00030683,2012-05-06,TMIN,-16
RSM00030683,2008-06-07,TMIN,75
RSM00030683,2008-06-07,TMAX,252
RSM00030683,2010-07-27,TMAX,201
RSM00030683,2013-05-25,TMIN,-14
RSM00030683,2014-04-22,TMAX,198
RSM00030683,2005-10-18,TMIN,-180
RSM00030683,2008-01-24,TMAX,-165
RSM00030683,2010-02-12,TMAX,-140
RSM00030683,2013-10-12,TMIN,-73
RSM00030683,2006-04-23,TMIN,3
RSM00030683,2013-04-05,TMIN,-192
RSM00030683,2010-12-18,TMIN,-380
RSM00030683,2012-03-27,TMAX,40
RSM00030683,2010-04-04,TMIN,-186
RSM00030683,2011-03-24,TMAX,0
RSM00030683,2012-02-26,TMIN,-335
RSM00030683,2007-06-23,TMAX,241
RSM00030683,2008-04-11,TMAX,31
RSM00030683,2006-09-16,TMIN,26
RSM00030683,2014-05-03,TMIN,-86
RSM00030683,2014-05-03,TMAX,87
RSM00030683,2010-07-22,TMIN,134
RSM00030683,2010-07-22,TMAX,294
RSM00030683,2007-02-25,TMAX,-170
RSM00030683,2010-06-22,TMAX,308
RSM00030683,2015-06-02,TMAX,202
RSM00030683,2007-02-25,TMIN,-328
RSM00030683,2012-12-21,TMAX,-207
RSM00030683,2005-09-20,TMAX,160
RSM00030683,2009-10-07,TMAX,144
RSM00030683,2011-03-24,TMIN,-193
RSM00030683,2009-10-07,TMIN,-57
RSM00030683,2013-11-12,TMIN,-165
RSM00030683,2008-06-25,TMIN,140
RSM00030683,2008-04-11,TMIN,-104
RSM00030683,2008-06-25,TMAX,317
RSM00030683,2006-01-26,TMAX,-175
RSM00030683,2006-01-26,TMIN,-334
RSM00030683,2014-09-26,TMAX,183
RSM00030683,2012-02-26,TMAX,-113
RSM00030683,2014-09-16,TMAX,177
RSM00030683,2015-06-02,TMIN,-3
RSM00030683,2014-04-21,TMIN,-62
RSM00030683,2006-08-27,TMAX,127
RSM00030683,2014-04-21,TMAX,174
RSM00030683,2009-08-20,TMAX,212
RSM00030683,2014-09-15,TMAX,82
RSM00030683,2006-08-27,TMIN,100
RSM00030683,2010-01-03,TMAX,-264
RSM00030683,2010-01-03,TMIN,-326
RSM00030683,2014-07-27,TMAX,300
RSM00030683,2007-07-27,TMAX,256
RSM00030683,2007-08-14,TMIN,86
RSM00030683,2010-12-29,TMAX,-71
RSM00030683,2006-11-25,TMAX,-151
RSM00030683,2015-06-18,TMIN,27
RSM00030683,2007-07-23,TMAX,234
RSM00030683,2008-02-01,TMAX,-94
RSM00030683,2013-03-20,TMAX,-112
RSM00030683,2007-08-14,TMAX,287
RSM00030683,2012-02-01,TMIN,-374
RSM00030683,2010-12-17,TMAX,-251
RSM00030683,2008-04-16,TMIN,-84
RSM00030683,2014-09-16,TMIN,-2
RSM00030683,2011-01-20,TMAX,-127
RSM00030683,2012-02-01,TMAX,-150
RSM00030683,2009-05-06,TMAX,173
RSM00030683,2011-03-04,TMIN,-207
RSM00030683,2008-06-24,TMIN,151
RSM00030683,2008-06-24,TMAX,303
RSM00030683,2007-10-01,TMAX,116
RSM00030683,2008-07-31,TMAX,245
RSM00030683,2015-02-21,TMAX,-67
RSM00030683,2008-02-18,TMAX,-65
RSM00030683,2007-05-03,TMAX,66
RSM00030683,2012-04-13,TMAX,21
RSM00030683,2011-01-11,TMIN,-376
RSM00030683,2014-06-28,TMIN,110
RSM00030683,2011-01-11,TMAX,-239
RSM00030683,2012-12-23,TMIN,-363
RSM00030683,2006-12-14,TMAX,-222
RSM00030683,2014-06-28,TMAX,316
RSM00030683,2010-01-12,TMAX,-150
RSM00030683,2010-03-18,TMIN,-251
RSM00030683,2009-11-05,TMIN,-115
RSM00030683,2007-01-08,TMAX,-187
RSM00030683,2014-03-04,TMIN,-327
RSM00030683,2007-10-16,TMAX,78
RSM00030683,2010-03-01,TMIN,-348
RSM00030683,2014-03-04,TMAX,-136
RSM00030683,2007-10-16,TMIN,-100
RSM00030683,2010-03-01,TMAX,-131
RSM00030683,2011-04-04,TMAX,156
RSM00030683,2008-07-29,TMAX,217
RSM00030683,2011-04-04,TMIN,-32
RSM00030683,2010-03-18,TMAX,-35
RSM00030683,2008-11-17,TMAX,-170
RSM00030683,2007-11-16,TMIN,-250
RSM00030683,2009-07-14,TMAX,165
RSM00030683,2007-07-25,TMAX,278
RSM00030683,2005-10-19,TMAX,-15
RSM00030683,2009-12-13,TMAX,-218
RSM00030683,2014-10-27,TMAX,-43
RSM00030683,2014-04-02,TMAX,0
RSM00030683,2014-10-27,TMIN,-215
RSM00030683,2011-03-25,TMAX,35
RSM00030683,2011-06-01,TMIN,74
RSM00030683,2007-07-17,TMAX,213
RSM00030683,2007-07-17,TMIN,87
RSM00030683,2009-08-09,TMAX,236
RSM00030683,2011-03-25,TMIN,-148
RSM00030683,2012-09-29,TMIN,-46
RSM00030683,2011-06-01,TMAX,140
RSM00030683,2007-11-11,TMAX,7
RSM00030683,2009-11-26,TMAX,-205
RSM00030683,2011-06-18,TMAX,236
RSM00030683,2005-12-10,TMAX,-170
RSM00030683,2010-06-24,TMIN,172
RSM00030683,2009-08-09,TMIN,150
RSM00030683,2007-11-16,TMAX,-108
RSM00030683,2010-06-05,TMAX,216
RSM00030683,2006-06-29,TMIN,75
RSM00030683,2015-02-21,TMIN,-172
RSM00030683,2012-09-29,TMAX,165
RSM00030683,2007-06-07,TMAX,321
RSM00030683,2007-03-19,TMAX,-6
RSM00030683,2008-02-25,TMAX,-74
RSM00030683,2009-07-18,TMIN,57
RSM00030683,2007-06-09,TMAX,195
RSM00030683,2006-11-13,TMAX,-51
RSM00030683,2006-11-13,TMIN,-222
RSM00030683,2015-08-26,TMAX,276
RSM00030683,2007-09-01,TMIN,52
RSM00030683,2005-08-21,TMIN,44
RSM00030683,2012-04-23,TMIN,13
RSM00030683,2008-08-07,TMAX,235
RSM00030683,2012-07-18,TMAX,241
RSM00030683,2008-08-07,TMIN,91
RSM00030683,2010-12-22,TMAX,-260
RSM00030683,2011-10-12,TMIN,-52
RSM00030683,2011-10-12,TMAX,166
RSM00030683,2011-09-28,TMIN,-120
RSM00030683,2015-11-10,TMAX,-84
RSM00030683,2011-09-28,TMAX,88
RSM00030683,2013-02-01,TMIN,-298
RSM00030683,2005-08-21,TMAX,261
RSM00030683,2009-11-10,TMAX,-144
RSM00030683,2013-02-01,TMAX,-185
RSM00030683,2014-08-26,TMAX,175
RSM00030683,2009-11-10,TMIN,-342
RSM00030683,2013-01-10,TMIN,-390
RSM00030683,2009-12-09,TMIN,-325
RSM00030683,2015-08-08,TMAX,269
RSM00030683,2010-12-22,TMIN,-363
RSM00030683,2015-08-26,TMIN,73
RSM00030683,2006-07-19,TMAX,266
RSM00030683,2008-11-17,TMIN,-278
RSM00030683,2015-04-14,TMAX,108
RSM00030683,2015-06-19,TMAX,300
RSM00030683,2015-04-14,TMIN,-54
RSM00030683,2010-10-13,TMIN,-60
RSM00030683,2012-12-23,TMAX,-228
RSM00030683,2015-06-19,TMIN,73
RSM00030683,2009-06-19,TMIN,54
RSM00030683,2011-11-11,TMAX,-70
RSM00030683,2009-06-19,TMAX,204
RSM00030683,2015-11-03,TMAX,15
RSM00030683,2015-11-03,TMIN,-81
RSM00030683,2011-01-31,TMAX,-78
RSM00030683,2009-09-02,TMAX,163
RSM00030683,2010-07-01,TMAX,253
RSM00030683,2006-08-25,TMIN,93
RSM00030683,2010-08-22,TMAX,227
RSM00030683,2009-05-28,TMAX,168
RSM00030683,2006-08-25,TMAX,171
RSM00030683,2009-05-08,TMAX,45
RSM00030683,2010-04-26,TMAX,126
RSM00030683,2014-01-23,TMAX,-137
RSM00030683,2007-02-27,TMIN,-306
RSM00030683,2007-02-27,TMAX,-96
RSM00030683,2013-01-25,TMAX,-196
RSM00030683,2014-04-14,TMAX,37
RSM00030683,2010-08-24,TMAX,265
RSM00030683,2013-01-25,TMIN,-380
RSM00030683,2015-05-15,TMAX,82
RSM00030683,2009-11-04,TMAX,-22
RSM00030683,2009-11-04,TMIN,-144
RSM00030683,2007-07-15,TMIN,103
RSM00030683,2008-01-19,TMAX,-191
RSM00030683,2012-10-24,TMAX,-19
RSM00030683,2015-04-24,TMIN,-38
RSM00030683,2008-09-09,TMAX,120
RSM00030683,2008-12-28,TMAX,-196
RSM00030683,2009-02-27,TMIN,-316
RSM00030683,2013-02-25,TMIN,-297
RSM00030683,2011-10-25,TMAX,42
RSM00030683,2009-08-23,TMIN,70
RSM00030683,2011-05-15,TMAX,184
RSM00030683,2011-09-24,TMAX,127
RSM00030683,2008-01-19,TMIN,-358
RSM00030683,2009-02-27,TMAX,-92
RSM00030683,2010-01-20,TMAX,-200
RSM00030683,2011-05-15,TMIN,-13
RSM00030683,2007-03-28,TMAX,-34
RSM00030683,2006-09-01,TMIN,-30
RSM00030683,2010-01-09,TMAX,-119
RSM00030683,2015-04-24,TMAX,131
RSM00030683,2015-02-20,TMAX,-38
RSM00030683,2009-08-23,TMAX,215
RSM00030683,2013-12-01,TMAX,-50
RSM00030683,2013-12-01,TMIN,-215
RSM00030683,2005-12-28,TMAX,-224
RSM00030683,2015-04-09,TMAX,-4
RSM00030683,2007-10-01,TMIN,-30
RSM00030683,2014-09-19,TMAX,204
RSM00030683,2010-01-19,TMAX,-180
RSM00030683,2012-03-26,TMAX,70
RSM00030683,2007-05-07,TMAX,92
RSM00030683,2014-09-19,TMIN,0
RSM00030683,2008-04-05,TMAX,125
RSM00030683,2006-09-27,TMIN,-20
RSM00030683,2006-09-27,TMAX,157
RSM00030683,2013-07-04,TMAX,225
RSM00030683,2006-06-28,TMIN,65
RSM00030683,2015-01-07,TMIN,-309
RSM00030683,2006-06-28,TMAX,275
RSM00030683,2011-10-20,TMAX,96
RSM00030683,2012-02-18,TMIN,-248
RSM00030683,2012-02-18,TMAX,-121
RSM00030683,2005-03-30,TMAX,0
RSM00030683,2011-12-10,TMAX,-99
RSM00030683,2011-10-25,TMIN,-147
RSM00030683,2015-03-17,TMIN,-198
RSM00030683,2007-07-15,TMAX,151
RSM00030683,2008-08-18,TMAX,276
RSM00030683,2008-08-18,TMIN,65
RSM00030683,2005-12-28,TMIN,-340
RSM00030683,2006-09-01,TMAX,161
RSM00030683,2006-05-01,TMAX,115
RSM00030683,2008-09-09,TMIN,-25
RSM00030683,2006-12-18,TMAX,-200
RSM00030683,2006-10-18,TMAX,41
RSM00030683,2007-09-25,TMAX,114
RSM00030683,2014-05-05,TMAX,87
RSM00030683,2006-07-05,TMAX,285
RSM00030683,2014-06-01,TMAX,287
RSM00030683,2014-01-07,TMAX,-189
RSM00030683,2008-11-25,TMAX,-150
RSM00030683,2008-11-25,TMIN,-229
RSM00030683,2014-01-28,TMAX,-173
RSM00030683,2014-08-10,TMIN,113
RSM00030683,2014-08-10,TMAX,212
RSM00030683,2006-10-18,TMIN,-136
RSM00030683,2012-03-12,TMIN,-252
RSM00030683,2007-10-05,TMAX,85
RSM00030683,2015-07-30,TMAX,284
RSM00030683,2012-03-12,TMAX,-40
RSM00030683,2010-12-17,TMIN,-382
RSM00030683,2014-12-03,TMAX,-185
RSM00030683,2010-12-08,TMAX,-224
RSM00030683,2014-12-03,TMIN,-205
RSM00030683,2006-07-05,TMIN,94
RSM00030683,2011-05-28,TMAX,174
RSM00030683,2007-07-25,TMIN,105
RSM00030683,2010-12-08,TMIN,-362
RSM00030683,2014-06-18,TMAX,248
RSM00030683,2011-09-08,TMAX,132
RSM00030683,2011-09-25,TMIN,-55
RSM00030683,2012-07-08,TMIN,160
RSM00030683,2008-12-28,TMIN,-345
RSM00030683,2010-06-22,TMIN,119
RSM00030683,2006-12-18,TMIN,-327
RSM00030683,2007-06-22,TMAX,182
RSM00030683,2011-08-12,TMAX,176
RSM00030683,2008-12-31,TMAX,-176
RSM00030683,2013-03-31,TMIN,-200
RSM00030683,2008-09-03,TMAX,187
RSM00030683,2015-03-17,TMAX,-3
RSM00030683,2012-06-12,TMAX,150
RSM00030683,2008-02-15,TMIN,-319
RSM00030683,2008-02-15,TMAX,-90
RSM00030683,2013-03-31,TMAX,0
RSM00030683,2012-07-08,TMAX,290
RSM00030683,2007-10-05,TMIN,-20
RSM00030683,2015-06-26,TMIN,51
RSM00030683,2015-06-26,TMAX,272
RSM00030683,2007-12-04,TMAX,-100
RSM00030683,2007-12-04,TMIN,-237
RSM00030683,2006-02-16,TMAX,-168
RSM00030683,2010-11-27,TMIN,-335
RSM00030683,2010-11-27,TMAX,-168
RSM00030683,2006-02-16,TMIN,-331
RSM00030683,2014-12-25,TMIN,-252
RSM00030683,2011-09-25,TMAX,120
RSM00030683,2013-02-25,TMAX,-56
RSM00030683,2006-10-11,TMAX,36
RSM00030683,2012-04-12,TMIN,-68
RSM00030683,2007-01-09,TMIN,-311
RSM00030683,2009-07-07,TMAX,218
RSM00030683,2009-07-07,TMIN,133
RSM00030683,2008-02-28,TMAX,-16
RSM00030683,2005-10-08,TMAX,130
RSM00030683,2008-01-21,TMAX,-184
RSM00030683,2014-04-12,TMIN,-59
RSM00030683,2007-02-20,TMAX,-151
RSM00030683,2011-11-08,TMAX,15
RSM00030683,2009-07-02,TMAX,219
RSM00030683,2005-11-13,TMAX,-64
RSM00030683,2013-09-26,TMAX,136
RSM00030683,2011-03-26,TMAX,47
RSM00030683,2013-09-26,TMIN,-33
RSM00030683,2011-06-26,TMAX,324
RSM00030683,2011-04-08,TMAX,93
RSM00030683,2009-09-08,TMAX,165
RSM00030683,2011-11-08,TMIN,-170
RSM00030683,2008-03-11,TMIN,-199
RSM00030683,2014-04-17,TMIN,-83
RSM00030683,2005-03-29,TMIN,-140
RSM00030683,2011-08-05,TMAX,274
RSM00030683,2008-03-11,TMAX,1
RSM00030683,2015-11-12,TMAX,-79
RSM00030683,2015-11-12,TMIN,-178
RSM00030683,2005-11-13,TMIN,-229
RSM00030683,2010-06-02,TMIN,60
RSM00030683,2007-05-14,TMAX,182
RSM00030683,2005-10-08,TMIN,-84
RSM00030683,2007-11-21,TMAX,-145
RSM00030683,2008-04-09,TMIN,-150
RSM00030683,2012-04-28,TMAX,50
RSM00030683,2006-03-16,TMAX,-56
RSM00030683,2007-04-23,TMAX,102
RSM00030683,2013-11-06,TMAX,-48
RSM00030683,2009-07-22,TMAX,235
RSM00030683,2015-09-02,TMIN,25
RSM00030683,2015-09-02,TMAX,210
RSM00030683,2007-05-14,TMIN,-12
RSM00030683,2008-04-09,TMAX,17
RSM00030683,2007-07-10,TMAX,215
RSM00030683,2006-05-12,TMAX,157
RSM00030683,2008-01-20,TMAX,-165
RSM00030683,2007-07-10,TMIN,154
RSM00030683,2005-12-12,TMIN,-180
RSM00030683,2010-05-09,TMAX,165
RSM00030683,2010-04-11,TMAX,-44
RSM00030683,2011-09-06,TMAX,132
RSM00030683,2006-05-12,TMIN,-35
RSM00030683,2005-11-05,TMAX,-30
RSM00030683,2005-11-05,TMIN,-166
RSM00030683,2010-10-28,TMAX,4
RSM00030683,2010-05-09,TMIN,7
RSM00030683,2014-04-12,TMAX,197
RSM00030683,2005-03-29,TMAX,50
RSM00030683,2014-04-17,TMAX,104
RSM00030683,2006-12-04,TMAX,-150
RSM00030683,2010-04-30,TMIN,-32
RSM00030683,2012-11-21,TMIN,-270
RSM00030683,2008-02-12,TMAX,-136
RSM00030683,2015-03-20,TMAX,8
RSM00030683,2008-02-12,TMIN,-337
RSM00030683,2008-04-19,TMIN,-40
RSM00030683,2005-02-27,TMIN,-276
RSM00030683,2005-12-15,TMAX,-202
RSM00030683,2015-03-20,TMIN,-196
RSM00030683,2007-09-09,TMAX,263
RSM00030683,2007-09-24,TMAX,137
RSM00030683,2014-07-18,TMIN,123
RSM00030683,2008-04-19,TMAX,214
RSM00030683,2007-03-17,TMAX,-50
RSM00030683,2015-05-23,TMIN,15
RSM00030683,2007-03-17,TMIN,-271
RSM00030683,2008-01-23,TMAX,-141
RSM00030683,2015-05-23,TMAX,154
RSM00030683,2009-01-18,TMAX,-195
RSM00030683,2015-08-23,TMAX,256
RSM00030683,2015-07-26,TMAX,231
RSM00030683,2013-08-23,TMAX,262
RSM00030683,2006-09-29,TMAX,180
RSM00030683,2013-08-14,TMAX,222
RSM00030683,2006-07-27,TMAX,319
RSM00030683,2014-07-18,TMAX,277
RSM00030683,2010-04-30,TMAX,142
RSM00030683,2012-11-21,TMAX,-99
RSM00030683,2009-03-27,TMAX,-5
RSM00030683,2009-03-27,TMIN,-160
RSM00030683,2009-07-09,TMAX,226
RSM00030683,2010-06-02,TMAX,314
RSM00030683,2010-02-26,TMAX,-170
RSM00030683,2006-12-04,TMIN,-327
RSM00030683,2009-07-09,TMIN,132
RSM00030683,2007-12-18,TMAX,-209
RSM00030683,2008-09-20,TMAX,122
RSM00030683,2008-05-09,TMAX,108
RSM00030683,2011-06-04,TMAX,185
RSM00030683,2006-02-06,TMIN,-362
RSM00030683,2006-02-06,TMAX,-173
RSM00030683,2012-01-28,TMAX,-200
RSM00030683,2008-01-23,TMIN,-325
RSM00030683,2006-01-14,TMIN,-384
RSM00030683,2006-01-14,TMAX,-220
RSM00030683,2009-10-26,TMAX,-54
RSM00030683,2010-06-07,TMAX,248
RSM00030683,2015-12-21,TMIN,-309
RSM00030683,2014-03-26,TMAX,70
RSM00030683,2008-12-30,TMIN,-313
RSM00030683,2011-06-04,TMIN,46
RSM00030683,2007-12-18,TMIN,-339
RSM00030683,2015-04-27,TMAX,140
RSM00030683,2009-02-05,TMIN,-356
RSM00030683,2010-02-01,TMAX,-245
RSM00030683,2010-10-28,TMIN,-165
RSM00030683,2012-04-28,TMIN,-40
RSM00030683,2006-10-05,TMIN,-57
RSM00030683,2009-03-03,TMAX,-60
RSM00030683,2010-06-26,TMIN,151
RSM00030683,2006-06-07,TMIN,95
RSM00030683,2008-01-01,TMIN,-280
RSM00030683,2008-01-01,TMAX,-175
RSM00030683,2007-07-20,TMIN,80
RSM00030683,2006-01-03,TMAX,-202
RSM00030683,2010-04-02,TMAX,-30
RSM00030683,2006-10-07,TMAX,40
RSM00030683,2012-08-16,TMIN,75
RSM00030683,2007-10-07,TMIN,-86
RSM00030683,2014-09-14,TMAX,67
RSM00030683,2006-03-03,TMAX,-103
RSM00030683,2011-06-03,TMAX,226
RSM00030683,2014-12-27,TMAX,-145
RSM00030683,2008-02-02,TMAX,-95
RSM00030683,2010-10-05,TMIN,-2
RSM00030683,2007-10-07,TMAX,81
RSM00030683,2008-03-15,TMAX,10
RSM00030683,2011-03-06,TMAX,-60
RSM00030683,2013-08-09,TMAX,183
RSM00030683,2010-08-27,TMAX,274
RSM00030683,2006-06-07,TMAX,145
RSM00030683,2014-12-27,TMIN,-274
RSM00030683,2012-03-24,TMAX,-37
RSM00030683,2006-05-23,TMAX,256
RSM00030683,2006-01-03,TMIN,-316
RSM00030683,2013-05-18,TMAX,200
RSM00030683,2006-08-23,TMAX,178
RSM00030683,2013-05-18,TMIN,45
RSM00030683,2011-08-29,TMAX,246
RSM00030683,2006-05-27,TMAX,224
RSM00030683,2012-08-16,TMAX,151
RSM00030683,2009-06-26,TMAX,213
RSM00030683,2006-05-27,TMIN,-13
RSM00030683,2007-07-20,TMAX,173
RSM00030683,2011-02-07,TMAX,-141
RSM00030683,2007-05-20,TMAX,155
RSM00030683,2006-10-05,TMAX,160
RSM00030683,2010-09-29,TMIN,-17
RSM00030683,2007-04-26,TMIN,-90
RSM00030683,2014-02-02,TMAX,-189
RSM00030683,2014-08-22,TMIN,136
RSM00030683,2007-04-26,TMAX,104
RSM00030683,2011-03-12,TMAX,-37
RSM00030683,2009-03-03,TMIN,-266
RSM00030683,2014-08-22,TMAX,309
RSM00030683,2007-07-19,TMIN,48
RSM00030683,2011-01-02,TMAX,-150
RSM00030683,2011-07-04,TMAX,292
RSM00030683,2006-05-23,TMIN,21
RSM00030683,2011-03-12,TMIN,-176
RSM00030683,2007-03-14,TMAX,-58
RSM00030683,2007-03-14,TMIN,-285
RSM00030683,2011-03-06,TMIN,-263
RSM00030683,2007-10-09,TMAX,116
RSM00030683,2007-10-09,TMIN,-55
RSM00030683,2010-06-15,TMAX,243
RSM00030683,2012-08-01,TMIN,96
RSM00030683,2010-06-23,TMIN,126
RSM00030683,2013-07-11,TMIN,40
RSM00030683,2010-02-09,TMAX,-190
RSM00030683,2008-07-15,TMAX,296
RSM00030683,2013-07-11,TMAX,265
RSM00030683,2008-07-15,TMIN,91
RSM00030683,2005-04-27,TMIN,-65
RSM00030683,2010-06-15,TMIN,92
RSM00030683,2007-12-31,TMAX,-112
RSM00030683,2007-06-15,TMAX,243
RSM00030683,2008-09-01,TMIN,42
RSM00030683,2005-11-08,TMAX,-86
RSM00030683,2009-02-05,TMAX,-164
RSM00030683,2010-12-28,TMAX,-71
RSM00030683,2010-08-10,TMAX,181
RSM00030683,2012-06-27,TMAX,245
RSM00030683,2013-01-31,TMAX,-175
RSM00030683,2007-06-15,TMIN,86
RSM00030683,2010-04-01,TMAX,-39
RSM00030683,2008-09-01,TMAX,135
RSM00030683,2007-02-20,TMIN,-365
RSM00030683,2015-10-11,TMAX,79
RSM00030683,2008-11-30,TMAX,-131
RSM00030683,2010-02-14,TMAX,-153
RSM00030683,2012-08-01,TMAX,285
RSM00030683,2008-03-15,TMIN,-233
RSM00030683,2010-08-27,TMIN,68
RSM00030683,2014-06-02,TMAX,155
RSM00030683,2010-10-05,TMAX,153
RSM00030683,2013-01-21,TMAX,-163
RSM00030683,2007-07-19,TMAX,154
RSM00030683,2008-11-28,TMAX,-120
RSM00030683,2014-04-03,TMIN,-129
RSM00030683,2005-10-25,TMIN,-182
RSM00030683,2014-04-03,TMAX,48
RSM00030683,2005-04-27,TMAX,97
RSM00030683,2015-09-14,TMIN,33
RSM00030683,2011-09-10,TMIN,-4
RSM00030683,2011-09-10,TMAX,196
RSM00030683,2015-09-14,TMAX,289
RSM00030683,2011-08-08,TMAX,261
RSM00030683,2010-04-25,TMIN,-16
RSM00030683,2008-11-30,TMIN,-268
RSM00030683,2011-07-04,TMIN,102
RSM00030683,2011-02-23,TMAX,-129
RSM00030683,2005-10-25,TMAX,-42
RSM00030683,2013-08-12,TMAX,203
RSM00030683,2010-02-14,TMIN,-349
RSM00030683,2013-08-12,TMIN,135
RSM00030683,2013-01-31,TMIN,-363
RSM00030683,2006-08-23,TMIN,2
RSM00030683,2014-10-29,TMAX,-7
RSM00030683,2006-07-27,TMIN,108
RSM00030683,2011-10-24,TMAX,32
RSM00030683,2015-06-09,TMAX,227
RSM00030683,2009-05-29,TMAX,111
RSM00030683,2012-01-10,TMAX,-211
RSM00030683,2007-02-10,TMIN,-276
RSM00030683,2007-01-15,TMIN,-325
RSM00030683,2009-05-13,TMAX,151
RSM00030683,2011-07-12,TMIN,105
RSM00030683,2012-03-13,TMAX,-104
RSM00030683,2014-07-25,TMAX,278
RSM00030683,2010-11-10,TMIN,-153
RSM00030683,2015-06-09,TMIN,71
RSM00030683,2014-07-25,TMIN,81
RSM00030683,2010-11-10,TMAX,-24
RSM00030683,2014-07-12,TMAX,225
RSM00030683,2007-06-14,TMIN,30
RSM00030683,2014-09-25,TMIN,-70
RSM00030683,2007-06-14,TMAX,273
RSM00030683,2012-05-11,TMAX,190
RSM00030683,2009-01-25,TMAX,-172
RSM00030683,2007-08-03,TMIN,120
RSM00030683,2007-05-24,TMAX,134
RSM00030683,2007-01-15,TMAX,-180
RSM00030683,2007-08-03,TMAX,288
RSM00030683,2011-07-12,TMAX,302
RSM00030683,2014-08-16,TMIN,71
RSM00030683,2008-10-30,TMIN,-187
RSM00030683,2011-04-28,TMIN,-47
RSM00030683,2013-05-20,TMAX,186
RSM00030683,2009-04-09,TMAX,66
RSM00030683,2009-04-20,TMIN,-50
RSM00030683,2015-06-15,TMAX,157
RSM00030683,2008-08-09,TMAX,228
RSM00030683,2009-04-20,TMAX,97
RSM00030683,2009-01-05,TMAX,-183
RSM00030683,2012-07-20,TMAX,274
RSM00030683,2014-06-25,TMAX,245
RSM00030683,2010-08-02,TMAX,209
RSM00030683,2006-03-08,TMIN,-277
RSM00030683,2015-05-14,TMAX,-7
RSM00030683,2009-05-13,TMIN,-16
RSM00030683,2015-04-22,TMAX,6
RSM00030683,2006-03-08,TMAX,-75
RSM00030683,2015-02-12,TMIN,-255
RSM00030683,2008-08-01,TMAX,218
RSM00030683,2015-04-01,TMAX,20
RSM00030683,2007-10-18,TMAX,-22
RSM00030683,2007-08-02,TMAX,278
RSM00030683,2015-07-13,TMAX,320
RSM00030683,2015-05-14,TMIN,-43
RSM00030683,2012-01-10,TMIN,-397
RSM00030683,2011-06-29,TMAX,249
RSM00030683,2007-02-10,TMAX,-107
RSM00030683,2011-09-13,TMAX,75
RSM00030683,2013-11-19,TMIN,-264
RSM00030683,2013-11-19,TMAX,-68
RSM00030683,2015-02-25,TMAX,-22
RSM00030683,2014-07-02,TMIN,150
RSM00030683,2015-12-21,TMAX,-185
RSM00030683,2014-01-31,TMAX,-192
RSM00030683,2014-01-31,TMIN,-393
RSM00030683,2006-10-16,TMAX,44
RSM00030683,2008-04-26,TMIN,-99
RSM00030683,2012-10-27,TMAX,-35
RSM00030683,2011-12-08,TMIN,-304
RSM00030683,2011-07-13,TMAX,280
RSM00030683,2011-12-08,TMAX,-157
RSM00030683,2014-07-02,TMAX,268
RSM00030683,2007-11-03,TMIN,-155
RSM00030683,2006-07-11,TMAX,203
RSM00030683,2010-01-24,TMIN,-319
RSM00030683,2012-01-26,TMIN,-380
RSM00030683,2011-06-30,TMIN,101
RSM00030683,2011-06-30,TMAX,242
RSM00030683,2008-04-26,TMAX,85
RSM00030683,2010-06-19,TMAX,151
RSM00030683,2010-02-13,TMIN,-337
RSM00030683,2010-05-12,TMAX,214
RSM00030683,2012-01-26,TMAX,-225
RSM00030683,2007-10-31,TMAX,-17
RSM00030683,2005-05-15,TMIN,11
RSM00030683,2015-01-30,TMAX,-144
RSM00030683,2007-11-03,TMAX,12
RSM00030683,2015-11-30,TMIN,-331
RSM00030683,2006-04-29,TMIN,24
RSM00030683,2012-10-30,TMAX,-67
RSM00030683,2014-08-16,TMAX,273
RSM00030683,2012-10-30,TMIN,-270
RSM00030683,2015-05-16,TMIN,-40
RSM00030683,2015-05-16,TMAX,146
RSM00030683,2006-11-18,TMIN,-203
RSM00030683,2006-04-29,TMAX,92
RSM00030683,2006-11-18,TMAX,-113
RSM00030683,2011-01-25,TMAX,-158
RSM00030683,2010-02-13,TMAX,-141
RSM00030683,2014-09-25,TMAX,156
RSM00030683,2006-01-28,TMAX,-147
RSM00030683,2014-03-09,TMIN,-240
RSM00030683,2006-01-28,TMIN,-222
RSM00030683,2014-06-06,TMAX,177
RSM00030683,2015-06-25,TMAX,223
RSM00030683,2013-12-19,TMIN,-262
RSM00030683,2015-11-30,TMAX,-173
RSM00030683,2005-05-15,TMAX,191
RSM00030683,2013-12-19,TMAX,-125
RSM00030683,2010-01-24,TMAX,-180
RSM00030683,2015-01-30,TMIN,-331
RSM00030683,2014-08-20,TMAX,250
RSM00030683,2014-02-09,TMAX,-202
RSM00030683,2009-07-11,TMAX,204
RSM00030683,2008-12-30,TMAX,-120
RSM00030683,2005-07-31,TMIN,95
RSM00030683,2008-10-06,TMAX,100
RSM00030683,2006-04-18,TMIN,-96
RSM00030683,2011-04-08,TMIN,-90
RSM00030683,2006-04-18,TMAX,60
RSM00030683,2013-05-20,TMIN,49
RSM00030683,2007-04-21,TMAX,116
RSM00030683,2007-04-21,TMIN,-50
RSM00030683,2006-02-01,TMIN,-334
RSM00030683,2007-02-14,TMAX,-108
RSM00030683,2009-12-17,TMIN,-193
RSM00030683,2009-12-04,TMAX,-219
RSM00030683,2006-02-01,TMAX,-235
RSM00030683,2013-08-08,TMIN,165
RSM00030683,2011-07-22,TMAX,285
RSM00030683,2007-12-17,TMIN,-318
RSM00030683,2007-12-17,TMAX,-189
RSM00030683,2013-05-29,TMAX,138
RSM00030683,2014-03-13,TMIN,-216
RSM00030683,2014-03-13,TMAX,5
RSM00030683,2009-04-04,TMIN,-43
RSM00030683,2009-12-17,TMAX,-146
RSM00030683,2013-01-17,TMAX,-176
RSM00030683,2013-01-17,TMIN,-329
RSM00030683,2012-05-19,TMAX,111
RSM00030683,2013-06-29,TMAX,255
RSM00030683,2009-04-04,TMAX,70
RSM00030683,2013-06-29,TMIN,124
RSM00030683,2007-04-18,TMIN,-2
RSM00030683,2010-08-01,TMAX,222
RSM00030683,2007-09-09,TMIN,78
RSM00030683,2013-01-20,TMAX,-163
RSM00030683,2013-01-20,TMIN,-333
RSM00030683,2014-05-09,TMAX,237
RSM00030683,2015-10-24,TMAX,-16
RSM00030683,2007-09-10,TMAX,199
RSM00030683,2008-01-18,TMIN,-358
RSM00030683,2010-01-10,TMIN,-318
RSM00030683,2007-03-22,TMIN,-161
RSM00030683,2009-10-01,TMAX,97
RSM00030683,2006-11-02,TMAX,15
RSM00030683,2013-08-08,TMAX,245
RSM00030683,2009-10-01,TMIN,35
RSM00030683,2008-01-18,TMAX,-197
RSM00030683,2010-12-23,TMAX,-246
RSM00030683,2005-10-07,TMAX,102
RSM00030683,2005-09-28,TMAX,184
RSM00030683,2007-03-22,TMAX,24
RSM00030683,2007-09-10,TMIN,115
RSM00030683,2011-09-30,TMIN,-45
RSM00030683,2010-01-10,TMAX,-138
RSM00030683,2007-02-14,TMIN,-317
RSM00030683,2011-11-01,TMAX,-14
RSM00030683,2011-09-30,TMAX,67
RSM00030683,2007-02-03,TMAX,-88
RSM00030683,2010-10-06,TMAX,69
RSM00030683,2006-02-02,TMIN,-323
RSM00030683,2008-11-13,TMAX,-136
RSM00030683,2007-03-13,TMIN,-295
RSM00030683,2007-03-13,TMAX,-49
RSM00030683,2011-06-21,TMAX,199
RSM00030683,2005-02-27,TMAX,-116
RSM00030683,2015-04-22,TMIN,-52
RSM00030683,2010-09-06,TMIN,-13
RSM00030683,2009-08-21,TMIN,129
RSM00030683,2014-03-09,TMAX,-16
RSM00030683,2005-07-31,TMAX,323
RSM00030683,2015-02-12,TMAX,-46
RSM00030683,2013-08-18,TMAX,222
RSM00030683,2010-09-06,TMAX,129
RSM00030683,2009-08-21,TMAX,215
RSM00030683,2012-06-09,TMIN,20
RSM00030683,2008-05-29,TMIN,64
RSM00030683,2008-05-29,TMAX,111
RSM00030683,2015-08-14,TMIN,118
RSM00030683,2008-07-02,TMIN,143
RSM00030683,2006-12-06,TMIN,-347
RSM00030683,2015-08-14,TMAX,157
RSM00030683,2005-08-14,TMAX,284
RSM00030683,2005-08-14,TMIN,117
RSM00030683,2015-02-07,TMAX,-231
RSM00030683,2009-03-04,TMAX,-36
RSM00030683,2009-04-16,TMAX,45
RSM00030683,2009-07-11,TMIN,84
RSM00030683,2009-03-04,TMIN,-235
RSM00030683,2008-07-02,TMAX,304
RSM00030683,2006-02-02,TMAX,-181
RSM00030683,2012-05-10,TMAX,155
RSM00030683,2007-04-12,TMIN,-62
RSM00030683,2008-09-16,TMAX,100
RSM00030683,2009-04-16,TMIN,-143
RSM00030683,2008-03-18,TMAX,-83
RSM00030683,2010-03-03,TMAX,-93
RSM00030683,2013-05-22,TMAX,195
RSM00030683,2006-02-17,TMAX,-152
RSM00030683,2008-10-06,TMIN,-85
RSM00030683,2008-09-29,TMIN,-40
RSM00030683,2006-02-11,TMIN,-295
RSM00030683,2006-02-11,TMAX,-120
RSM00030683,2007-04-12,TMAX,93
RSM00030683,2015-07-26,TMIN,137
RSM00030683,2015-07-13,TMIN,110
RSM00030683,2011-06-21,TMIN,110
RSM00030683,2015-04-30,TMAX,129
RSM00030683,2008-11-13,TMIN,-310
RSM00030683,2013-05-22,TMIN,-1
RSM00030683,2014-11-09,TMAX,50
RSM00030683,2012-06-09,TMAX,183
RSM00030683,2007-08-02,TMIN,104
RSM00030683,2008-09-29,TMAX,140
RSM00030683,2009-04-03,TMAX,61
RSM00030683,2011-04-28,TMAX,170
RSM00030683,2012-07-30,TMAX,278
RSM00030683,2010-09-29,TMAX,80
RSM00030683,2009-05-10,TMIN,-11
RSM00030683,2005-08-07,TMAX,313
RSM00030683,2006-03-02,TMAX,-60
RSM00030683,2006-03-02,TMIN,-248
RSM00030683,2011-04-10,TMAX,29
RSM00030683,2010-06-20,TMAX,174
RSM00030683,2011-06-11,TMAX,241
RSM00030683,2014-04-10,TMAX,140
RSM00030683,2009-10-13,TMAX,145
RSM00030683,2011-07-05,TMAX,246
RSM00030683,2009-04-24,TMAX,123
RSM00030683,2014-09-22,TMAX,132
RSM00030683,2014-11-03,TMAX,-6
RSM00030683,2012-05-04,TMAX,143
RSM00030683,2010-05-01,TMIN,-26
RSM00030683,2015-11-15,TMAX,-145
RSM00030683,2007-07-07,TMIN,67
RSM00030683,2010-09-05,TMAX,242
RSM00030683,2012-04-12,TMAX,59
RSM00030683,2011-04-26,TMAX,130
RSM00030683,2010-11-18,TMAX,-73
RSM00030683,2008-10-23,TMIN,-30
RSM00030683,2010-11-18,TMIN,-105
RSM00030683,2011-08-30,TMAX,172
RSM00030683,2010-04-24,TMAX,143
RSM00030683,2014-04-10,TMIN,-88
RSM00030683,2010-08-20,TMIN,93
RSM00030683,2005-08-07,TMIN,97
RSM00030683,2011-12-21,TMAX,-190
RSM00030683,2010-12-24,TMIN,-412
RSM00030683,2005-06-19,TMIN,140
RSM00030683,2007-08-05,TMIN,124
RSM00030683,2005-10-06,TMAX,106
RSM00030683,2005-06-19,TMAX,291
RSM00030683,2011-01-04,TMIN,-188
RSM00030683,2011-04-06,TMAX,22
RSM00030683,2011-09-16,TMIN,-26
RSM00030683,2013-06-18,TMAX,229
RSM00030683,2011-09-16,TMAX,97
RSM00030683,2007-07-07,TMAX,285
RSM00030683,2014-11-03,TMIN,-200
RSM00030683,2009-09-14,TMIN,57
RSM00030683,2008-03-23,TMIN,-61
RSM00030683,2012-01-03,TMAX,-145
RSM00030683,2010-12-24,TMAX,-239
RSM00030683,2005-12-07,TMIN,-303
RSM00030683,2006-04-02,TMAX,34
RSM00030683,2005-12-07,TMAX,-168
RSM00030683,2009-03-09,TMAX,-98
RSM00030683,2008-03-23,TMAX,-11
RSM00030683,2009-05-11,TMAX,96
RSM00030683,2015-01-18,TMAX,-117
RSM00030683,2010-05-24,TMAX,175
RSM00030683,2011-06-11,TMIN,55
RSM00030683,2011-05-30,TMAX,112
RSM00030683,2011-07-30,TMIN,120
RSM00030683,2011-10-30,TMIN,-73
RSM00030683,2013-08-10,TMAX,245
RSM00030683,2012-07-12,TMAX,286
RSM00030683,2006-05-21,TMIN,18
RSM00030683,2006-05-21,TMAX,216
RSM00030683,2006-08-11,TMIN,80
RSM00030683,2015-08-11,TMAX,312
RSM00030683,2015-01-04,TMIN,-304
RSM00030683,2008-01-17,TMAX,-198
RSM00030683,2010-04-25,TMAX,154
RSM00030683,2014-12-16,TMAX,-216
RSM00030683,2014-12-30,TMAX,-118
RSM00030683,2006-08-11,TMAX,294
RSM00030683,2012-05-05,TMAX,165
RSM00030683,2012-05-05,TMIN,-23
RSM00030683,2007-08-09,TMAX,288
RSM00030683,2014-07-26,TMIN,80
RSM00030683,2005-03-27,TMAX,-6
RSM00030683,2008-07-12,TMAX,230
RSM00030683,2011-09-23,TMIN,-13
RSM00030683,2013-04-22,TMAX,109
RSM00030683,2008-08-15,TMIN,71
RSM00030683,2015-01-04,TMAX,-179
RSM00030683,2010-05-13,TMAX,239
RSM00030683,2013-01-30,TMAX,-155
RSM00030683,2011-09-23,TMAX,207
RSM00030683,2011-05-26,TMIN,15
RSM00030683,2013-04-22,TMIN,-73
RSM00030683,2010-01-29,TMAX,-190
RSM00030683,2011-05-26,TMAX,217
RSM00030683,2007-08-07,TMIN,129
RSM00030683,2007-08-07,TMAX,291
RSM00030683,2010-07-06,TMAX,198
RSM00030683,2011-07-30,TMAX,235
RSM00030683,2009-11-03,TMIN,-165
RSM00030683,2009-11-03,TMAX,-14
RSM00030683,2006-04-17,TMAX,50
RSM00030683,2009-06-03,TMAX,189
RSM00030683,2011-06-05,TMAX,227
RSM00030683,2011-06-05,TMIN,79
RSM00030683,2013-01-28,TMAX,-218
RSM00030683,2005-12-29,TMAX,-233
RSM00030683,2005-12-29,TMIN,-322
RSM00030683,2010-04-24,TMIN,-40
RSM00030683,2011-10-30,TMAX,60
RSM00030683,2008-08-29,TMAX,198
RSM00030683,2011-08-30,TMIN,10
RSM00030683,2010-05-13,TMIN,26
RSM00030683,2010-05-01,TMAX,170
RSM00030683,2012-01-03,TMIN,-304
RSM00030683,2015-08-09,TMIN,105
RSM00030683,2013-09-04,TMAX,212
RSM00030683,2013-04-08,TMIN,-126
RSM00030683,2009-04-24,TMIN,-49
RSM00030683,2007-01-11,TMAX,-95
RSM00030683,2010-07-24,TMAX,298
RSM00030683,2014-03-23,TMIN,-90
RSM00030683,2013-01-22,TMAX,-178
RSM00030683,2007-07-30,TMAX,227
RSM00030683,2012-06-18,TMIN,92
RSM00030683,2005-09-05,TMIN,6
RSM00030683,2015-04-18,TMAX,79
RSM00030683,2012-06-18,TMAX,295
RSM00030683,2011-08-23,TMAX,263
RSM00030683,2009-08-24,TMIN,80
RSM00030683,2012-10-07,TMIN,-90
RSM00030683,2007-06-03,TMAX,197
RSM00030683,2007-02-19,TMAX,-152
RSM00030683,2015-04-18,TMIN,-106
RSM00030683,2012-10-07,TMAX,48
RSM00030683,2013-06-24,TMIN,115
RSM00030683,2015-09-20,TMAX,82
RSM00030683,2005-09-30,TMIN,-86
RSM00030683,2010-12-04,TMAX,-168
RSM00030683,2015-10-23,TMAX,-29
RSM00030683,2010-12-04,TMIN,-277
RSM00030683,2009-05-19,TMAX,176
RSM00030683,2008-02-09,TMAX,-90
RSM00030683,2006-12-07,TMIN,-345
RSM00030683,2008-02-09,TMIN,-267
RSM00030683,2011-01-13,TMAX,-214
RSM00030683,2005-09-05,TMAX,225
RSM00030683,2009-06-21,TMAX,214
RSM00030683,2013-06-24,TMAX,296
RSM00030683,2008-07-03,TMAX,220
RSM00030683,2009-12-30,TMIN,-389
RSM00030683,2009-10-16,TMAX,27
RSM00030683,2006-03-13,TMAX,-37
RSM00030683,2005-10-04,TMIN,-134
RSM00030683,2007-01-09,TMAX,-115
RSM00030683,2006-03-13,TMIN,-263
RSM00030683,2008-12-23,TMIN,-325
RSM00030683,2013-09-18,TMAX,164
RSM00030683,2013-09-13,TMAX,107
RSM00030683,2013-09-18,TMIN,-30
RSM00030683,2007-09-12,TMAX,176
RSM00030683,2005-10-04,TMAX,46
RSM00030683,2015-02-24,TMAX,-90
RSM00030683,2009-12-30,TMAX,-304
RSM00030683,2009-01-04,TMIN,-317
RSM00030683,2013-05-08,TMAX,203
RSM00030683,2012-12-20,TMAX,-194
RSM00030683,2010-06-21,TMAX,253
RSM00030683,2011-01-18,TMAX,-122
RSM00030683,2009-09-30,TMIN,-5
RSM00030683,2009-09-30,TMAX,115
RSM00030683,2015-02-24,TMIN,-170
RSM00030683,2008-07-03,TMIN,146
RSM00030683,2006-12-07,TMAX,-135
RSM00030683,2015-08-09,TMAX,314
RSM00030683,2015-04-20,TMAX,49
RSM00030683,2010-04-03,TMIN,-184
RSM00030683,2013-03-27,TMAX,-15
RSM00030683,2006-10-30,TMAX,17
RSM00030683,2015-05-28,TMIN,63
RSM00030683,2009-12-19,TMAX,-86
RSM00030683,2010-08-21,TMAX,216
RSM00030683,2006-01-01,TMAX,-196
RSM00030683,2011-07-05,TMIN,125
RSM00030683,2006-02-05,TMIN,-351
RSM00030683,2015-05-28,TMAX,175
RSM00030683,2012-04-03,TMAX,5
RSM00030683,2012-04-03,TMIN,-186
RSM00030683,2014-04-25,TMIN,-16
RSM00030683,2011-05-27,TMAX,142
RSM00030683,2014-03-23,TMAX,121
RSM00030683,2012-06-07,TMAX,179
RSM00030683,2014-04-25,TMAX,101
RSM00030683,2014-11-02,TMAX,-6
RSM00030683,2011-12-14,TMAX,-176
RSM00030683,2011-12-14,TMIN,-308
RSM00030683,2014-01-14,TMIN,-357
RSM00030683,2005-04-29,TMIN,-70
RSM00030683,2014-01-14,TMAX,-239
RSM00030683,2011-08-27,TMAX,275
RSM00030683,2010-06-20,TMIN,10
RSM00030683,2005-10-06,TMIN,-83
RSM00030683,2015-04-12,TMAX,52
RSM00030683,2014-11-02,TMIN,-192
RSM00030683,2007-11-05,TMAX,84
RSM00030683,2011-01-04,TMAX,-94
RSM00030683,2011-05-27,TMIN,32
RSM00030683,2008-01-10,TMIN,-399
RSM00030683,2009-08-14,TMIN,125
RSM00030683,2010-04-03,TMAX,-20
RSM00030683,2008-01-10,TMAX,-228
RSM00030683,2008-05-15,TMIN,26
RSM00030683,2015-04-15,TMAX,104
RSM00030683,2006-03-11,TMIN,-222
RSM00030683,2008-05-15,TMAX,210
RSM00030683,2010-10-04,TMAX,173
RSM00030683,2009-08-14,TMAX,223
RSM00030683,2008-08-22,TMIN,139
RSM00030683,2005-09-30,TMAX,134
RSM00030683,2008-08-22,TMAX,165
RSM00030683,2009-05-19,TMIN,-15
RSM00030683,2008-05-13,TMAX,234
RSM00030683,2014-07-05,TMAX,211
RSM00030683,2006-06-05,TMIN,31
RSM00030683,2010-05-22,TMAX,175
RSM00030683,2010-11-23,TMIN,-286
RSM00030683,2007-11-05,TMIN,-112
RSM00030683,2011-01-13,TMIN,-390
RSM00030683,2006-06-05,TMAX,240
RSM00030683,2008-05-13,TMIN,5
RSM00030683,2013-03-27,TMIN,-130
RSM00030683,2010-05-22,TMIN,15
RSM00030683,2006-04-11,TMAX,1
RSM00030683,2009-01-21,TMAX,-224
RSM00030683,2010-07-24,TMIN,178
RSM00030683,2014-10-08,TMIN,-120
RSM00030683,2005-07-10,TMAX,288
RSM00030683,2014-03-17,TMAX,45
RSM00030683,2011-03-22,TMAX,-26
RSM00030683,2011-06-26,TMIN,99
RSM00030683,2007-08-01,TMIN,95
RSM00030683,2012-02-20,TMAX,-148
RSM00030683,2009-08-22,TMAX,210
RSM00030683,2011-02-08,TMAX,-173
RSM00030683,2007-12-12,TMAX,-168
RSM00030683,2007-12-12,TMIN,-302
RSM00030683,2013-05-28,TMIN,67
RSM00030683,2010-10-20,TMAX,50
RSM00030683,2013-01-06,TMAX,-223
RSM00030683,2013-05-28,TMAX,130
RSM00030683,2008-09-14,TMAX,127
RSM00030683,2013-11-13,TMIN,-138
RSM00030683,2013-11-13,TMAX,24
RSM00030683,2007-02-15,TMIN,-324
RSM00030683,2014-08-15,TMAX,278
RSM00030683,2008-01-26,TMAX,-88
RSM00030683,2009-09-29,TMAX,167
RSM00030683,2010-07-05,TMAX,203
RSM00030683,2007-06-30,TMAX,283
RSM00030683,2015-02-05,TMAX,-110
RSM00030683,2013-01-06,TMIN,-380
RSM00030683,2007-06-30,TMIN,122
RSM00030683,2007-08-01,TMAX,253
RSM00030683,2014-02-10,TMIN,-400
RSM00030683,2006-12-30,TMAX,-182
RSM00030683,2006-12-30,TMIN,-321
RSM00030683,2011-07-28,TMAX,249
RSM00030683,2009-03-26,TMAX,-30
RSM00030683,2015-01-27,TMIN,-386
RSM00030683,2005-05-08,TMAX,128
RSM00030683,2010-10-20,TMIN,-142
RSM00030683,2006-04-25,TMAX,89
RSM00030683,2005-05-08,TMIN,28
RSM00030683,2009-06-29,TMAX,246
RSM00030683,2015-01-27,TMAX,-144
RSM00030683,2014-02-10,TMAX,-210
RSM00030683,2015-03-04,TMIN,-305
RSM00030683,2013-03-01,TMIN,-305
RSM00030683,2015-03-04,TMAX,-89
RSM00030683,2009-07-12,TMAX,199
RSM00030683,2007-05-31,TMAX,295
RSM00030683,2015-03-18,TMAX,15
RSM00030683,2009-07-27,TMIN,149
RSM00030683,2008-11-26,TMAX,-87
RSM00030683,2015-03-18,TMIN,-195
RSM00030683,2007-05-31,TMIN,97
RSM00030683,2015-08-19,TMAX,245
RSM00030683,2007-08-17,TMAX,271
RSM00030683,2013-03-01,TMAX,-86
RSM00030683,2009-09-29,TMIN,-20
RSM00030683,2015-02-05,TMIN,-232
RSM00030683,2006-07-03,TMAX,281
RSM00030683,2012-07-09,TMAX,255
RSM00030683,2015-08-01,TMIN,115
RSM00030683,2013-10-26,TMIN,-87
RSM00030683,2011-12-06,TMIN,-281
RSM00030683,2012-04-10,TMAX,2
RSM00030683,2011-12-06,TMAX,-126
RSM00030683,2013-06-07,TMAX,235
RSM00030683,2006-12-31,TMAX,-175
RSM00030683,2009-02-15,TMAX,-190
RSM00030683,2011-11-07,TMAX,34
RSM00030683,2013-04-26,TMAX,120
RSM00030683,2010-09-27,TMAX,142
RSM00030683,2007-04-13,TMAX,85
RSM00030683,2014-11-10,TMAX,-11
RSM00030683,2008-07-10,TMIN,159
RSM00030683,2008-07-10,TMAX,230
RSM00030683,2015-09-15,TMAX,292
RSM00030683,2007-05-08,TMAX,102
RSM00030683,2006-01-04,TMIN,-320
RSM00030683,2007-04-13,TMIN,-60
RSM00030683,2010-03-17,TMAX,-21
RSM00030683,2009-05-10,TMAX,170
RSM00030683,2014-10-10,TMAX,109
RSM00030683,2014-10-10,TMIN,-97
RSM00030683,2013-04-26,TMIN,-50
RSM00030683,2013-03-04,TMAX,-61
RSM00030683,2005-12-21,TMAX,-218
RSM00030683,2005-12-21,TMIN,-340
RSM00030683,2011-07-24,TMAX,276
RSM00030683,2010-09-26,TMAX,106
RSM00030683,2014-03-25,TMAX,122
RSM00030683,2009-08-30,TMAX,224
RSM00030683,2009-08-30,TMIN,31
RSM00030683,2010-07-05,TMIN,107
RSM00030683,2014-01-04,TMIN,-349
RSM00030683,2014-01-04,TMAX,-198
RSM00030683,2012-10-17,TMAX,-37
RSM00030683,2015-11-14,TMAX,-67
RSM00030683,2014-03-25,TMIN,-97
RSM00030683,2012-10-17,TMIN,-134
RSM00030683,2014-07-22,TMAX,227
RSM00030683,2012-05-02,TMAX,135
RSM00030683,2011-05-18,TMAX,123
RSM00030683,2008-05-28,TMAX,85
RSM00030683,2007-02-15,TMAX,-122
RSM00030683,2012-05-02,TMIN,-24
RSM00030683,2012-11-17,TMAX,-77
RSM00030683,2006-04-01,TMIN,-61
RSM00030683,2009-07-27,TMAX,298
RSM00030683,2006-04-01,TMAX,45
RSM00030683,2015-08-01,TMAX,315
RSM00030683,2013-03-04,TMIN,-194
RSM00030683,2009-07-16,TMIN,77
RSM00030683,2014-12-02,TMAX,-195
RSM00030683,2009-07-12,TMIN,83
RSM00030683,2013-04-14,TMIN,-120
RSM00030683,2013-12-14,TMAX,-89
RSM00030683,2011-07-16,TMAX,288
RSM00030683,2011-07-16,TMIN,144
RSM00030683,2010-02-24,TMAX,-118
RSM00030683,2013-06-01,TMAX,147
RSM00030683,2012-08-24,TMAX,155
RSM00030683,2013-08-21,TMIN,69
RSM00030683,2013-08-21,TMAX,259
RSM00030683,2007-04-30,TMAX,140
RSM00030683,2012-10-05,TMIN,-55
RSM00030683,2012-09-16,TMAX,257
RSM00030683,2009-02-20,TMAX,-176
RSM00030683,2013-07-18,TMIN,80
RSM00030683,2012-08-24,TMIN,45
RSM00030683,2006-06-03,TMIN,55
RSM00030683,2010-12-05,TMAX,-123
RSM00030683,2010-03-14,TMAX,-82
RSM00030683,2006-05-17,TMAX,182
RSM00030683,2014-07-19,TMAX,265
RSM00030683,2011-07-21,TMIN,150
RSM00030683,2006-05-14,TMAX,148
RSM00030683,2010-02-15,TMAX,-139
RSM00030683,2009-03-19,TMIN,-336
RSM00030683,2014-08-31,TMAX,198
RSM00030683,2006-05-14,TMIN,-16
RSM00030683,2012-09-22,TMAX,127
RSM00030683,2006-05-07,TMAX,89
RSM00030683,2013-02-06,TMAX,-203
RSM00030683,2013-07-18,TMAX,244
RSM00030683,2014-10-08,TMAX,66
RSM00030683,2014-07-26,TMAX,300
RSM00030683,2009-01-21,TMIN,-388
RSM00030683,2013-04-08,TMAX,48
RSM00030683,2007-05-29,TMAX,267
RSM00030683,2008-08-15,TMAX,284
RSM00030683,2007-05-11,TMAX,105
RSM00030683,2013-03-09,TMAX,-179
RSM00030683,2009-06-25,TMIN,92
RSM00030683,2012-05-27,TMAX,166
RSM00030683,2014-05-21,TMAX,179
RSM00030683,2014-05-21,TMIN,45
RSM00030683,2007-05-29,TMIN,45
RSM00030683,2013-03-09,TMIN,-330
RSM00030683,2009-06-25,TMAX,173
RSM00030683,2010-06-11,TMAX,263
RSM00030683,2009-01-04,TMAX,-176
RSM00030683,2009-07-25,TMAX,270
RSM00030683,2010-08-17,TMIN,53
RSM00030683,2013-06-03,TMAX,211
RSM00030683,2015-02-26,TMAX,-38
RSM00030683,2013-06-03,TMIN,-11
RSM00030683,2010-08-20,TMAX,175
RSM00030683,2010-08-17,TMAX,242
RSM00030683,2013-02-06,TMIN,-303
RSM00030683,2010-08-23,TMAX,242
RSM00030683,2013-05-08,TMIN,-4
RSM00030683,2014-05-18,TMAX,207
RSM00030683,2012-07-12,TMIN,137
RSM00030683,2011-07-10,TMIN,115
RSM00030683,2010-10-22,TMIN,-51
RSM00030683,2010-03-09,TMAX,-65
RSM00030683,2013-07-09,TMAX,222
RSM00030683,2009-11-13,TMAX,-125
RSM00030683,2006-02-19,TMAX,-155
RSM00030683,2010-08-26,TMAX,276
RSM00030683,2011-02-08,TMIN,-360
RSM00030683,2010-10-22,TMAX,11
RSM00030683,2010-03-09,TMIN,-281
RSM00030683,2008-09-28,TMAX,139
RSM00030683,2010-06-26,TMAX,314
RSM00030683,2008-09-28,TMIN,-60
RSM00030683,2006-05-18,TMIN,-13
RSM00030683,2014-12-02,TMIN,-320
RSM00030683,2013-04-14,TMAX,-19
RSM00030683,2013-09-06,TMAX,229
RSM00030683,2005-12-27,TMIN,-338
RSM00030683,2006-05-18,TMAX,140
RSM00030683,2014-01-02,TMAX,-208
RSM00030683,2014-01-02,TMIN,-376
RSM00030683,2009-05-01,TMAX,102
RSM00030683,2005-01-17,TMAX,-113
RSM00030683,2005-01-17,TMIN,-290
RSM00030683,2012-09-16,TMIN,20
RSM00030683,2012-11-22,TMAX,-145
RSM00030683,2008-05-11,TMAX,199
RSM00030683,2014-04-28,TMAX,271
RSM00030683,2014-11-11,TMAX,-88
RSM00030683,2006-07-08,TMAX,200
RSM00030683,2012-10-05,TMAX,109
RSM00030683,2014-08-06,TMAX,255
RSM00030683,2008-05-11,TMIN,20
RSM00030683,2005-10-11,TMIN,-49
RSM00030683,2009-03-19,TMAX,-95
RSM00030683,2013-05-14,TMIN,6
RSM00030683,2007-06-19,TMAX,212
RSM00030683,2005-10-11,TMAX,140
RSM00030683,2005-08-26,TMAX,293
RSM00030683,2012-03-28,TMAX,68
RSM00030683,2013-05-14,TMAX,200
RSM00030683,2009-06-30,TMAX,223
RSM00030683,2010-03-14,TMIN,-323
RSM00030683,2007-06-19,TMIN,79
RSM00030683,2013-12-16,TMAX,-92
RSM00030683,2007-11-27,TMAX,-74
RSM00030683,2011-09-07,TMAX,144
RSM00030683,2011-09-07,TMIN,-2
RSM00030683,2014-08-21,TMAX,295
RSM00030683,2014-08-21,TMIN,85
RSM00030683,2011-07-21,TMAX,324
RSM00030683,2011-12-30,TMIN,-311
RSM00030683,2011-12-30,TMAX,-185
RSM00030683,2006-07-08,TMIN,40
RSM00030683,2008-01-24,TMIN,-325
RSM00030683,2014-04-22,TMIN,-18
RSM00030683,2008-10-09,TMAX,66
RSM00030683,2010-12-25,TMIN,-294
RSM00030683,2011-12-02,TMIN,-294
RSM00030683,2011-12-02,TMAX,-145
RSM00030683,2009-05-26,TMIN,-15
RSM00030683,2008-12-11,TMIN,-405
RSM00030683,2009-05-14,TMAX,213
RSM00030683,2008-04-13,TMAX,30
RSM00030683,2012-02-16,TMAX,-130
RSM00030683,2012-06-16,TMAX,257
RSM00030683,2012-08-07,TMAX,133
RSM00030683,2012-02-16,TMIN,-219
RSM00030683,2007-09-03,TMIN,3
RSM00030683,2008-03-22,TMAX,-8
RSM00030683,2009-02-28,TMIN,-314
RSM00030683,2009-01-06,TMAX,-165
RSM00030683,2015-07-16,TMAX,310
RSM00030683,2011-11-13,TMAX,-102
RSM00030683,2011-04-17,TMAX,61
RSM00030683,2015-07-16,TMIN,74
RSM00030683,2008-02-16,TMAX,-93
RSM00030683,2006-03-18,TMIN,-222
RSM00030683,2008-02-16,TMIN,-315
RSM00030683,2015-03-27,TMIN,-53
RSM00030683,2006-03-18,TMAX,-32
RSM00030683,2010-11-04,TMIN,-167
RSM00030683,2013-04-21,TMAX,92
RSM00030683,2009-05-26,TMAX,215
RSM00030683,2007-09-03,TMAX,197
RSM00030683,2005-06-29,TMAX,305
RSM00030683,2012-09-13,TMAX,190
RSM00030683,2013-08-15,TMAX,191
RSM00030683,2012-09-13,TMIN,-2
RSM00030683,2012-07-10,TMAX,234
RSM00030683,2010-03-06,TMAX,-148
RSM00030683,2012-07-10,TMIN,160
RSM00030683,2009-08-01,TMAX,174
RSM00030683,2013-02-21,TMAX,-109
RSM00030683,2015-01-31,TMIN,-321
RSM00030683,2012-03-17,TMIN,-352
RSM00030683,2012-06-16,TMIN,50
RSM00030683,2013-01-12,TMIN,-371
RSM00030683,2008-06-10,TMAX,270
RSM00030683,2012-11-25,TMAX,-138
RSM00030683,2012-11-25,TMIN,-307
RSM00030683,2013-01-12,TMAX,-224
RSM00030683,2008-02-23,TMIN,-306
RSM00030683,2009-11-14,TMAX,-112
RSM00030683,2009-11-14,TMIN,-300
RSM00030683,2008-06-10,TMIN,44
RSM00030683,2008-02-23,TMAX,-92
RSM00030683,2015-09-29,TMAX,118
RSM00030683,2010-11-04,TMAX,-2
RSM00030683,2013-02-21,TMIN,-344
RSM00030683,2012-03-17,TMAX,-143
RSM00030683,2005-12-18,TMAX,-136
RSM00030683,2015-03-27,TMAX,36
RSM00030683,2007-12-25,TMAX,-173
RSM00030683,2011-05-07,TMAX,170
RSM00030683,2011-05-07,TMIN,-30
RSM00030683,2009-09-07,TMIN,66
RSM00030683,2015-11-04,TMAX,-66
RSM00030683,2009-04-23,TMAX,98
RSM00030683,2011-07-07,TMAX,255
RSM00030683,2009-06-20,TMIN,95
RSM00030683,2012-11-19,TMAX,-90
RSM00030683,2009-02-28,TMAX,-105
RSM00030683,2010-01-16,TMIN,-338
RSM00030683,2009-09-07,TMAX,139
RSM00030683,2012-07-21,TMAX,235
RSM00030683,2015-05-19,TMIN,13
RSM00030683,2010-01-16,TMAX,-203
RSM00030683,2010-03-07,TMIN,-303
RSM00030683,2015-06-22,TMIN,93
RSM00030683,2014-01-29,TMAX,-190
RSM00030683,2006-06-17,TMAX,227
RSM00030683,2007-05-17,TMAX,146
RSM00030683,2015-01-31,TMAX,-134
RSM00030683,2014-01-29,TMIN,-386
RSM00030683,2010-12-07,TMAX,-183
RSM00030683,2014-10-19,TMAX,-35
RSM00030683,2007-05-05,TMAX,152
RSM00030683,2012-02-15,TMAX,-154
RSM00030683,2014-08-25,TMAX,161
RSM00030683,2007-12-25,TMIN,-225
RSM00030683,2015-05-08,TMAX,143
RSM00030683,2010-01-08,TMAX,-148
RSM00030683,2005-07-24,TMIN,12
RSM00030683,2006-06-13,TMAX,164
RSM00030683,2015-05-19,TMAX,187
RSM00030683,2012-02-15,TMIN,-218
RSM00030683,2015-09-04,TMAX,211
RSM00030683,2005-09-13,TMIN,-10
RSM00030683,2009-09-13,TMAX,213
RSM00030683,2009-09-13,TMIN,7
RSM00030683,2006-03-01,TMIN,-278
RSM00030683,2006-07-13,TMAX,235
RSM00030683,2006-03-01,TMAX,-26
RSM00030683,2011-05-05,TMAX,156
RSM00030683,2005-07-24,TMAX,248
RSM00030683,2015-02-22,TMAX,-102
RSM00030683,2011-09-29,TMAX,110
RSM00030683,2006-08-01,TMIN,115
RSM00030683,2007-10-10,TMAX,13
RSM00030683,2006-08-01,TMAX,283
RSM00030683,2010-03-07,TMAX,-110
RSM00030683,2014-12-17,TMAX,-255
RSM00030683,2006-07-13,TMIN,100
RSM00030683,2014-12-17,TMIN,-388
RSM00030683,2011-09-29,TMIN,-100
RSM00030683,2010-09-12,TMAX,168
RSM00030683,2010-03-06,TMIN,-279
RSM00030683,2007-02-09,TMAX,-70
RSM00030683,2015-03-19,TMAX,5
RSM00030683,2015-04-08,TMAX,6
RSM00030683,2008-11-29,TMIN,-328
RSM00030683,2014-01-16,TMIN,-375
RSM00030683,2012-04-29,TMAX,79
RSM00030683,2010-12-09,TMAX,-253
RSM00030683,2014-01-16,TMAX,-225
RSM00030683,2014-06-22,TMAX,344
RSM00030683,2007-06-26,TMIN,90
RSM00030683,2015-04-08,TMIN,-173
RSM00030683,2006-08-13,TMIN,93
RSM00030683,2010-04-07,TMAX,80
RSM00030683,2006-08-13,TMAX,156
RSM00030683,2007-06-26,TMAX,195
RSM00030683,2007-12-15,TMIN,-304
RSM00030683,2007-12-15,TMAX,-175
RSM00030683,2012-09-15,TMAX,245
RSM00030683,2005-11-25,TMAX,-100
RSM00030683,2007-01-23,TMIN,-248
RSM00030683,2010-12-11,TMIN,-347
RSM00030683,2011-10-10,TMAX,127
RSM00030683,2006-10-19,TMAX,-4
RSM00030683,2011-10-10,TMIN,-55
RSM00030683,2008-09-30,TMIN,-51
RSM00030683,2010-12-09,TMIN,-355
RSM00030683,2012-09-15,TMIN,-19
RSM00030683,2014-06-22,TMIN,110
RSM00030683,2010-11-03,TMAX,0
RSM00030683,2010-03-22,TMAX,-9
RSM00030683,2010-03-22,TMIN,-218
RSM00030683,2015-11-01,TMAX,82
RSM00030683,2009-02-19,TMAX,-151
RSM00030683,2008-12-16,TMAX,-225
RSM00030683,2009-02-19,TMIN,-370
RSM00030683,2010-10-18,TMAX,42
RSM00030683,2013-07-01,TMIN,125
RSM00030683,2005-01-09,TMAX,-178
RSM00030683,2010-02-20,TMIN,-333
RSM00030683,2011-05-14,TMAX,141
RSM00030683,2011-12-01,TMAX,-154
RSM00030683,2008-04-07,TMAX,57
RSM00030683,2010-02-20,TMAX,-175
RSM00030683,2009-07-08,TMAX,196
RSM00030683,2006-06-02,TMAX,199
RSM00030683,2008-11-29,TMAX,-186
RSM00030683,2013-09-30,TMAX,42
RSM00030683,2008-01-06,TMIN,-324
RSM00030683,2007-01-23,TMAX,-108
RSM00030683,2013-09-30,TMIN,-14
RSM00030683,2010-11-03,TMIN,-206
RSM00030683,2010-01-04,TMAX,-242
RSM00030683,2010-01-04,TMIN,-325
RSM00030683,2008-07-22,TMAX,278
RSM00030683,2010-12-11,TMAX,-250
RSM00030683,2008-09-30,TMAX,148
RSM00030683,2010-05-23,TMIN,90
RSM00030683,2015-04-04,TMIN,-246
RSM00030683,2015-02-02,TMIN,-286
RSM00030683,2015-02-08,TMAX,-168
RSM00030683,2011-03-02,TMAX,-84
RSM00030683,2015-02-08,TMIN,-363
RSM00030683,2011-05-22,TMAX,169
RSM00030683,2015-07-07,TMAX,200
RSM00030683,2015-02-02,TMAX,-124
RSM00030683,2005-12-26,TMAX,-161
RSM00030683,2006-05-25,TMAX,85
RSM00030683,2013-04-16,TMAX,-20
RSM00030683,2008-01-08,TMAX,-217
RSM00030683,2010-03-31,TMAX,8
RSM00030683,2015-02-23,TMIN,-198
RSM00030683,2015-06-05,TMIN,25
RSM00030683,2012-08-31,TMAX,160
RSM00030683,2010-03-31,TMIN,-149
RSM00030683,2011-03-02,TMIN,-300
RSM00030683,2006-03-06,TMIN,-304
RSM00030683,2006-03-06,TMAX,-109
RSM00030683,2009-04-13,TMAX,-13
RSM00030683,2007-07-09,TMAX,200
RSM00030683,2011-07-02,TMAX,266
RSM00030683,2006-10-29,TMIN,-244
RSM00030683,2014-06-05,TMAX,128
RSM00030683,2015-02-18,TMAX,-70
RSM00030683,2015-02-18,TMIN,-284
RSM00030683,2011-05-22,TMIN,-24
RSM00030683,2014-06-20,TMIN,97
RSM00030683,2010-05-23,TMAX,256
RSM00030683,2007-08-31,TMIN,34
RSM00030683,2012-12-27,TMAX,-250
RSM00030683,2008-02-19,TMAX,-98
RSM00030683,2009-07-08,TMIN,136
RSM00030683,2010-05-15,TMAX,173
RSM00030683,2012-12-27,TMIN,-355
RSM00030683,2013-11-01,TMIN,-135
RSM00030683,2005-06-29,TMIN,140
RSM00030683,2009-04-13,TMIN,-116
RSM00030683,2013-11-01,TMAX,70
RSM00030683,2014-08-14,TMAX,273
RSM00030683,2007-08-31,TMAX,186
RSM00030683,2008-10-20,TMAX,12
RSM00030683,2014-02-06,TMIN,-389
RSM00030683,2015-05-08,TMIN,-37
RSM00030683,2014-02-06,TMAX,-174
RSM00030683,2014-06-20,TMAX,294
RSM00030683,2015-04-04,TMAX,-76
RSM00030683,2015-06-05,TMAX,174
RSM00030683,2012-11-09,TMIN,-62
RSM00030683,2012-12-25,TMAX,-273
RSM00030683,2012-11-09,TMAX,-13
RSM00030683,2008-11-07,TMAX,-94
RSM00030683,2009-01-13,TMAX,-138
RSM00030683,2015-11-01,TMIN,-157
RSM00030683,2007-07-22,TMAX,223
RSM00030683,2008-06-30,TMAX,313
RSM00030683,2008-10-13,TMAX,83
RSM00030683,2015-12-24,TMAX,-223
RSM00030683,2013-11-02,TMIN,-115
RSM00030683,2014-03-01,TMIN,-340
RSM00030683,2014-03-01,TMAX,-140
RSM00030683,2013-11-02,TMAX,75
RSM00030683,2008-05-21,TMIN,47
RSM00030683,2010-03-25,TMIN,-250
RSM00030683,2008-05-21,TMAX,186
RSM00030683,2013-08-31,TMAX,199
RSM00030683,2012-03-15,TMAX,-24
RSM00030683,2009-12-01,TMAX,-229
RSM00030683,2012-03-15,TMIN,-251
RSM00030683,2010-06-16,TMAX,262
RSM00030683,2012-04-18,TMIN,20
RSM00030683,2013-08-06,TMAX,235
RSM00030683,2010-08-29,TMIN,85
RSM00030683,2009-06-08,TMAX,215
RSM00030683,2010-06-16,TMIN,86
RSM00030683,2009-06-08,TMIN,51
RSM00030683,2010-08-29,TMAX,200
RSM00030683,2012-04-18,TMAX,156
RSM00030683,2008-10-19,TMAX,37
RSM00030683,2014-04-15,TMAX,43
RSM00030683,2010-10-17,TMIN,-158
RSM00030683,2015-09-19,TMAX,172
RSM00030683,2006-06-14,TMIN,35
RSM00030683,2014-09-05,TMAX,245
RSM00030683,2015-09-27,TMAX,112
RSM00030683,2015-06-12,TMIN,84
RSM00030683,2008-12-22,TMAX,-268
RSM00030683,2007-03-02,TMAX,-86
RSM00030683,2011-08-06,TMAX,224
RSM00030683,2011-08-06,TMIN,125
RSM00030683,2009-04-17,TMIN,-104
RSM00030683,2006-10-25,TMAX,-40
RSM00030683,2010-01-06,TMAX,-133
RSM00030683,2005-10-09,TMAX,130
RSM00030683,2007-12-02,TMIN,-231
RSM00030683,2014-09-05,TMIN,60
RSM00030683,2009-04-08,TMAX,120
RSM00030683,2008-11-18,TMAX,-144
RSM00030683,2010-07-14,TMAX,231
RSM00030683,2013-02-26,TMAX,-82
RSM00030683,2008-11-02,TMAX,-48
RSM00030683,2014-10-16,TMAX,15
RSM00030683,2013-02-26,TMIN,-236
RSM00030683,2010-03-25,TMAX,-77
RSM00030683,2010-01-25,TMAX,-205
RSM00030683,2013-08-05,TMAX,203
RSM00030683,2011-01-16,TMIN,-320
RSM00030683,2011-01-16,TMAX,-131
RSM00030683,2012-02-19,TMAX,-166
RSM00030683,2013-09-08,TMAX,191
RSM00030683,2013-06-21,TMAX,270
RSM00030683,2015-09-19,TMIN,-10
RSM00030683,2015-03-05,TMIN,-267
RSM00030683,2013-02-17,TMAX,-167
RSM00030683,2010-12-25,TMAX,-190
RSM00030683,2014-04-24,TMAX,244
RSM00030683,2010-02-17,TMIN,-300
RSM00030683,2006-07-02,TMIN,140
RSM00030683,2015-09-13,TMAX,227
RSM00030683,2013-08-20,TMIN,62
RSM00030683,2010-10-03,TMAX,121
RSM00030683,2010-10-03,TMIN,-37
RSM00030683,2009-08-26,TMAX,159
RSM00030683,2006-07-02,TMAX,320
RSM00030683,2007-03-16,TMAX,-63
RSM00030683,2008-04-28,TMAX,83
RSM00030683,2008-08-14,TMAX,257
RSM00030683,2013-08-20,TMAX,256
RSM00030683,2010-06-01,TMAX,269
RSM00030683,2007-02-26,TMAX,-88
RSM00030683,2012-05-29,TMIN,98
RSM00030683,2007-05-18,TMAX,203
RSM00030683,2010-03-26,TMIN,-255
RSM00030683,2010-02-07,TMIN,-313
RSM00030683,2014-05-13,TMAX,191
RSM00030683,2010-03-26,TMAX,-70
RSM00030683,2014-04-24,TMIN,-23
RSM00030683,2007-08-25,TMAX,176
RSM00030683,2015-03-05,TMAX,-107
RSM00030683,2006-06-14,TMAX,206
RSM00030683,2008-12-07,TMAX,-243
RSM00030683,2007-07-06,TMIN,56
RSM00030683,2007-07-06,TMAX,266
RSM00030683,2006-11-12,TMAX,-148
RSM00030683,2014-05-17,TMAX,190
RSM00030683,2013-04-25,TMAX,116
RSM00030683,2011-02-10,TMAX,-145
RSM00030683,2006-12-08,TMAX,-190
RSM00030683,2009-11-09,TMAX,-160
RSM00030683,2015-12-22,TMAX,-190
RSM00030683,2008-07-11,TMAX,205
RSM00030683,2015-09-13,TMIN,-14
RSM00030683,2009-06-02,TMAX,224
RSM00030683,2009-11-09,TMIN,-345
RSM00030683,2015-07-25,TMAX,200
RSM00030683,2006-06-27,TMIN,45
RSM00030683,2006-06-27,TMAX,246
RSM00030683,2014-11-28,TMAX,-202
RSM00030683,2010-10-17,TMAX,3
RSM00030683,2012-04-24,TMAX,110
RSM00030683,2011-02-03,TMAX,-82
RSM00030683,2011-02-10,TMIN,-267
RSM00030683,2014-11-28,TMIN,-359
RSM00030683,2007-10-30,TMIN,-144
RSM00030683,2008-01-28,TMIN,-296
RSM00030683,2009-08-19,TMAX,224
RSM00030683,2007-11-14,TMAX,-90
RSM00030683,2010-06-27,TMAX,336
RSM00030683,2005-01-24,TMAX,-140
RSM00030683,2008-03-16,TMAX,29
RSM00030683,2007-02-18,TMIN,-341
RSM00030683,2009-06-24,TMIN,84
RSM00030683,2012-05-28,TMIN,9
RSM00030683,2005-05-22,TMAX,174
RSM00030683,2013-05-09,TMAX,154
RSM00030683,2010-01-11,TMAX,-144
RSM00030683,2010-01-11,TMIN,-294
RSM00030683,2012-05-30,TMAX,237
RSM00030683,2012-07-06,TMIN,137
RSM00030683,2008-03-16,TMIN,-211
RSM00030683,2007-05-10,TMAX,161
RSM00030683,2005-11-04,TMAX,10
RSM00030683,2014-06-30,TMIN,91
RSM00030683,2012-05-28,TMAX,214
RSM00030683,2010-09-20,TMAX,102
RSM00030683,2012-08-08,TMAX,162
RSM00030683,2007-01-29,TMAX,-110
RSM00030683,2015-08-30,TMAX,259
RSM00030683,2012-07-06,TMAX,270
RSM00030683,2007-05-10,TMIN,-34
RSM00030683,2013-01-23,TMAX,-188
RSM00030683,2009-04-30,TMAX,143
RSM00030683,2010-06-01,TMIN,52
RSM00030683,2012-09-26,TMAX,108
RSM00030683,2005-04-28,TMAX,96
RSM00030683,2013-08-27,TMAX,156
RSM00030683,2014-07-09,TMIN,108
RSM00030683,2009-06-20,TMAX,162
RSM00030683,2005-10-24,TMAX,-45
RSM00030683,2008-06-30,TMIN,104
RSM00030683,2014-07-09,TMAX,279
RSM00030683,2012-11-28,TMAX,-148
RSM00030683,2015-07-28,TMAX,270
RSM00030683,2008-10-10,TMAX,93
RSM00030683,2007-05-17,TMIN,18
RSM00030683,2015-08-05,TMAX,252
RSM00030683,2012-03-31,TMAX,-86
RSM00030683,2010-06-27,TMIN,175
RSM00030683,2010-01-01,TMAX,-258
RSM00030683,2013-05-09,TMIN,40
RSM00030683,2015-08-30,TMIN,66
RSM00030683,2013-08-06,TMIN,145
RSM00030683,2011-12-18,TMAX,-143
RSM00030683,2007-01-21,TMAX,-108
RSM00030683,2011-06-20,TMAX,222
RSM00030683,2014-08-23,TMAX,303
RSM00030683,2011-06-20,TMIN,116
RSM00030683,2014-04-16,TMIN,-96
RSM00030683,2014-04-16,TMAX,59
RSM00030683,2013-10-02,TMAX,-5
RSM00030683,2007-07-22,TMIN,35
RSM00030683,2014-10-17,TMAX,16
RSM00030683,2013-01-23,TMIN,-376
RSM00030683,2012-01-22,TMAX,-217
RSM00030683,2013-10-24,TMAX,71
RSM00030683,2012-02-11,TMAX,-160
RSM00030683,2011-08-14,TMAX,206
RSM00030683,2010-07-13,TMIN,98
RSM00030683,2010-04-27,TMAX,81
RSM00030683,2013-02-12,TMAX,-123
RSM00030683,2009-09-04,TMIN,51
RSM00030683,2008-04-12,TMAX,89
RSM00030683,2009-09-04,TMAX,220
RSM00030683,2008-04-12,TMIN,-90
RSM00030683,2011-08-14,TMIN,45
RSM00030683,2009-09-21,TMIN,10
RSM00030683,2010-07-13,TMAX,273
RSM00030683,2013-02-12,TMIN,-276
RSM00030683,2010-03-20,TMIN,-244
RSM00030683,2006-01-24,TMIN,-310
RSM00030683,2006-01-24,TMAX,-170
RSM00030683,2015-01-21,TMIN,-324
RSM00030683,2010-03-20,TMAX,-21
RSM00030683,2014-07-14,TMAX,253
RSM00030683,2013-09-24,TMAX,113
RSM00030683,2015-06-12,TMAX,287
RSM00030683,2008-12-22,TMIN,-356
RSM00030683,2010-09-04,TMAX,277
RSM00030683,2013-02-27,TMAX,-75
RSM00030683,2009-06-24,TMAX,230
RSM00030683,2009-09-21,TMAX,64
RSM00030683,2006-02-14,TMAX,-143
RSM00030683,2007-02-18,TMAX,-136
RSM00030683,2014-10-17,TMIN,-130
RSM00030683,2011-07-18,TMIN,154
RSM00030683,2014-06-30,TMAX,327
RSM00030683,2010-04-19,TMAX,75
RSM00030683,2011-07-18,TMAX,330
RSM00030683,2009-02-01,TMAX,-241
RSM00030683,2011-08-26,TMAX,244
RSM00030683,2007-01-29,TMIN,-225
RSM00030683,2006-12-29,TMAX,-161
RSM00030683,2006-12-29,TMIN,-319
RSM00030683,2011-08-26,TMIN,99
RSM00030683,2010-08-04,TMAX,180
RSM00030683,2015-02-23,TMAX,-110
RSM00030683,2009-02-01,TMIN,-365
RSM00030683,2008-03-14,TMAX,-50
RSM00030683,2010-01-26,TMIN,-360
RSM00030683,2009-04-30,TMIN,-32
RSM00030683,2015-08-16,TMIN,100
RSM00030683,2010-09-17,TMAX,134
RSM00030683,2015-01-21,TMAX,-199
RSM00030683,2012-03-21,TMAX,-16
RSM00030683,2007-10-03,TMIN,-36
RSM00030683,2007-10-03,TMAX,180
RSM00030683,2015-08-16,TMAX,237
RSM00030683,2008-07-19,TMAX,250
RSM00030683,2012-07-28,TMAX,262
RSM00030683,2007-05-23,TMIN,57
RSM00030683,2012-05-01,TMIN,-55
RSM00030683,2005-09-27,TMAX,220
RSM00030683,2008-11-08,TMAX,-106
RSM00030683,2008-01-15,TMAX,-186
RSM00030683,2009-08-10,TMAX,211
RSM00030683,2011-06-24,TMIN,78
RSM00030683,2006-09-19,TMAX,150
RSM00030683,2008-05-30,TMAX,122
RSM00030683,2012-04-01,TMIN,-240
RSM00030683,2005-09-27,TMIN,2
RSM00030683,2011-06-24,TMAX,283
RSM00030683,2011-12-19,TMIN,-320
RSM00030683,2012-04-19,TMIN,63
RSM00030683,2008-11-10,TMAX,-106
RSM00030683,2015-01-09,TMAX,-165
RSM00030683,2008-10-08,TMAX,44
RSM00030683,2010-03-10,TMAX,-64
RSM00030683,2013-11-09,TMAX,-135
RSM00030683,2009-03-15,TMAX,-51
RSM00030683,2010-03-10,TMIN,-191
RSM00030683,2015-06-11,TMIN,60
RSM00030683,2015-06-11,TMAX,269
RSM00030683,2014-01-10,TMIN,-402
RSM00030683,2014-01-10,TMAX,-226
RSM00030683,2009-12-24,TMAX,-178
RSM00030683,2015-01-01,TMAX,-195
RSM00030683,2013-05-30,TMAX,184
RSM00030683,2008-11-10,TMIN,-240
RSM00030683,2013-12-05,TMAX,-76
RSM00030683,2012-02-23,TMAX,-95
RSM00030683,2008-09-15,TMAX,118
RSM00030683,2006-12-09,TMAX,-220
RSM00030683,2010-08-08,TMIN,62
RSM00030683,2010-08-08,TMAX,255
RSM00030683,2008-11-05,TMAX,-88
RSM00030683,2013-07-06,TMAX,214
RSM00030683,2009-09-09,TMAX,203
RSM00030683,2013-07-06,TMIN,75
RSM00030683,2014-04-29,TMIN,28
RSM00030683,2010-05-19,TMAX,135
RSM00030683,2008-01-15,TMIN,-357
RSM00030683,2008-02-07,TMIN,-258
RSM00030683,2014-12-28,TMAX,-156
RSM00030683,2014-04-29,TMAX,289
RSM00030683,2015-10-10,TMAX,119
RSM00030683,2015-10-10,TMIN,10
RSM00030683,2011-10-01,TMIN,-9
RSM00030683,2011-10-01,TMAX,84
RSM00030683,2015-04-03,TMAX,-95
RSM00030683,2011-12-19,TMAX,-185
RSM00030683,2012-04-01,TMAX,-38
RSM00030683,2014-09-09,TMAX,135
RSM00030683,2012-06-28,TMIN,90
RSM00030683,2008-05-06,TMAX,80
RSM00030683,2012-10-13,TMIN,-66
RSM00030683,2014-02-04,TMAX,-208
RSM00030683,2011-04-03,TMIN,-104
RSM00030683,2013-09-17,TMAX,129
RSM00030683,2015-01-15,TMAX,-148
RSM00030683,2012-08-22,TMAX,156
RSM00030683,2008-10-18,TMAX,17
RSM00030683,2007-12-28,TMIN,-246
RSM00030683,2010-08-12,TMIN,94
RSM00030683,2007-12-28,TMAX,-145
RSM00030683,2013-07-29,TMIN,163
RSM00030683,2013-07-29,TMAX,240
RSM00030683,2008-05-19,TMAX,173
RSM00030683,2012-12-12,TMIN,-286
RSM00030683,2012-01-14,TMIN,-365
RSM00030683,2009-02-24,TMAX,-109
RSM00030683,2011-10-13,TMAX,116
RSM00030683,2012-11-27,TMIN,-333
RSM00030683,2008-12-14,TMAX,-253
RSM00030683,2012-11-27,TMAX,-160
RSM00030683,2008-03-02,TMAX,-10
RSM00030683,2008-03-02,TMIN,-194
RSM00030683,2012-09-12,TMAX,183
RSM00030683,2012-11-29,TMIN,-352
RSM00030683,2007-06-10,TMAX,225
RSM00030683,2013-05-19,TMAX,214
RSM00030683,2012-11-29,TMAX,-193
RSM00030683,2008-10-01,TMAX,131
RSM00030683,2012-03-16,TMAX,-208
RSM00030683,2014-09-27,TMAX,60
RSM00030683,2012-06-28,TMAX,253
RSM00030683,2009-12-24,TMIN,-314
RSM00030683,2006-05-24,TMIN,22
RSM00030683,2009-06-27,TMAX,232
RSM00030683,2008-12-26,TMAX,-218
RSM00030683,2007-06-12,TMAX,175
RSM00030683,2009-06-27,TMIN,88
RSM00030683,2012-04-09,TMAX,58
RSM00030683,2006-05-24,TMAX,231
RSM00030683,2010-02-05,TMAX,-128
RSM00030683,2005-11-23,TMAX,-74
RSM00030683,2012-04-09,TMIN,-93
RSM00030683,2013-05-30,TMIN,2
RSM00030683,2015-05-01,TMAX,57
RSM00030683,2008-12-26,TMIN,-350
RSM00030683,2012-12-12,TMAX,-170
RSM00030683,2009-05-21,TMIN,-30
RSM00030683,2009-05-21,TMAX,205
RSM00030683,2009-03-07,TMIN,-286
RSM00030683,2013-09-02,TMIN,59
RSM00030683,2015-12-12,TMAX,-96
RSM00030683,2012-01-14,TMAX,-215
RSM00030683,2013-09-02,TMAX,255
RSM00030683,2009-03-21,TMIN,-260
RSM00030683,2009-03-21,TMAX,-61
RSM00030683,2015-01-15,TMIN,-321
RSM00030683,2010-10-12,TMIN,-66
RSM00030683,2010-10-12,TMAX,94
RSM00030683,2012-10-13,TMAX,40
RSM00030683,2014-10-18,TMIN,-82
RSM00030683,2014-10-18,TMAX,-8
RSM00030683,2012-08-05,TMIN,117
RSM00030683,2010-03-16,TMAX,-78
RSM00030683,2010-03-16,TMIN,-233
RSM00030683,2010-07-08,TMIN,88
RSM00030683,2012-07-26,TMAX,236
RSM00030683,2012-04-15,TMIN,-127
RSM00030683,2012-02-10,TMIN,-345
RSM00030683,2013-09-28,TMAX,35
RSM00030683,2012-04-15,TMAX,36
RSM00030683,2012-11-24,TMIN,-306
RSM00030683,2010-03-11,TMAX,-103
RSM00030683,2011-02-02,TMIN,-270
RSM00030683,2011-07-03,TMAX,290
RSM00030683,2012-02-29,TMAX,-99
RSM00030683,2010-07-12,TMIN,95
RSM00030683,2012-02-29,TMIN,-275
RSM00030683,2010-07-12,TMAX,261
RSM00030683,2012-02-10,TMAX,-204
RSM00030683,2006-09-03,TMAX,167
RSM00030683,2008-09-22,TMAX,67
RSM00030683,2015-04-28,TMIN,-33
RSM00030683,2015-05-22,TMAX,140
RSM00030683,2012-07-26,TMIN,120
RSM00030683,2015-03-08,TMAX,-124
RSM00030683,2007-05-12,TMIN,48
RSM00030683,2014-05-23,TMAX,170
RSM00030683,2009-10-24,TMAX,-6
RSM00030683,2009-09-24,TMIN,9
RSM00030683,2015-02-19,TMAX,-68
RSM00030683,2005-11-09,TMIN,-224
RSM00030683,2005-11-09,TMAX,-105
RSM00030683,2009-09-20,TMAX,69
RSM00030683,2013-03-07,TMAX,-152
RSM00030683,2009-09-24,TMAX,116
RSM00030683,2014-06-09,TMIN,91
RSM00030683,2008-03-17,TMAX,56
RSM00030683,2012-10-02,TMAX,160
RSM00030683,2005-11-14,TMAX,-83
RSM00030683,2012-11-24,TMAX,-133
RSM00030683,2007-10-28,TMIN,-212
RSM00030683,2009-10-04,TMAX,59
RSM00030683,2012-08-05,TMAX,289
RSM00030683,2007-10-28,TMAX,-25
RSM00030683,2011-08-16,TMIN,22
RSM00030683,2011-07-03,TMIN,76
RSM00030683,2006-12-09,TMIN,-339
RSM00030683,2012-02-28,TMAX,-90
RSM00030683,2007-11-04,TMIN,-117
RSM00030683,2015-02-19,TMIN,-245
RSM00030683,2005-11-14,TMIN,-233
RSM00030683,2014-06-09,TMAX,240
RSM00030683,2008-02-07,TMAX,-45
RSM00030683,2006-09-11,TMIN,-26
RSM00030683,2009-04-12,TMAX,43
RSM00030683,2012-04-19,TMAX,190
RSM00030683,2012-04-11,TMIN,-111
RSM00030683,2015-10-07,TMIN,22
RSM00030683,2006-04-21,TMIN,-13
RSM00030683,2012-08-20,TMAX,94
RSM00030683,2015-10-07,TMAX,159
RSM00030683,2008-12-09,TMIN,-409
RSM00030683,2014-07-31,TMIN,85
RSM00030683,2012-06-30,TMAX,192
RSM00030683,2014-07-31,TMAX,215
RSM00030683,2006-04-21,TMAX,72
RSM00030683,2008-09-08,TMAX,137
RSM00030683,2014-01-09,TMAX,-233
RSM00030683,2008-08-12,TMIN,55
RSM00030683,2011-03-07,TMIN,-129
RSM00030683,2012-10-12,TMIN,-81
RSM00030683,2012-10-12,TMAX,84
RSM00030683,2005-12-31,TMAX,-224
RSM00030683,2014-02-04,TMIN,-409
RSM00030683,2012-06-30,TMIN,123
RSM00030683,2008-06-14,TMAX,291
RSM00030683,2013-03-15,TMAX,-109
RSM00030683,2014-12-28,TMIN,-260
RSM00030683,2008-06-14,TMIN,126
RSM00030683,2008-08-12,TMAX,242
RSM00030683,2008-10-26,TMAX,6
RSM00030683,2007-11-02,TMIN,-188
RSM00030683,2014-03-02,TMAX,-142
RSM00030683,2012-05-22,TMAX,144
RSM00030683,2013-06-19,TMIN,70
RSM00030683,2008-12-08,TMAX,-265
RSM00030683,2007-11-20,TMIN,-321
RSM00030683,2014-05-08,TMIN,-1
RSM00030683,2009-03-29,TMAX,38
RSM00030683,2014-05-08,TMAX,221
RSM00030683,2015-07-23,TMAX,303
RSM00030683,2012-08-28,TMAX,150
RSM00030683,2006-06-10,TMAX,185
RSM00030683,2014-02-28,TMAX,-146
RSM00030683,2007-11-20,TMAX,-187
RSM00030683,2011-04-03,TMAX,118
RSM00030683,2013-09-10,TMAX,119
RSM00030683,2010-02-27,TMAX,-133
RSM00030683,2006-06-10,TMIN,56
RSM00030683,2014-09-17,TMAX,200
RSM00030683,2014-09-17,TMIN,8
RSM00030683,2015-11-29,TMAX,-171
RSM00030683,2012-02-23,TMIN,-310
RSM00030683,2014-01-09,TMIN,-405
RSM00030683,2014-03-02,TMIN,-340
RSM00030683,2015-06-24,TMAX,253
RSM00030683,2015-03-16,TMAX,10
RSM00030683,2007-11-02,TMAX,-23
RSM00030683,2011-06-19,TMIN,110
RSM00030683,2008-12-14,TMIN,-385
RSM00030683,2007-06-10,TMIN,40
RSM00030683,2011-12-23,TMAX,-240
RSM00030683,2007-03-03,TMAX,-83
RSM00030683,2013-10-17,TMAX,82
RSM00030683,2010-04-18,TMAX,71
RSM00030683,2006-09-28,TMAX,178
RSM00030683,2006-09-28,TMIN,-26
RSM00030683,2007-03-03,TMIN,-319
RSM00030683,2010-04-18,TMIN,-91
RSM00030683,2005-05-30,TMAX,240
RSM00030683,2012-10-15,TMAX,-14
RSM00030683,2010-12-13,TMIN,-285
RSM00030683,2013-04-15,TMIN,-84
RSM00030683,2013-08-16,TMAX,183
RSM00030683,2010-03-29,TMIN,-124
RSM00030683,2014-02-08,TMAX,-157
RSM00030683,2006-01-27,TMAX,-151
RSM00030683,2013-06-17,TMAX,263
RSM00030683,2006-08-24,TMIN,42
RSM00030683,2007-07-29,TMIN,115
RSM00030683,2006-08-17,TMIN,40
RSM00030683,2006-08-24,TMAX,181
RSM00030683,2006-12-13,TMAX,-212
RSM00030683,2006-01-27,TMIN,-295
RSM00030683,2006-08-17,TMAX,220
RSM00030683,2011-05-03,TMAX,195
RSM00030683,2013-04-15,TMAX,-1
RSM00030683,2012-12-19,TMIN,-331
RSM00030683,2013-08-16,TMIN,112
RSM00030683,2005-05-30,TMIN,6
RSM00030683,2006-06-30,TMAX,286
RSM00030683,2007-07-29,TMAX,297
RSM00030683,2012-12-04,TMAX,-188
RSM00030683,2008-06-06,TMIN,50
RSM00030683,2014-02-19,TMAX,-128
RSM00030683,2014-02-19,TMIN,-354
RSM00030683,2014-07-29,TMAX,226
RSM00030683,2008-06-06,TMAX,248
RSM00030683,2014-07-21,TMAX,235
RSM00030683,2015-03-22,TMAX,-77
RSM00030683,2007-11-06,TMAX,60
RSM00030683,2013-10-17,TMIN,-108
RSM00030683,2014-03-16,TMIN,-181
RSM00030683,2009-03-13,TMAX,-69
RSM00030683,2013-10-05,TMAX,60
RSM00030683,2012-12-19,TMAX,-207
RSM00030683,2009-03-13,TMIN,-287
RSM00030683,2013-10-05,TMIN,-66
RSM00030683,2014-03-16,TMAX,49
RSM00030683,2008-05-26,TMAX,216
RSM00030683,2013-10-01,TMAX,21
RSM00030683,2008-12-15,TMIN,-293
RSM00030683,2008-12-15,TMAX,-260
RSM00030683,2008-12-11,TMAX,-260
RSM00030683,2015-10-12,TMAX,42
RSM00030683,2011-05-03,TMIN,-17
RSM00030683,2009-04-01,TMAX,71
RSM00030683,2005-11-29,TMAX,-218
RSM00030683,2014-07-01,TMIN,139
RSM00030683,2008-11-21,TMAX,-128
RSM00030683,2009-05-27,TMAX,225
RSM00030683,2009-05-27,TMIN,110
RSM00030683,2013-06-14,TMAX,267
RSM00030683,2008-04-21,TMAX,47
RSM00030683,2013-03-11,TMIN,-242
RSM00030683,2010-12-26,TMIN,-213
RSM00030683,2008-09-06,TMAX,139
RSM00030683,2011-12-01,TMIN,-302
RSM00030683,2005-09-21,TMAX,147
RSM00030683,2005-12-09,TMAX,-174
RSM00030683,2013-03-11,TMAX,-65
RSM00030683,2011-11-26,TMAX,-146
RSM00030683,2007-04-14,TMIN,-57
RSM00030683,2012-05-01,TMAX,105
RSM00030683,2010-09-30,TMAX,68
RSM00030683,2014-06-10,TMAX,271
RSM00030683,2006-08-22,TMAX,176
RSM00030683,2014-06-10,TMIN,125
RSM00030683,2008-11-21,TMIN,-300
RSM00030683,2006-02-27,TMIN,-285
RSM00030683,2007-05-23,TMAX,211
RSM00030683,2006-12-03,TMAX,-152
RSM00030683,2007-04-14,TMAX,78
RSM00030683,2005-12-09,TMIN,-338
RSM00030683,2014-07-01,TMAX,311
RSM00030683,2005-09-21,TMIN,0
RSM00030683,2013-04-11,TMAX,66
RSM00030683,2013-07-01,TMAX,275
RSM00030683,2010-03-29,TMAX,25
RSM00030683,2006-07-07,TMAX,249
RSM00030683,2007-06-27,TMAX,246
RSM00030683,2012-08-10,TMAX,179
RSM00030683,2013-01-02,TMAX,-163
RSM00030683,2009-10-17,TMAX,22
RSM00030683,2013-06-17,TMIN,84
RSM00030683,2010-08-12,TMAX,256
RSM00030683,2008-01-06,TMAX,-178
RSM00030683,2012-08-26,TMAX,144
RSM00030683,2010-04-10,TMAX,-37
RSM00030683,2013-05-05,TMAX,184
RSM00030683,2013-07-10,TMAX,212
RSM00030683,2013-05-05,TMIN,4
RSM00030683,2010-08-18,TMIN,133
RSM00030683,2013-06-14,TMIN,77
RSM00030683,2011-07-27,TMAX,286
RSM00030683,2010-08-18,TMAX,237
RSM00030683,2007-11-07,TMAX,50
RSM00030683,2012-08-26,TMIN,15
RSM00030683,2011-07-27,TMIN,184
RSM00030683,2010-10-18,TMIN,-146
RSM00030683,2005-01-09,TMIN,-294
RSM00030683,2006-06-30,TMIN,95
RSM00030683,2006-06-15,TMAX,214
RSM00030683,2005-09-01,TMAX,75
RSM00030683,2008-10-28,TMAX,7
RSM00030683,2011-03-11,TMAX,-48
RSM00030683,2010-05-21,TMIN,0
RSM00030683,2010-05-21,TMAX,173
RSM00030683,2008-07-28,TMAX,266
RSM00030683,2015-08-04,TMAX,222
RSM00030683,2007-04-19,TMAX,80
RSM00030683,2007-04-19,TMIN,7
RSM00030683,2014-01-08,TMAX,-209
RSM00030683,2007-09-28,TMAX,135
RSM00030683,2012-05-17,TMIN,2
RSM00030683,2007-08-21,TMAX,209
RSM00030683,2012-01-11,TMIN,-380
RSM00030683,2013-01-24,TMAX,-199
RSM00030683,2012-05-17,TMAX,245
RSM00030683,2009-10-29,TMAX,-83
RSM00030683,2010-12-10,TMAX,-256
RSM00030683,2008-11-27,TMIN,-280
RSM00030683,2009-01-09,TMIN,-350
RSM00030683,2007-09-28,TMIN,15
RSM00030683,2007-08-21,TMIN,75
RSM00030683,2005-12-01,TMIN,-337
RSM00030683,2005-12-01,TMAX,-190
RSM00030683,2008-11-27,TMAX,-150
RSM00030683,2007-07-31,TMAX,209
RSM00030683,2006-05-22,TMAX,243
RSM00030683,2014-04-09,TMIN,-90
RSM00030683,2012-01-11,TMAX,-270
RSM00030683,2009-10-08,TMAX,167
RSM00030683,2012-09-12,TMIN,0
RSM00030683,2011-01-27,TMIN,-282
RSM00030683,2012-09-06,TMAX,217
RSM00030683,2011-06-19,TMAX,249
RSM00030683,2012-09-06,TMIN,23
RSM00030683,2011-12-23,TMIN,-393
RSM00030683,2014-12-26,TMAX,-125
RSM00030683,2015-07-17,TMIN,94
RSM00030683,2014-01-17,TMIN,-315
RSM00030683,2014-01-17,TMAX,-160
RSM00030683,2015-07-17,TMAX,324
RSM00030683,2011-01-12,TMAX,-217
RSM00030683,2009-02-24,TMIN,-349
RSM00030683,2011-04-05,TMAX,57
RSM00030683,2015-12-12,TMIN,-271
RSM00030683,2009-05-16,TMAX,202
RSM00030683,2006-07-22,TMIN,100
RSM00030683,2012-08-13,TMAX,240
RSM00030683,2006-07-22,TMAX,166
RSM00030683,2012-08-13,TMIN,52
RSM00030683,2011-01-12,TMIN,-365
RSM00030683,2011-03-11,TMIN,-210
RSM00030683,2012-11-03,TMAX,-55
RSM00030683,2009-10-08,TMIN,-29
RSM00030683,2010-10-14,TMAX,-21
RSM00030683,2010-10-31,TMAX,-40
RSM00030683,2008-11-14,TMAX,-134
RSM00030683,2008-11-14,TMIN,-230
RSM00030683,2015-01-28,TMAX,-153
RSM00030683,2013-04-23,TMIN,-15
RSM00030683,2010-04-08,TMAX,32
RSM00030683,2008-05-26,TMIN,50
RSM00030683,2006-03-29,TMAX,-14
RSM00030683,2012-10-21,TMAX,5
RSM00030683,2006-01-11,TMAX,-235
RSM00030683,2012-10-19,TMAX,-20
RSM00030683,2006-11-15,TMAX,-83
RSM00030683,2006-03-29,TMIN,-223
RSM00030683,2012-11-23,TMAX,-150
RSM00030683,2007-07-28,TMAX,281
RSM00030683,2013-03-05,TMAX,11
RSM00030683,2007-08-24,TMAX,143
RSM00030683,2009-05-20,TMAX,174
RSM00030683,2011-05-23,TMAX,200
RSM00030683,2014-10-03,TMAX,80
RSM00030683,2012-11-23,TMIN,-320
RSM00030683,2006-01-11,TMIN,-366
RSM00030683,2012-07-15,TMAX,241
RSM00030683,2011-01-27,TMAX,-170
RSM00030683,2005-09-01,TMIN,16
RSM00030683,2007-11-06,TMIN,-116
RSM00030683,2007-07-31,TMIN,72
RSM00030683,2011-05-23,TMIN,-9
RSM00030683,2015-01-28,TMIN,-330
RSM00030683,2013-09-14,TMAX,121
RSM00030683,2013-04-23,TMAX,124
RSM00030683,2014-04-09,TMAX,100
RSM00030683,2012-09-28,TMAX,127
RSM00030683,2015-05-17,TMIN,-6
RSM00030683,2015-05-17,TMAX,158
RSM00030683,2005-12-14,TMIN,-230
RSM00030683,2007-11-07,TMIN,-120
RSM00030683,2013-12-29,TMAX,-156
RSM00030683,2015-10-17,TMAX,25
RSM00030683,2009-09-28,TMAX,119
RSM00030683,2012-10-19,TMIN,-106
RSM00030683,2008-10-18,TMIN,-34
RSM00030683,2014-07-15,TMIN,85
RSM00030683,2014-08-01,TMAX,198
RSM00030683,2011-05-24,TMAX,212
RSM00030683,2011-05-24,TMIN,4
RSM00030683,2010-07-19,TMIN,174
RSM00030683,2011-10-14,TMAX,127
RSM00030683,2005-12-14,TMAX,-140
RSM00030683,2011-10-14,TMIN,-70
RSM00030683,2007-11-10,TMAX,10
RSM00030683,2005-09-26,TMAX,216
RSM00030683,2010-07-19,TMAX,230
RSM00030683,2014-07-15,TMAX,266
RSM00030683,2013-03-05,TMIN,-201
RSM00030683,2013-09-14,TMIN,-20
RSM00030683,2007-11-10,TMIN,-170
RSM00030683,2015-01-08,TMIN,-322
RSM00030683,2006-10-06,TMAX,160
RSM00030683,2008-09-04,TMAX,200
RSM00030683,2013-01-01,TMIN,-355
RSM00030683,2013-01-01,TMAX,-181
RSM00030683,2010-06-14,TMAX,270
RSM00030683,2005-04-03,TMIN,-72
RSM00030683,2008-11-11,TMAX,-41
RSM00030683,2010-08-13,TMAX,244
RSM00030683,2009-09-10,TMAX,145
RSM00030683,2006-10-20,TMAX,-25
RSM00030683,2006-10-20,TMIN,-186
RSM00030683,2009-10-23,TMAX,-2
RSM00030683,2011-08-02,TMAX,212
RSM00030683,2015-10-08,TMAX,54
RSM00030683,2014-02-25,TMAX,-15
RSM00030683,2011-12-11,TMAX,-116
RSM00030683,2014-11-16,TMAX,-41
RSM00030683,2011-11-29,TMAX,-177
RSM00030683,2011-11-16,TMAX,-115
RSM00030683,2013-02-07,TMAX,-142
RSM00030683,2007-12-26,TMAX,-182
RSM00030683,2006-04-30,TMIN,17
RSM00030683,2010-03-02,TMAX,-122
RSM00030683,2008-05-20,TMAX,100
RSM00030683,2011-11-16,TMIN,-286
RSM00030683,2015-05-20,TMIN,0
RSM00030683,2007-07-16,TMAX,165
RSM00030683,2011-02-26,TMAX,-103
RSM00030683,2015-07-06,TMIN,113
RSM00030683,2007-01-22,TMAX,-134
RSM00030683,2006-08-06,TMAX,260
RSM00030683,2007-08-15,TMAX,296
RSM00030683,2010-05-30,TMAX,246
RSM00030683,2014-12-08,TMAX,-202
RSM00030683,2015-01-26,TMAX,-183
RSM00030683,2007-08-15,TMIN,118
RSM00030683,2006-10-31,TMAX,-30
RSM00030683,2006-08-18,TMAX,256
RSM00030683,2009-08-31,TMAX,215
RSM00030683,2014-10-15,TMAX,25
RSM00030683,2011-05-20,TMAX,67
RSM00030683,2008-08-25,TMAX,173
RSM00030683,2012-05-16,TMIN,9
RSM00030683,2006-04-30,TMAX,80
RSM00030683,2009-07-21,TMAX,222
RSM00030683,2010-06-14,TMIN,77
RSM00030683,2007-01-22,TMIN,-285
RSM00030683,2012-06-05,TMAX,270
RSM00030683,2009-08-31,TMIN,24
RSM00030683,2012-05-16,TMAX,215
RSM00030683,2014-02-25,TMIN,-147
RSM00030683,2006-10-31,TMIN,-186
RSM00030683,2006-06-19,TMAX,235
RSM00030683,2015-07-06,TMAX,348
RSM00030683,2006-02-13,TMIN,-292
RSM00030683,2008-10-25,TMAX,-1
RSM00030683,2006-08-02,TMAX,292
RSM00030683,2007-02-02,TMAX,-88
RSM00030683,2006-09-23,TMIN,-35
RSM00030683,2009-10-12,TMAX,112
RSM00030683,2005-12-03,TMIN,-171
RSM00030683,2007-09-06,TMAX,270
RSM00030683,2015-07-10,TMAX,310
RSM00030683,2014-12-01,TMAX,-198
RSM00030683,2005-12-03,TMAX,-95
RSM00030683,2011-08-24,TMAX,279
RSM00030683,2011-11-14,TMIN,-284
RSM00030683,2007-10-26,TMIN,-196
RSM00030683,2010-04-16,TMAX,18
RSM00030683,2011-11-14,TMAX,-94
RSM00030683,2015-10-21,TMIN,-145
RSM00030683,2010-11-11,TMAX,-53
RSM00030683,2014-05-30,TMAX,214
RSM00030683,2010-01-30,TMIN,-372
RSM00030683,2015-03-01,TMIN,-248
RSM00030683,2011-08-24,TMIN,82
RSM00030683,2015-09-07,TMAX,195
RSM00030683,2010-01-30,TMAX,-210
RSM00030683,2008-11-04,TMAX,-84
RSM00030683,2010-08-13,TMIN,102
RSM00030683,2012-03-25,TMIN,-209
RSM00030683,2014-07-23,TMIN,54
RSM00030683,2006-08-21,TMAX,174
RSM00030683,2013-09-19,TMAX,94
RSM00030683,2013-10-31,TMAX,53
RSM00030683,2013-10-31,TMIN,-133
RSM00030683,2013-12-27,TMAX,-176
RSM00030683,2006-09-12,TMAX,160
RSM00030683,2011-08-04,TMAX,250
RSM00030683,2015-06-23,TMAX,279
RSM00030683,2011-02-11,TMAX,-150
RSM00030683,2007-02-02,TMIN,-253
RSM00030683,2014-07-16,TMIN,108
RSM00030683,2013-10-15,TMAX,37
RSM00030683,2011-08-04,TMIN,117
RSM00030683,2014-09-20,TMAX,218
RSM00030683,2008-05-05,TMAX,86
RSM00030683,2008-08-08,TMAX,177
RSM00030683,2006-09-23,TMAX,139
RSM00030683,2010-02-08,TMAX,-109
RSM00030683,2009-06-17,TMAX,203
RSM00030683,2009-11-12,TMAX,-104
RSM00030683,2014-12-01,TMIN,-284
RSM00030683,2013-10-15,TMIN,-138
RSM00030683,2009-11-12,TMIN,-288
RSM00030683,2008-12-04,TMAX,-224
RSM00030683,2011-06-17,TMIN,56
RSM00030683,2014-07-16,TMAX,292
RSM00030683,2008-11-04,TMIN,-246
RSM00030683,2006-07-26,TMAX,325
RSM00030683,2006-07-26,TMIN,95
RSM00030683,2014-12-08,TMIN,-334
RSM00030683,2015-03-15,TMIN,-151
RSM00030683,2009-03-30,TMAX,69
RSM00030683,2008-11-15,TMAX,-116
RSM00030683,2015-09-05,TMAX,235
RSM00030683,2006-09-02,TMIN,-15
RSM00030683,2007-02-11,TMIN,-295
RSM00030683,2011-10-09,TMAX,96
RSM00030683,2014-10-13,TMIN,-155
RSM00030683,2015-06-04,TMAX,161
RSM00030683,2009-07-24,TMAX,255
RSM00030683,2012-01-12,TMAX,-222
RSM00030683,2015-05-21,TMAX,178
RSM00030683,2008-10-07,TMAX,95
RSM00030683,2007-07-13,TMIN,143
RSM00030683,2015-12-04,TMIN,-262
RSM00030683,2008-04-14,TMAX,-3
RSM00030683,2014-10-13,TMAX,30
RSM00030683,2008-10-07,TMIN,-22
RSM00030683,2012-08-19,TMAX,178
RSM00030683,2012-08-19,TMIN,50
RSM00030683,2009-10-20,TMIN,-137
RSM00030683,2009-10-20,TMAX,25
RSM00030683,2010-05-28,TMAX,219
RSM00030683,2007-02-11,TMAX,-88
RSM00030683,2015-10-30,TMAX,12
RSM00030683,2015-05-20,TMAX,209
RSM00030683,2006-08-18,TMIN,46
RSM00030683,2006-05-02,TMAX,157
RSM00030683,2011-10-05,TMAX,92
RSM00030683,2007-07-13,TMAX,254
RSM00030683,2007-02-12,TMAX,-95
RSM00030683,2010-08-25,TMIN,77
RSM00030683,2014-10-02,TMAX,82
RSM00030683,2013-11-24,TMAX,-68
RSM00030683,2006-06-12,TMAX,156
RSM00030683,2010-06-13,TMAX,214
RSM00030683,2012-12-24,TMAX,-246
RSM00030683,2015-12-27,TMIN,-349
RSM00030683,2015-12-27,TMAX,-189
RSM00030683,2007-09-27,TMAX,90
RSM00030683,2011-03-19,TMAX,-69
RSM00030683,2006-09-02,TMAX,165
RSM00030683,2015-08-12,TMAX,267
RSM00030683,2006-10-04,TMIN,-92
RSM00030683,2006-10-04,TMAX,75
RSM00030683,2008-11-09,TMIN,-283
RSM00030683,2014-12-05,TMAX,-155
RSM00030683,2014-10-02,TMIN,-55
RSM00030683,2011-01-22,TMAX,-131
RSM00030683,2015-06-08,TMIN,56
RSM00030683,2005-12-11,TMIN,-314
RSM00030683,2015-12-04,TMAX,-106
RSM00030683,2006-09-25,TMAX,108
RSM00030683,2015-04-21,TMAX,73
RSM00030683,2007-02-12,TMIN,-240
RSM00030683,2006-05-02,TMIN,-43
RSM00030683,2010-05-28,TMIN,110
RSM00030683,2011-06-15,TMIN,106
RSM00030683,2010-05-27,TMAX,266
RSM00030683,2008-03-27,TMIN,-54
RSM00030683,2011-09-11,TMAX,239
RSM00030683,2015-04-11,TMIN,-179
RSM00030683,2014-07-23,TMAX,211
RSM00030683,2010-10-23,TMAX,-10
RSM00030683,2006-09-20,TMAX,189
RSM00030683,2008-08-11,TMAX,207
RSM00030683,2008-08-11,TMIN,55
RSM00030683,2013-10-20,TMAX,80
RSM00030683,2011-09-11,TMIN,4
RSM00030683,2013-10-20,TMIN,-105
RSM00030683,2005-11-10,TMAX,-78
RSM00030683,2015-03-11,TMAX,-77
RSM00030683,2006-09-20,TMIN,-32
RSM00030683,2007-10-04,TMAX,190
RSM00030683,2011-09-09,TMAX,130
RSM00030683,2011-09-09,TMIN,-19
RSM00030683,2008-06-04,TMAX,213
RSM00030683,2008-06-04,TMIN,64
RSM00030683,2005-02-13,TMAX,-111
RSM00030683,2006-08-06,TMIN,145
RSM00030683,2007-10-04,TMIN,-20
RSM00030683,2009-03-30,TMIN,-137
RSM00030683,2010-05-27,TMIN,40
RSM00030683,2015-05-03,TMIN,10
RSM00030683,2012-08-18,TMAX,218
RSM00030683,2015-04-11,TMAX,-9
RSM00030683,2011-08-11,TMIN,51
RSM00030683,2011-08-11,TMAX,227
RSM00030683,2011-07-11,TMAX,281
RSM00030683,2015-05-21,TMIN,9
RSM00030683,2010-11-21,TMAX,-92
RSM00030683,2015-03-15,TMAX,12
RSM00030683,2007-10-20,TMIN,-120
RSM00030683,2010-09-23,TMIN,-99
RSM00030683,2015-05-30,TMAX,152
RSM00030683,2008-07-23,TMAX,326
RSM00030683,2009-10-25,TMAX,-20
RSM00030683,2008-07-23,TMIN,84
RSM00030683,2010-09-23,TMAX,78
RSM00030683,2014-04-06,TMAX,156
RSM00030683,2005-04-03,TMAX,102
RSM00030683,2014-04-06,TMIN,-72
RSM00030683,2006-08-26,TMAX,206
RSM00030683,2008-03-27,TMAX,77
RSM00030683,2014-06-13,TMAX,280
RSM00030683,2008-11-09,TMAX,-103
RSM00030683,2014-06-13,TMIN,116
RSM00030683,2013-08-22,TMAX,262
RSM00030683,2015-03-11,TMIN,-235
RSM00030683,2011-08-20,TMAX,240
RSM00030683,2011-08-20,TMIN,57
RSM00030683,2015-03-01,TMAX,-48
RSM00030683,2006-09-18,TMAX,160
RSM00030683,2012-03-25,TMAX,8
RSM00030683,2009-05-12,TMAX,66
RSM00030683,2014-11-17,TMAX,-79
RSM00030683,2006-11-27,TMAX,-192
RSM00030683,2007-01-27,TMAX,-110
RSM00030683,2013-08-11,TMIN,114
RSM00030683,2013-08-11,TMAX,240
RSM00030683,2009-07-26,TMAX,294
RSM00030683,2008-08-04,TMIN,108
RSM00030683,2005-12-04,TMAX,-83
RSM00030683,2009-05-02,TMAX,81
RSM00030683,2012-09-08,TMAX,192
RSM00030683,2014-09-26,TMIN,-23
RSM00030683,2009-10-15,TMIN,-54
RSM00030683,2012-03-02,TMAX,-125
RSM00030683,2012-03-02,TMIN,-340
RSM00030683,2010-09-16,TMAX,89
RSM00030683,2014-08-02,TMAX,210
RSM00030683,2012-07-24,TMAX,247
RSM00030683,2011-09-01,TMIN,-15
RSM00030683,2006-03-23,TMIN,-227
RSM00030683,2010-09-16,TMIN,-51
RSM00030683,2010-04-21,TMAX,65
RSM00030683,2012-05-24,TMAX,131
RSM00030683,2014-08-02,TMIN,90
RSM00030683,2011-03-13,TMAX,-63
RSM00030683,2009-05-02,TMIN,-30
RSM00030683,2011-09-01,TMAX,176
RSM00030683,2013-12-23,TMIN,-267
RSM00030683,2008-01-14,TMIN,-352
RSM00030683,2011-05-01,TMAX,188
RSM00030683,2014-12-20,TMAX,-199
RSM00030683,2005-06-20,TMAX,237
RSM00030683,2015-08-29,TMIN,84
RSM00030683,2015-08-02,TMIN,157
RSM00030683,2009-11-06,TMAX,-25
RSM00030683,2014-11-17,TMIN,-235
RSM00030683,2009-08-05,TMIN,60
RSM00030683,2015-08-02,TMAX,242
RSM00030683,2009-08-05,TMAX,250
RSM00030683,2011-09-18,TMIN,-17
RSM00030683,2012-07-29,TMIN,104
RSM00030683,2011-09-18,TMAX,176
RSM00030683,2007-12-01,TMAX,-134
RSM00030683,2006-10-11,TMIN,-154
RSM00030683,2008-09-21,TMIN,-32
RSM00030683,2012-07-29,TMAX,259
RSM00030683,2009-02-02,TMAX,-192
RSM00030683,2008-08-04,TMAX,192
RSM00030683,2008-09-21,TMAX,65
RSM00030683,2015-05-03,TMAX,86
RSM00030683,2008-01-14,TMAX,-190
RSM00030683,2013-01-09,TMAX,-208
RSM00030683,2013-12-23,TMAX,-136
RSM00030683,2009-12-02,TMIN,-376
RSM00030683,2006-03-23,TMAX,-33
RSM00030683,2006-11-10,TMAX,-80
RSM00030683,2015-05-04,TMAX,79
RSM00030683,2015-12-18,TMIN,-323
RSM00030683,2006-07-21,TMIN,79
RSM00030683,2008-01-29,TMAX,-119
RSM00030683,2015-01-13,TMIN,-281
RSM00030683,2015-01-13,TMAX,-106
RSM00030683,2010-07-29,TMIN,117
RSM00030683,2010-07-29,TMAX,262
RSM00030683,2013-05-25,TMAX,195
RSM00030683,2006-07-21,TMAX,171
RSM00030683,2011-01-01,TMAX,-146
RSM00030683,2005-04-24,TMAX,124
RSM00030683,2007-01-24,TMIN,-226
RSM00030683,2015-08-27,TMAX,280
RSM00030683,2010-04-05,TMIN,-186
RSM00030683,2005-04-24,TMIN,-42
RSM00030683,2015-11-23,TMAX,-146
RSM00030683,2015-06-18,TMAX,275
RSM00030683,2015-11-23,TMIN,-329
RSM00030683,2015-12-03,TMAX,-142
RSM00030683,2012-11-18,TMIN,-295
RSM00030683,2006-07-14,TMIN,137
RSM00030683,2006-07-14,TMAX,197
RSM00030683,2007-11-15,TMAX,-83
RSM00030683,2006-12-23,TMAX,-151
RSM00030683,2007-08-06,TMAX,287
RSM00030683,2014-12-11,TMIN,-330
RSM00030683,2009-05-07,TMAX,118
RSM00030683,2011-10-03,TMIN,-54
RSM00030683,2013-04-04,TMIN,-206
RSM00030683,2013-01-09,TMIN,-390
RSM00030683,2013-04-04,TMAX,-24
RSM00030683,2007-11-25,TMAX,-95
RSM00030683,2009-09-27,TMAX,104
RSM00030683,2009-07-26,TMIN,112
RSM00030683,2008-03-20,TMIN,-240
RSM00030683,2006-04-28,TMIN,-38
RSM00030683,2011-10-23,TMAX,39
RSM00030683,2008-03-20,TMAX,-35
RSM00030683,2011-07-15,TMAX,270
RSM00030683,2011-07-15,TMIN,138
RSM00030683,2009-05-25,TMAX,168
RSM00030683,2012-06-26,TMAX,267
RSM00030683,2005-10-23,TMAX,15
RSM00030683,2006-04-28,TMAX,129
RSM00030683,2014-01-20,TMAX,-140
RSM00030683,2011-10-03,TMAX,151
RSM00030683,2010-08-15,TMAX,237
RSM00030683,2010-11-14,TMAX,-52
RSM00030683,2012-03-29,TMAX,-4
RSM00030683,2014-01-15,TMAX,-214
RSM00030683,2010-06-04,TMAX,236
RSM00030683,2009-05-07,TMIN,-21
RSM00030683,2015-09-10,TMAX,103
RSM00030683,2014-12-20,TMIN,-346
RSM00030683,2010-08-25,TMAX,272
RSM00030683,2010-10-25,TMAX,-52
RSM00030683,2010-07-18,TMAX,271
RSM00030683,2011-03-28,TMAX,124
RSM00030683,2006-05-19,TMAX,187
RSM00030683,2015-01-17,TMAX,-89
RSM00030683,2014-12-07,TMAX,-172
RSM00030683,2012-01-07,TMIN,-334
RSM00030683,2005-03-20,TMAX,2
RSM00030683,2015-01-02,TMIN,-328
RSM00030683,2008-05-25,TMAX,214
RSM00030683,2014-06-08,TMIN,71
RSM00030683,2015-09-22,TMAX,109
RSM00030683,2013-03-12,TMAX,-69
RSM00030683,2005-03-13,TMAX,63
RSM00030683,2014-09-12,TMIN,45
RSM00030683,2005-03-20,TMIN,-145
RSM00030683,2014-06-08,TMAX,243
RSM00030683,2011-03-28,TMIN,-80
RSM00030683,2012-07-04,TMAX,271
RSM00030683,2012-08-09,TMIN,96
RSM00030683,2012-01-07,TMAX,-185
RSM00030683,2007-01-16,TMIN,-325
RSM00030683,2012-08-15,TMAX,182
RSM00030683,2014-09-12,TMAX,160
RSM00030683,2015-01-02,TMAX,-197
RSM00030683,2012-08-15,TMIN,68
RSM00030683,2008-05-25,TMIN,15
RSM00030683,2012-07-04,TMIN,120
RSM00030683,2013-06-20,TMIN,96
RSM00030683,2014-12-07,TMIN,-329
RSM00030683,2009-05-12,TMIN,-7
RSM00030683,2009-01-17,TMIN,-314
RSM00030683,2009-01-17,TMAX,-178
RSM00030683,2015-02-16,TMIN,-248
RSM00030683,2007-10-26,TMAX,-18
RSM00030683,2009-10-15,TMAX,97
RSM00030683,2014-09-13,TMAX,125
RSM00030683,2010-04-22,TMIN,-68
RSM00030683,2011-01-15,TMAX,-214
RSM00030683,2010-04-16,TMIN,-126
RSM00030683,2010-09-14,TMAX,176
RSM00030683,2014-04-30,TMAX,131
RSM00030683,2014-09-29,TMIN,-86
RSM00030683,2015-09-07,TMIN,37
RSM00030683,2015-10-13,TMAX,76
RSM00030683,2015-10-13,TMIN,-72
RSM00030683,2007-09-05,TMAX,247
RSM00030683,2015-02-16,TMAX,-64
RSM00030683,2007-12-03,TMAX,-100
RSM00030683,2012-10-10,TMAX,30
RSM00030683,2007-12-10,TMAX,-152
RSM00030683,2013-06-20,TMAX,239
RSM00030683,2011-01-15,TMIN,-380
RSM00030683,2005-03-13,TMIN,-166
RSM00030683,2014-09-29,TMAX,71
RSM00030683,2015-08-18,TMIN,151
RSM00030683,2013-03-03,TMIN,-265
RSM00030683,2007-01-16,TMAX,-191
RSM00030683,2009-12-16,TMAX,-173
RSM00030683,2014-08-08,TMAX,242
RSM00030683,2011-11-23,TMAX,-100
RSM00030683,2011-12-05,TMIN,-287
RSM00030683,2013-11-08,TMIN,-212
RSM00030683,2013-11-08,TMAX,-142
RSM00030683,2011-12-05,TMAX,-135
RSM00030683,2010-01-05,TMIN,-291
RSM00030683,2011-08-19,TMAX,230
RSM00030683,2015-01-14,TMAX,-142
RSM00030683,2010-01-05,TMAX,-160
RSM00030683,2009-12-16,TMIN,-286
RSM00030683,2007-06-28,TMAX,248
RSM00030683,2006-11-06,TMIN,-167
RSM00030683,2006-11-06,TMAX,-70
RSM00030683,2012-09-10,TMAX,172
RSM00030683,2010-04-22,TMAX,114
RSM00030683,2013-07-28,TMAX,198
RSM00030683,2015-09-01,TMAX,201
RSM00030683,2006-02-12,TMIN,-293
RSM00030683,2006-08-16,TMIN,26
RSM00030683,2006-08-16,TMAX,185
RSM00030683,2011-08-19,TMIN,56
RSM00030683,2012-02-06,TMAX,-179
RSM00030683,2007-06-28,TMIN,94
RSM00030683,2006-03-12,TMAX,-84
RSM00030683,2014-08-08,TMIN,62
RSM00030683,2008-01-29,TMIN,-260
RSM00030683,2015-08-18,TMAX,216
RSM00030683,2014-02-05,TMIN,-391
RSM00030683,2013-03-03,TMAX,-47
RSM00030683,2015-01-06,TMAX,-176
RSM00030683,2011-03-15,TMAX,-21
RSM00030683,2014-10-24,TMIN,-93
RSM00030683,2005-09-11,TMAX,196
RSM00030683,2007-03-25,TMAX,-40
RSM00030683,2011-03-15,TMIN,-219
RSM00030683,2012-08-09,TMAX,120
RSM00030683,2014-10-24,TMAX,27
RSM00030683,2012-11-11,TMAX,-30
RSM00030683,2005-09-11,TMIN,0
RSM00030683,2012-10-26,TMAX,8
RSM00030683,2006-10-17,TMAX,16
RSM00030683,2006-10-17,TMIN,-154
RSM00030683,2011-06-17,TMAX,301
RSM00030683,2013-10-14,TMAX,-20
RSM00030683,2012-04-20,TMAX,135
RSM00030683,2012-10-26,TMIN,-75
RSM00030683,2012-12-09,TMAX,-108
RSM00030683,2009-12-02,TMAX,-249
RSM00030683,2013-09-01,TMAX,227
RSM00030683,2006-08-15,TMAX,171
RSM00030683,2013-09-01,TMIN,20
RSM00030683,2010-07-18,TMIN,126
RSM00030683,2013-11-24,TMIN,-263
RSM00030683,2015-10-30,TMIN,-155
RSM00030683,2010-12-01,TMIN,-345
RSM00030683,2008-12-13,TMAX,-254
RSM00030683,2012-11-06,TMIN,-189
RSM00030683,2012-11-06,TMAX,-37
RSM00030683,2008-03-13,TMAX,-25
RSM00030683,2010-08-30,TMIN,82
RSM00030683,2012-11-30,TMIN,-359
RSM00030683,2014-01-13,TMIN,-388
RSM00030683,2014-01-13,TMAX,-226
RSM00030683,2015-02-03,TMAX,-133
RSM00030683,2011-07-06,TMAX,271
RSM00030683,2008-03-13,TMIN,-208
RSM00030683,2009-03-22,TMAX,-115
RSM00030683,2015-10-06,TMAX,171
RSM00030683,2013-10-16,TMIN,-130
RSM00030683,2010-11-25,TMAX,-140
RSM00030683,2015-04-13,TMAX,134
RSM00030683,2013-10-16,TMAX,54
RSM00030683,2010-08-30,TMAX,146
RSM00030683,2005-09-08,TMIN,30
RSM00030683,2009-01-05,TMIN,-270
RSM00030683,2014-10-22,TMIN,-156
RSM00030683,2015-06-13,TMAX,281
RSM00030683,2007-11-23,TMAX,-163
RSM00030683,2012-11-30,TMAX,-205
RSM00030683,2007-03-07,TMAX,-84
RSM00030683,2007-03-07,TMIN,-180
RSM00030683,2011-11-04,TMAX,-13
RSM00030683,2006-12-20,TMIN,-296
RSM00030683,2013-02-19,TMAX,-151
RSM00030683,2005-04-30,TMAX,103
RSM00030683,2010-08-03,TMIN,49
RSM00030683,2015-06-14,TMIN,80
RSM00030683,2013-01-29,TMIN,-354
RSM00030683,2013-10-30,TMAX,16
RSM00030683,2010-03-24,TMAX,-70
RSM00030683,2013-01-29,TMAX,-195
RSM00030683,2011-02-22,TMIN,-126
RSM00030683,2007-10-20,TMAX,-30
RSM00030683,2008-10-14,TMAX,60
RSM00030683,2008-10-14,TMIN,-96
RSM00030683,2006-01-07,TMIN,-343
RSM00030683,2005-06-26,TMAX,267
RSM00030683,2010-12-19,TMAX,-290
RSM00030683,2005-06-26,TMIN,58
RSM00030683,2015-06-14,TMAX,286
RSM00030683,2006-03-19,TMAX,18
RSM00030683,2008-09-24,TMAX,110
RSM00030683,2006-03-19,TMIN,-214
RSM00030683,2008-09-24,TMIN,-38
RSM00030683,2006-01-07,TMAX,-187
RSM00030683,2011-11-04,TMIN,-196
RSM00030683,2014-04-18,TMAX,150
RSM00030683,2014-04-18,TMIN,-78
RSM00030683,2007-11-23,TMIN,-280
RSM00030683,2015-11-02,TMAX,49
RSM00030683,2005-09-08,TMAX,176
RSM00030683,2014-10-22,TMAX,13
RSM00030683,2009-08-11,TMIN,141
RSM00030683,2008-05-18,TMAX,115
RSM00030683,2010-10-02,TMAX,86
RSM00030683,2009-07-04,TMIN,81
RSM00030683,2007-11-19,TMIN,-328
RSM00030683,2007-06-24,TMAX,182
RSM00030683,2006-10-14,TMIN,-107
RSM00030683,2006-10-14,TMAX,43
RSM00030683,2012-02-24,TMAX,-101
RSM00030683,2012-02-24,TMIN,-280
RSM00030683,2010-06-09,TMAX,254
RSM00030683,2013-04-24,TMAX,130
RSM00030683,2010-06-09,TMIN,23
RSM00030683,2015-06-01,TMAX,172
RSM00030683,2006-06-08,TMAX,126
RSM00030683,2011-05-10,TMIN,-3
RSM00030683,2008-11-20,TMIN,-330
RSM00030683,2011-07-06,TMIN,127
RSM00030683,2013-09-21,TMAX,133
RSM00030683,2013-09-21,TMIN,-12
RSM00030683,2014-05-28,TMAX,190
RSM00030683,2005-07-30,TMAX,313
RSM00030683,2014-04-08,TMAX,66
RSM00030683,2007-07-14,TMAX,167
RSM00030683,2009-07-17,TMAX,242
RSM00030683,2009-02-09,TMAX,-117
RSM00030683,2009-08-07,TMIN,149
RSM00030683,2007-06-24,TMIN,85
RSM00030683,2010-08-16,TMAX,225
RSM00030683,2009-06-01,TMAX,186
RSM00030683,2008-03-25,TMAX,65
RSM00030683,2014-07-11,TMIN,95
RSM00030683,2015-06-13,TMIN,88
RSM00030683,2014-07-11,TMAX,299
RSM00030683,2012-12-29,TMIN,-348
RSM00030683,2015-02-03,TMIN,-249
RSM00030683,2007-01-05,TMAX,-181
RSM00030683,2014-02-24,TMAX,4
RSM00030683,2011-02-22,TMAX,-78
RSM00030683,2008-03-25,TMIN,-150
RSM00030683,2009-08-07,TMAX,193
RSM00030683,2005-06-04,TMAX,235
RSM00030683,2007-02-16,TMAX,-105
RSM00030683,2009-07-04,TMAX,274
RSM00030683,2012-12-29,TMAX,-225
RSM00030683,2009-08-11,TMAX,214
RSM00030683,2015-07-22,TMAX,314
RSM00030683,2011-12-16,TMAX,-180
RSM00030683,2015-03-28,TMAX,18
RSM00030683,2005-08-28,TMAX,263
RSM00030683,2011-12-16,TMIN,-270
RSM00030683,2012-03-05,TMAX,-71
RSM00030683,2012-03-05,TMIN,-251
RSM00030683,2009-06-01,TMIN,21
RSM00030683,2008-12-17,TMAX,-249
RSM00030683,2013-10-22,TMIN,-55
RSM00030683,2009-04-19,TMAX,109
RSM00030683,2013-05-31,TMAX,192
RSM00030683,2010-02-17,TMAX,-125
RSM00030683,2012-04-22,TMAX,118
RSM00030683,2012-04-22,TMIN,-91
RSM00030683,2015-09-05,TMIN,-10
RSM00030683,2008-06-15,TMAX,279
RSM00030683,2009-04-17,TMAX,76
RSM00030683,2013-10-11,TMIN,-88
RSM00030683,2013-10-11,TMAX,79
RSM00030683,2006-02-28,TMAX,-46
RSM00030683,2006-02-28,TMIN,-345
RSM00030683,2013-05-31,TMIN,30
RSM00030683,2012-09-27,TMAX,130
RSM00030683,2009-03-18,TMAX,-119
RSM00030683,2015-08-17,TMIN,126
RSM00030683,2009-06-02,TMIN,87
RSM00030683,2008-06-09,TMAX,210
RSM00030683,2013-08-24,TMAX,178
RSM00030683,2008-06-09,TMIN,18
RSM00030683,2009-12-31,TMIN,-384
RSM00030683,2005-11-20,TMIN,-203
RSM00030683,2007-05-27,TMIN,40
RSM00030683,2007-05-27,TMAX,191
RSM00030683,2009-12-31,TMAX,-300
RSM00030683,2010-02-16,TMAX,-113
RSM00030683,2007-04-17,TMAX,110
RSM00030683,2013-02-02,TMAX,-164
RSM00030683,2010-02-07,TMAX,-124
RSM00030683,2007-05-18,TMIN,19
RSM00030683,2005-12-11,TMAX,-154
RSM00030683,2014-06-17,TMAX,250
RSM00030683,2014-06-17,TMIN,128
RSM00030683,2006-06-15,TMIN,55
RSM00030683,2009-12-08,TMAX,-185
RSM00030683,2007-10-30,TMAX,-28
RSM00030683,2012-05-29,TMAX,233
RSM00030683,2012-01-23,TMAX,-216
RSM00030683,2007-12-27,TMAX,-183
RSM00030683,2013-03-28,TMIN,-122
RSM00030683,2013-03-28,TMAX,-39
RSM00030683,2011-05-17,TMAX,243
RSM00030683,2008-09-04,TMIN,16
RSM00030683,2008-12-07,TMIN,-371
RSM00030683,2011-05-17,TMIN,0
RSM00030683,2007-12-27,TMIN,-254
RSM00030683,2014-12-29,TMAX,-171
RSM00030683,2015-07-29,TMIN,70
RSM00030683,2012-01-23,TMIN,-383
RSM00030683,2006-09-10,TMAX,115
RSM00030683,2008-01-28,TMAX,-106
RSM00030683,2014-12-29,TMIN,-212
RSM00030683,2015-07-29,TMAX,287
RSM00030683,2007-04-17,TMIN,-61
RSM00030683,2005-11-20,TMAX,-62
RSM00030683,2006-09-08,TMAX,96
RSM00030683,2009-12-28,TMIN,-357
RSM00030683,2014-04-27,TMIN,-40
RSM00030683,2008-10-24,TMIN,-23
RSM00030683,2008-10-24,TMAX,12
RSM00030683,2005-05-29,TMAX,189
RSM00030683,2014-03-15,TMAX,20
RSM00030683,2015-05-11,TMAX,229
RSM00030683,2005-11-16,TMIN,-280
RSM00030683,2013-07-27,TMAX,248
RSM00030683,2015-05-11,TMIN,-7
RSM00030683,2015-01-08,TMAX,-188
RSM00030683,2015-06-20,TMIN,89
RSM00030683,2010-12-19,TMIN,-404
RSM00030683,2005-09-14,TMAX,182
RSM00030683,2011-12-17,TMIN,-295
RSM00030683,2008-02-22,TMAX,-115
RSM00030683,2011-12-22,TMAX,-218
RSM00030683,2011-03-18,TMAX,-39
RSM00030683,2013-10-22,TMAX,74
RSM00030683,2010-05-17,TMAX,219
RSM00030683,2005-09-14,TMIN,70
RSM00030683,2012-08-04,TMAX,260
RSM00030683,2005-04-30,TMIN,4
RSM00030683,2005-11-16,TMAX,-103
RSM00030683,2008-03-24,TMAX,24
RSM00030683,2008-12-13,TMIN,-372
RSM00030683,2011-12-17,TMAX,-140
RSM00030683,2015-06-20,TMAX,326
RSM00030683,2015-08-17,TMAX,274
RSM00030683,2009-01-28,TMAX,-240
RSM00030683,2015-07-11,TMAX,323
RSM00030683,2010-07-10,TMAX,256
RSM00030683,2011-04-30,TMIN,-11
RSM00030683,2015-07-11,TMIN,104
RSM00030683,2008-03-09,TMAX,18
RSM00030683,2008-08-06,TMAX,245
RSM00030683,2008-08-06,TMIN,58
RSM00030683,2007-08-27,TMAX,171
RSM00030683,2010-07-10,TMIN,104
RSM00030683,2013-02-03,TMAX,-177
RSM00030683,2013-02-03,TMIN,-372
RSM00030683,2013-05-21,TMAX,155
RSM00030683,2011-10-26,TMIN,-127
RSM00030683,2007-04-07,TMAX,45
RSM00030683,2009-04-08,TMIN,-34
RSM00030683,2010-02-16,TMIN,-329
RSM00030683,2011-06-14,TMAX,292
RSM00030683,2015-10-21,TMAX,56
RSM00030683,2011-06-14,TMIN,84
RSM00030683,2007-06-29,TMAX,265
RSM00030683,2007-06-29,TMIN,106
RSM00030683,2011-10-26,TMAX,55
RSM00030683,2015-11-05,TMAX,-81
RSM00030683,2012-12-14,TMAX,-166
RSM00030683,2015-11-27,TMIN,-328
RSM00030683,2014-04-27,TMAX,200
RSM00030683,2011-07-20,TMIN,140
RSM00030683,2010-10-02,TMIN,-45
RSM00030683,2014-05-28,TMIN,76
RSM00030683,2012-02-17,TMAX,-83
RSM00030683,2008-04-15,TMAX,55
RSM00030683,2012-06-04,TMAX,286
RSM00030683,2011-06-28,TMAX,273
RSM00030683,2010-01-07,TMAX,-114
RSM00030683,2015-08-07,TMAX,235
RSM00030683,2012-08-11,TMIN,49
RSM00030683,2014-07-17,TMIN,123
RSM00030683,2011-06-28,TMIN,152
RSM00030683,2010-01-18,TMIN,-319
RSM00030683,2008-04-15,TMIN,-168
RSM00030683,2012-08-11,TMAX,210
RSM00030683,2010-06-10,TMIN,91
RSM00030683,2007-03-26,TMAX,-23
RSM00030683,2007-04-24,TMAX,1
RSM00030683,2014-02-16,TMAX,-125
RSM00030683,2014-02-16,TMIN,-347
RSM00030683,2015-07-27,TMAX,242
RSM00030683,2014-08-29,TMAX,270
RSM00030683,2010-07-04,TMAX,201
RSM00030683,2010-06-10,TMAX,275
RSM00030683,2013-11-15,TMIN,-109
RSM00030683,2012-08-17,TMAX,213
RSM00030683,2007-09-06,TMIN,72
RSM00030683,2015-08-12,TMIN,123
RSM00030683,2006-07-18,TMAX,243
RSM00030683,2013-03-13,TMIN,-260
RSM00030683,2014-03-19,TMAX,37
RSM00030683,2010-01-28,TMAX,-174
RSM00030683,2012-01-15,TMAX,-190
RSM00030683,2013-03-13,TMAX,-93
RSM00030683,2014-03-19,TMIN,-100
RSM00030683,2008-04-30,TMAX,140
RSM00030683,2010-08-07,TMAX,239
RSM00030683,2012-01-15,TMIN,-371
RSM00030683,2010-01-28,TMIN,-325
RSM00030683,2015-04-05,TMAX,-61
RSM00030683,2012-07-23,TMAX,230
RSM00030683,2015-09-25,TMAX,127
RSM00030683,2008-01-03,TMAX,-122
RSM00030683,2014-05-22,TMAX,140
RSM00030683,2010-06-03,TMIN,65
RSM00030683,2015-06-01,TMIN,2
RSM00030683,2014-11-26,TMAX,-109
RSM00030683,2007-03-26,TMIN,-193
RSM00030683,2014-05-22,TMIN,36
RSM00030683,2007-08-22,TMIN,96
RSM00030683,2007-08-22,TMAX,241
RSM00030683,2014-06-07,TMAX,246
RSM00030683,2013-11-15,TMAX,-66
RSM00030683,2010-07-02,TMIN,129
RSM00030683,2014-07-17,TMAX,298
RSM00030683,2012-06-04,TMIN,100
RSM00030683,2014-12-14,TMIN,-352
RSM00030683,2014-12-14,TMAX,-247
RSM00030683,2006-12-28,TMIN,-336
RSM00030683,2005-10-22,TMIN,-120
RSM00030683,2014-01-21,TMAX,-145
RSM00030683,2007-03-24,TMAX,-30
RSM00030683,2013-05-02,TMAX,195
RSM00030683,2011-08-21,TMAX,243
RSM00030683,2015-12-11,TMAX,-154
RSM00030683,2007-06-18,TMAX,235
RSM00030683,2012-03-09,TMIN,-321
RSM00030683,2009-01-07,TMAX,-187
RSM00030683,2010-12-01,TMAX,-215
RSM00030683,2010-09-13,TMAX,232
RSM00030683,2013-10-19,TMAX,73
RSM00030683,2010-09-13,TMIN,69
RSM00030683,2007-12-29,TMAX,-147
RSM00030683,2008-02-18,TMIN,-256
RSM00030683,2007-12-21,TMIN,-337
RSM00030683,2013-02-16,TMIN,-310
RSM00030683,2013-02-16,TMAX,-164
RSM00030683,2015-06-08,TMAX,240
RSM00030683,2007-09-27,TMIN,-6
RSM00030683,2006-08-31,TMAX,118
RSM00030683,2011-06-15,TMAX,284
RSM00030683,2006-12-28,TMAX,-212
RSM00030683,2013-02-10,TMIN,-336
RSM00030683,2013-05-17,TMAX,119
RSM00030683,2006-10-03,TMAX,67
RSM00030683,2009-09-15,TMAX,98
RSM00030683,2005-10-31,TMAX,50
RSM00030683,2014-06-27,TMAX,319
RSM00030683,2006-07-12,TMIN,93
RSM00030683,2011-03-21,TMAX,-45
RSM00030683,2011-03-21,TMIN,-155
RSM00030683,2013-05-27,TMAX,113
RSM00030683,2006-07-12,TMAX,237
RSM00030683,2014-06-27,TMIN,91
RSM00030683,2012-01-31,TMAX,-200
RSM00030683,2009-02-07,TMAX,-118
RSM00030683,2009-02-07,TMIN,-302
RSM00030683,2010-08-03,TMAX,218
RSM00030683,2008-08-16,TMAX,206
RSM00030683,2013-04-30,TMAX,163
RSM00030683,2006-08-14,TMAX,175
RSM00030683,2012-03-09,TMAX,-118
RSM00030683,2011-02-17,TMIN,-310
RSM00030683,2005-10-22,TMAX,85
RSM00030683,2013-02-10,TMAX,-126
RSM00030683,2011-08-21,TMIN,75
RSM00030683,2010-01-27,TMAX,-196
RSM00030683,2010-09-15,TMAX,78
RSM00030683,2009-11-08,TMAX,-164
RSM00030683,2007-06-17,TMIN,90
RSM00030683,2010-04-28,TMAX,97
RSM00030683,2011-07-14,TMIN,126
RSM00030683,2008-11-03,TMAX,-85
RSM00030683,2006-01-06,TMAX,-219
RSM00030683,2006-01-06,TMIN,-334
RSM00030683,2009-02-18,TMAX,-155
RSM00030683,2012-10-16,TMAX,-20
RSM00030683,2008-11-20,TMAX,-170
RSM00030683,2014-05-06,TMIN,-20
RSM00030683,2011-07-14,TMAX,250
RSM00030683,2009-03-10,TMIN,-300
RSM00030683,2013-03-18,TMAX,-130
RSM00030683,2006-12-17,TMAX,-214
RSM00030683,2008-11-12,TMAX,-105
RSM00030683,2006-12-17,TMIN,-345
RSM00030683,2011-11-18,TMAX,-124
RSM00030683,2006-02-03,TMAX,-176
RSM00030683,2007-10-23,TMIN,-119
RSM00030683,2007-10-23,TMAX,-4
RSM00030683,2014-07-30,TMAX,262
RSM00030683,2008-01-05,TMAX,-180
RSM00030683,2008-01-04,TMIN,-320
RSM00030683,2015-02-17,TMAX,-72
RSM00030683,2009-03-22,TMIN,-252
RSM00030683,2013-02-04,TMAX,-173
RSM00030683,2011-11-06,TMIN,-173
RSM00030683,2011-11-06,TMAX,16
RSM00030683,2014-02-07,TMAX,-150
RSM00030683,2010-11-29,TMAX,-210
RSM00030683,2007-11-19,TMAX,-176
RSM00030683,2011-09-19,TMAX,150
RSM00030683,2011-07-20,TMAX,320
RSM00030683,2006-11-17,TMIN,-255
RSM00030683,2011-09-19,TMIN,-13
RSM00030683,2014-03-22,TMAX,82
RSM00030683,2012-07-31,TMIN,105
RSM00030683,2012-07-31,TMAX,285
RSM00030683,2014-03-22,TMIN,-92
RSM00030683,2008-01-04,TMAX,-160
RSM00030683,2006-06-08,TMIN,112
RSM00030683,2010-12-27,TMIN,-153
RSM00030683,2006-11-17,TMAX,-107
RSM00030683,2011-05-10,TMAX,176
RSM00030683,2015-11-02,TMIN,-107
RSM00030683,2014-06-07,TMIN,20
RSM00030683,2013-02-04,TMIN,-390
RSM00030683,2009-10-19,TMAX,21
RSM00030683,2011-01-26,TMAX,-162
RSM00030683,2012-07-13,TMAX,290
RSM00030683,2005-03-27,TMIN,-182
RSM00030683,2007-10-25,TMAX,-20
RSM00030683,2006-11-11,TMAX,-33
RSM00030683,2015-09-04,TMIN,-22
RSM00030683,2005-11-26,TMAX,-146
RSM00030683,2014-03-21,TMAX,97
RSM00030683,2006-01-21,TMAX,-174
RSM00030683,2008-10-12,TMAX,109
RSM00030683,2006-06-22,TMAX,262
RSM00030683,2014-08-29,TMIN,58
RSM00030683,2008-06-28,TMAX,282
RSM00030683,2015-10-06,TMIN,-48
RSM00030683,2010-09-08,TMAX,244
RSM00030683,2013-07-03,TMAX,247
RSM00030683,2006-01-21,TMIN,-318
RSM00030683,2010-06-23,TMAX,347
RSM00030683,2009-03-10,TMAX,-79
RSM00030683,2010-06-03,TMAX,318
RSM00030683,2008-11-16,TMAX,-168
RSM00030683,2010-07-02,TMAX,282
RSM00030683,2007-06-17,TMAX,254
RSM00030683,2011-09-04,TMAX,167
RSM00030683,2011-01-26,TMIN,-335
RSM00030683,2015-12-11,TMIN,-273
RSM00030683,2011-02-17,TMAX,-99
RSM00030683,2005-11-26,TMIN,-308
