ID,Date,Element,Data_Value
MYM00096471,2007-07-10,TMIN,233
MYM00096471,2014-01-17,TMIN,221
MYM00096471,2006-09-20,TMAX,320
MYM00096471,2010-04-25,TMAX,333
MYM00096471,2009-10-25,TMIN,237
MYM00096471,2006-01-01,TMAX,327
MYM00096471,2007-04-20,TMAX,305
MYM00096471,2011-01-20,TMIN,236
MYM00096471,2015-05-13,TMAX,357
MYM00096471,2011-10-13,TMIN,239
MYM00096471,2009-07-17,TMAX,305
MYM00096471,2010-03-07,TMIN,250
MYM00096471,2009-01-21,TMIN,237
MYM00096471,2010-08-07,TMIN,237
MYM00096471,2009-09-24,TMAX,327
MYM00096471,2010-08-19,TMAX,329
MYM00096471,2011-04-15,TMAX,322
MYM00096471,2013-10-23,TMIN,236
MYM00096471,2010-03-10,TMAX,330
MYM00096471,2008-11-11,TMAX,323
MYM00096471,2012-10-09,TMAX,304
MYM00096471,2009-11-03,TMIN,238
MYM00096471,2012-05-20,TMIN,251
MYM00096471,2012-04-11,TMAX,335
MYM00096471,2009-07-16,TMAX,320
MYM00096471,2007-08-10,TMIN,243
MYM00096471,2009-10-30,TMAX,321
MYM00096471,2010-08-09,TMAX,323
MYM00096471,2009-08-10,TMIN,252
MYM00096471,2006-02-18,TMAX,316
MYM00096471,2005-11-21,TMAX,323
MYM00096471,2009-03-06,TMIN,241
MYM00096471,2007-04-20,TMIN,239
MYM00096471,2006-12-12,TMAX,333
MYM00096471,2008-06-28,TMAX,337
MYM00096471,2012-04-13,TMAX,322
MYM00096471,2009-10-31,TMAX,331
MYM00096471,2015-08-10,TMIN,247
MYM00096471,2010-08-22,TMIN,234
MYM00096471,2008-02-22,TMAX,300
MYM00096471,2009-11-06,TMIN,235
MYM00096471,2012-10-20,TMIN,240
MYM00096471,2012-11-10,TMIN,241
MYM00096471,2014-02-06,TMIN,228
MYM00096471,2009-11-06,TMAX,329
MYM00096471,2009-02-15,TMIN,244
MYM00096471,2006-05-11,TMAX,335
MYM00096471,2010-01-24,TMAX,323
MYM00096471,2007-11-19,TMIN,227
MYM00096471,2010-03-01,TMAX,326
MYM00096471,2012-02-14,TMAX,301
MYM00096471,2010-07-30,TMAX,310
MYM00096471,2010-03-01,TMIN,238
MYM00096471,2010-05-09,TMAX,336
MYM00096471,2008-04-15,TMIN,240
MYM00096471,2015-06-04,TMIN,244
MYM00096471,2012-02-27,TMAX,333
MYM00096471,2012-06-02,TMIN,242
MYM00096471,2009-07-17,TMIN,235
MYM00096471,2015-04-29,TMIN,249
MYM00096471,2007-05-04,TMIN,235
MYM00096471,2006-06-23,TMAX,321
MYM00096471,2011-08-10,TMIN,240
MYM00096471,2010-01-28,TMIN,236
MYM00096471,2012-05-29,TMIN,244
MYM00096471,2005-07-24,TMIN,232
MYM00096471,2012-10-29,TMIN,240
MYM00096471,2012-10-20,TMAX,290
MYM00096471,2014-08-14,TMIN,241
MYM00096471,2011-02-20,TMIN,226
MYM00096471,2012-09-09,TMAX,322
MYM00096471,2012-10-09,TMIN,230
MYM00096471,2009-09-06,TMIN,247
MYM00096471,2008-05-07,TMIN,243
MYM00096471,2009-07-21,TMAX,323
MYM00096471,2007-04-07,TMIN,246
MYM00096471,2012-05-16,TMIN,249
MYM00096471,2005-09-29,TMAX,323
MYM00096471,2006-03-10,TMAX,303
MYM00096471,2014-07-31,TMIN,249
MYM00096471,2006-10-24,TMAX,334
MYM00096471,2011-03-14,TMAX,315
MYM00096471,2015-05-13,TMIN,259
MYM00096471,2007-06-27,TMAX,320
MYM00096471,2010-08-19,TMIN,239
MYM00096471,2007-02-07,TMIN,237
MYM00096471,2007-02-07,TMAX,316
MYM00096471,2006-10-24,TMIN,231
MYM00096471,2007-01-22,TMAX,324
MYM00096471,2011-03-14,TMIN,234
MYM00096471,2014-09-01,TMIN,230
MYM00096471,2014-03-02,TMIN,237
MYM00096471,2006-08-09,TMIN,233
MYM00096471,2007-04-07,TMAX,341
MYM00096471,2010-10-29,TMAX,324
MYM00096471,2011-08-10,TMAX,345
MYM00096471,2011-04-15,TMIN,239
MYM00096471,2012-10-02,TMAX,305
MYM00096471,2010-08-30,TMIN,245
MYM00096471,2010-09-30,TMIN,232
MYM00096471,2014-07-19,TMIN,253
MYM00096471,2010-03-05,TMIN,246
MYM00096471,2007-07-06,TMAX,342
MYM00096471,2007-07-06,TMIN,230
MYM00096471,2008-06-28,TMIN,240
MYM00096471,2014-04-04,TMIN,249
MYM00096471,2010-09-30,TMAX,307
MYM00096471,2010-04-27,TMAX,335
MYM00096471,2015-12-24,TMAX,325
MYM00096471,2006-04-15,TMIN,239
MYM00096471,2005-12-24,TMAX,284
MYM00096471,2012-04-11,TMIN,237
MYM00096471,2007-12-09,TMAX,297
MYM00096471,2008-05-25,TMAX,323
MYM00096471,2010-08-09,TMIN,247
MYM00096471,2011-01-22,TMAX,312
MYM00096471,2006-01-01,TMIN,237
MYM00096471,2013-07-10,TMAX,326
MYM00096471,2007-03-19,TMAX,313
MYM00096471,2005-07-24,TMAX,316
MYM00096471,2006-07-03,TMIN,249
MYM00096471,2008-09-23,TMAX,323
MYM00096471,2014-04-10,TMIN,245
MYM00096471,2011-02-20,TMAX,314
MYM00096471,2012-09-02,TMIN,240
MYM00096471,2015-01-15,TMIN,239
MYM00096471,2006-08-17,TMIN,236
MYM00096471,2011-08-16,TMIN,231
MYM00096471,2009-10-30,TMIN,232
MYM00096471,2012-04-30,TMAX,344
MYM00096471,2008-07-03,TMAX,316
MYM00096471,2009-10-04,TMIN,237
MYM00096471,2012-10-13,TMAX,324
MYM00096471,2008-08-23,TMAX,330
MYM00096471,2010-06-30,TMAX,321
MYM00096471,2009-10-04,TMAX,328
MYM00096471,2009-12-08,TMAX,322
MYM00096471,2010-06-17,TMIN,250
MYM00096471,2011-11-13,TMAX,328
MYM00096471,2007-10-30,TMIN,229
MYM00096471,2007-04-04,TMAX,330
MYM00096471,2007-03-31,TMAX,334
MYM00096471,2008-12-12,TMIN,237
MYM00096471,2007-10-30,TMAX,311
MYM00096471,2009-09-24,TMIN,245
MYM00096471,2010-03-29,TMAX,300
MYM00096471,2010-10-27,TMIN,240
MYM00096471,2009-12-02,TMAX,312
MYM00096471,2012-04-29,TMIN,236
MYM00096471,2012-09-30,TMIN,249
MYM00096471,2007-08-05,TMIN,226
MYM00096471,2014-05-18,TMIN,249
MYM00096471,2005-09-27,TMAX,338
MYM00096471,2012-11-25,TMAX,333
MYM00096471,2013-10-31,TMIN,233
MYM00096471,2007-07-10,TMAX,312
MYM00096471,2006-12-05,TMAX,332
MYM00096471,2011-11-04,TMIN,252
MYM00096471,2014-08-08,TMIN,244
MYM00096471,2010-10-27,TMAX,314
MYM00096471,2007-08-06,TMAX,335
MYM00096471,2010-02-18,TMAX,325
MYM00096471,2010-03-02,TMAX,335
MYM00096471,2010-10-29,TMIN,240
MYM00096471,2012-10-13,TMIN,235
MYM00096471,2008-10-28,TMIN,240
MYM00096471,2015-07-31,TMAX,327
MYM00096471,2009-12-08,TMIN,256
MYM00096471,2014-04-20,TMIN,247
MYM00096471,2010-09-28,TMAX,328
MYM00096471,2015-07-22,TMAX,341
MYM00096471,2009-02-07,TMAX,286
MYM00096471,2013-04-30,TMIN,247
MYM00096471,2010-12-17,TMAX,331
MYM00096471,2010-01-04,TMIN,241
MYM00096471,2013-06-21,TMAX,322
MYM00096471,2015-04-23,TMIN,259
MYM00096471,2006-01-25,TMIN,238
MYM00096471,2006-01-25,TMAX,312
MYM00096471,2005-09-21,TMIN,231
MYM00096471,2011-08-03,TMAX,342
MYM00096471,2010-12-09,TMAX,321
MYM00096471,2006-06-04,TMAX,314
MYM00096471,2008-03-31,TMIN,238
MYM00096471,2008-03-31,TMAX,324
MYM00096471,2012-05-05,TMAX,341
MYM00096471,2011-08-16,TMAX,329
MYM00096471,2014-01-06,TMIN,228
MYM00096471,2013-04-30,TMAX,338
MYM00096471,2013-04-24,TMAX,332
MYM00096471,2007-09-21,TMAX,320
MYM00096471,2011-11-04,TMAX,323
MYM00096471,2007-09-21,TMIN,225
MYM00096471,2015-12-11,TMIN,242
MYM00096471,2005-12-20,TMIN,246
MYM00096471,2014-08-13,TMIN,240
MYM00096471,2009-08-29,TMAX,317
MYM00096471,2007-06-07,TMIN,235
MYM00096471,2008-11-05,TMAX,316
MYM00096471,2008-04-01,TMAX,310
MYM00096471,2010-02-05,TMAX,320
MYM00096471,2005-09-21,TMAX,317
MYM00096471,2006-07-17,TMIN,244
MYM00096471,2009-09-05,TMIN,235
MYM00096471,2009-03-31,TMAX,323
MYM00096471,2006-07-17,TMAX,326
MYM00096471,2010-01-24,TMIN,236
MYM00096471,2008-11-05,TMIN,242
MYM00096471,2014-04-12,TMIN,243
MYM00096471,2013-05-04,TMAX,335
MYM00096471,2007-07-25,TMAX,311
MYM00096471,2006-04-02,TMAX,303
MYM00096471,2009-11-19,TMAX,318
MYM00096471,2008-04-13,TMIN,237
MYM00096471,2010-12-05,TMIN,244
MYM00096471,2005-12-24,TMIN,235
MYM00096471,2015-08-10,TMAX,341
MYM00096471,2011-11-11,TMAX,335
MYM00096471,2008-01-11,TMIN,229
MYM00096471,2010-08-22,TMAX,281
MYM00096471,2006-07-14,TMAX,335
MYM00096471,2010-02-18,TMIN,236
MYM00096471,2009-03-06,TMAX,318
MYM00096471,2012-05-02,TMAX,336
MYM00096471,2007-08-10,TMAX,327
MYM00096471,2013-04-07,TMAX,338
MYM00096471,2007-12-04,TMIN,230
MYM00096471,2009-06-06,TMIN,246
MYM00096471,2007-10-25,TMIN,241
MYM00096471,2014-05-02,TMIN,256
MYM00096471,2009-02-22,TMAX,314
MYM00096471,2006-07-14,TMIN,238
MYM00096471,2010-07-30,TMIN,235
MYM00096471,2011-02-04,TMIN,237
MYM00096471,2015-06-04,TMAX,345
MYM00096471,2007-10-16,TMIN,232
MYM00096471,2008-06-08,TMAX,320
MYM00096471,2008-01-11,TMAX,295
MYM00096471,2005-02-20,TMAX,312
MYM00096471,2015-09-15,TMAX,319
MYM00096471,2006-02-18,TMIN,235
MYM00096471,2007-12-09,TMIN,239
MYM00096471,2005-11-03,TMAX,313
MYM00096471,2010-05-31,TMAX,324
MYM00096471,2008-03-20,TMIN,234
MYM00096471,2011-02-04,TMAX,270
MYM00096471,2015-09-15,TMIN,243
MYM00096471,2010-12-05,TMAX,325
MYM00096471,2006-11-19,TMAX,335
MYM00096471,2009-03-07,TMAX,332
MYM00096471,2006-07-03,TMAX,311
MYM00096471,2005-09-10,TMIN,232
MYM00096471,2012-05-02,TMIN,239
MYM00096471,2009-07-16,TMIN,234
MYM00096471,2005-02-06,TMIN,217
MYM00096471,2009-06-06,TMAX,335
MYM00096471,2010-02-08,TMAX,313
MYM00096471,2007-11-23,TMAX,301
MYM00096471,2012-06-06,TMAX,333
MYM00096471,2008-12-31,TMAX,311
MYM00096471,2007-08-05,TMAX,332
MYM00096471,2012-09-09,TMIN,240
MYM00096471,2012-04-13,TMIN,238
MYM00096471,2007-10-25,TMAX,322
MYM00096471,2006-12-12,TMIN,237
MYM00096471,2005-11-04,TMIN,235
MYM00096471,2009-02-07,TMIN,226
MYM00096471,2010-03-02,TMIN,235
MYM00096471,2008-12-26,TMAX,318
MYM00096471,2006-11-19,TMIN,237
MYM00096471,2005-02-06,TMAX,311
MYM00096471,2007-10-26,TMAX,332
MYM00096471,2011-10-08,TMAX,316
MYM00096471,2012-04-05,TMAX,334
MYM00096471,2015-11-19,TMIN,245
MYM00096471,2008-08-29,TMAX,328
MYM00096471,2008-07-03,TMIN,227
MYM00096471,2010-10-15,TMAX,310
MYM00096471,2009-08-12,TMAX,336
MYM00096471,2013-12-17,TMIN,232
MYM00096471,2006-06-03,TMIN,237
MYM00096471,2014-07-24,TMIN,238
MYM00096471,2009-08-12,TMIN,238
MYM00096471,2015-10-18,TMAX,275
MYM00096471,2008-06-08,TMIN,237
MYM00096471,2007-12-06,TMAX,322
MYM00096471,2005-11-04,TMAX,324
MYM00096471,2010-04-25,TMIN,250
MYM00096471,2014-06-29,TMIN,228
MYM00096471,2005-09-27,TMIN,233
MYM00096471,2012-12-13,TMAX,331
MYM00096471,2010-11-27,TMAX,316
MYM00096471,2013-10-14,TMIN,230
MYM00096471,2007-04-05,TMIN,238
MYM00096471,2007-05-04,TMAX,337
MYM00096471,2009-01-21,TMAX,294
MYM00096471,2011-04-29,TMAX,334
MYM00096471,2008-07-28,TMIN,231
MYM00096471,2014-06-13,TMIN,245
MYM00096471,2009-11-12,TMAX,333
MYM00096471,2010-08-23,TMIN,238
MYM00096471,2010-06-10,TMAX,320
MYM00096471,2013-03-22,TMAX,326
MYM00096471,2012-01-05,TMIN,238
MYM00096471,2013-02-11,TMAX,297
MYM00096471,2012-01-05,TMAX,312
MYM00096471,2005-09-06,TMAX,323
MYM00096471,2013-03-22,TMIN,242
MYM00096471,2012-01-21,TMIN,240
MYM00096471,2011-07-31,TMIN,243
MYM00096471,2009-04-25,TMAX,342
MYM00096471,2014-08-18,TMIN,234
MYM00096471,2012-01-21,TMAX,314
MYM00096471,2009-07-07,TMAX,310
MYM00096471,2006-07-22,TMIN,232
MYM00096471,2009-07-07,TMIN,230
MYM00096471,2008-03-08,TMAX,292
MYM00096471,2012-10-22,TMAX,324
MYM00096471,2008-12-28,TMAX,324
MYM00096471,2014-08-04,TMIN,237
MYM00096471,2005-11-28,TMAX,311
MYM00096471,2011-06-12,TMAX,325
MYM00096471,2010-01-20,TMAX,320
MYM00096471,2010-09-26,TMAX,332
MYM00096471,2012-01-08,TMAX,304
MYM00096471,2012-01-08,TMIN,238
MYM00096471,2014-10-01,TMIN,237
MYM00096471,2010-09-26,TMIN,245
MYM00096471,2013-06-02,TMIN,257
MYM00096471,2005-12-05,TMIN,230
MYM00096471,2008-12-28,TMIN,242
MYM00096471,2010-06-06,TMAX,336
MYM00096471,2010-06-06,TMIN,248
MYM00096471,2008-06-15,TMAX,312
MYM00096471,2013-08-15,TMIN,227
MYM00096471,2010-02-11,TMAX,323
MYM00096471,2012-01-29,TMAX,315
MYM00096471,2012-10-31,TMAX,333
MYM00096471,2012-07-19,TMAX,267
MYM00096471,2012-12-17,TMAX,330
MYM00096471,2009-07-06,TMAX,300
MYM00096471,2010-10-03,TMAX,330
MYM00096471,2013-06-09,TMIN,260
MYM00096471,2013-06-09,TMAX,344
MYM00096471,2007-05-31,TMAX,326
MYM00096471,2007-08-31,TMAX,316
MYM00096471,2007-05-31,TMIN,233
MYM00096471,2006-06-18,TMAX,331
MYM00096471,2009-11-11,TMAX,331
MYM00096471,2008-10-08,TMIN,236
MYM00096471,2015-04-29,TMAX,337
MYM00096471,2011-04-27,TMIN,239
MYM00096471,2013-03-15,TMIN,237
MYM00096471,2015-10-01,TMAX,332
MYM00096471,2009-04-13,TMAX,301
MYM00096471,2012-10-04,TMIN,246
MYM00096471,2015-05-17,TMAX,349
MYM00096471,2011-07-02,TMAX,322
MYM00096471,2012-10-04,TMAX,325
MYM00096471,2012-07-28,TMIN,239
MYM00096471,2013-03-15,TMAX,322
MYM00096471,2011-08-19,TMIN,230
MYM00096471,2014-03-25,TMIN,246
MYM00096471,2006-11-09,TMIN,238
MYM00096471,2015-08-11,TMIN,254
MYM00096471,2008-11-15,TMIN,246
MYM00096471,2009-09-15,TMIN,242
MYM00096471,2013-02-06,TMIN,245
MYM00096471,2009-10-11,TMAX,325
MYM00096471,2009-09-15,TMAX,333
MYM00096471,2015-09-20,TMIN,253
MYM00096471,2015-12-25,TMAX,334
MYM00096471,2009-03-15,TMIN,235
MYM00096471,2009-03-15,TMAX,305
MYM00096471,2007-08-31,TMIN,238
MYM00096471,2015-06-27,TMIN,247
MYM00096471,2014-03-07,TMIN,211
MYM00096471,2006-08-03,TMIN,231
MYM00096471,2014-09-07,TMIN,227
MYM00096471,2014-09-07,TMAX,315
MYM00096471,2015-06-27,TMAX,345
MYM00096471,2015-09-20,TMAX,335
MYM00096471,2011-08-19,TMAX,332
MYM00096471,2009-06-24,TMAX,322
MYM00096471,2009-06-24,TMIN,239
MYM00096471,2006-11-05,TMIN,237
MYM00096471,2007-10-15,TMAX,311
MYM00096471,2009-03-24,TMAX,332
MYM00096471,2015-09-13,TMAX,343
MYM00096471,2008-05-19,TMAX,333
MYM00096471,2008-05-19,TMIN,238
MYM00096471,2011-10-22,TMIN,234
MYM00096471,2014-01-07,TMIN,229
MYM00096471,2011-07-07,TMIN,237
MYM00096471,2010-11-02,TMIN,232
MYM00096471,2006-09-30,TMAX,323
MYM00096471,2009-03-24,TMIN,244
MYM00096471,2012-06-24,TMIN,238
MYM00096471,2005-02-27,TMIN,250
MYM00096471,2012-05-09,TMIN,235
MYM00096471,2008-03-28,TMAX,310
MYM00096471,2008-03-24,TMIN,232
MYM00096471,2012-05-09,TMAX,310
MYM00096471,2012-01-02,TMIN,239
MYM00096471,2009-04-17,TMAX,314
MYM00096471,2010-11-02,TMAX,318
MYM00096471,2008-08-14,TMAX,330
MYM00096471,2010-05-27,TMAX,333
MYM00096471,2006-12-16,TMAX,333
MYM00096471,2009-09-09,TMAX,315
MYM00096471,2015-05-22,TMAX,357
MYM00096471,2015-05-22,TMIN,255
MYM00096471,2014-07-17,TMIN,243
MYM00096471,2015-11-03,TMAX,325
MYM00096471,2011-04-20,TMIN,238
MYM00096471,2011-11-26,TMIN,246
MYM00096471,2007-03-30,TMAX,324
MYM00096471,2014-03-31,TMIN,245
MYM00096471,2007-11-11,TMAX,321
MYM00096471,2015-10-12,TMAX,336
MYM00096471,2015-10-12,TMIN,246
MYM00096471,2009-01-29,TMAX,320
MYM00096471,2010-02-07,TMAX,314
MYM00096471,2008-07-23,TMAX,291
MYM00096471,2008-01-22,TMAX,315
MYM00096471,2011-05-04,TMAX,321
MYM00096471,2011-05-04,TMIN,246
MYM00096471,2009-03-23,TMAX,324
MYM00096471,2010-10-28,TMAX,320
MYM00096471,2008-02-08,TMAX,310
MYM00096471,2009-05-06,TMAX,342
MYM00096471,2012-12-29,TMIN,245
MYM00096471,2005-12-11,TMIN,233
MYM00096471,2011-06-12,TMIN,235
MYM00096471,2013-12-23,TMIN,229
MYM00096471,2008-01-30,TMAX,324
MYM00096471,2011-07-24,TMAX,330
MYM00096471,2015-10-17,TMAX,306
MYM00096471,2013-06-02,TMAX,343
MYM00096471,2010-02-11,TMIN,235
MYM00096471,2013-01-04,TMAX,282
MYM00096471,2011-03-21,TMIN,230
MYM00096471,2005-08-28,TMAX,292
MYM00096471,2007-08-23,TMAX,320
MYM00096471,2009-12-10,TMIN,235
MYM00096471,2009-12-10,TMAX,322
MYM00096471,2015-01-10,TMIN,250
MYM00096471,2009-01-10,TMAX,315
MYM00096471,2014-05-25,TMIN,235
MYM00096471,2005-08-28,TMIN,239
MYM00096471,2009-04-17,TMIN,244
MYM00096471,2010-02-23,TMAX,320
MYM00096471,2006-01-09,TMAX,309
MYM00096471,2015-10-26,TMIN,243
MYM00096471,2009-05-06,TMIN,252
MYM00096471,2012-05-27,TMAX,340
MYM00096471,2010-12-12,TMAX,312
MYM00096471,2014-06-08,TMIN,260
MYM00096471,2010-10-28,TMIN,240
MYM00096471,2010-12-12,TMIN,228
MYM00096471,2009-12-04,TMIN,237
MYM00096471,2011-07-26,TMIN,249
MYM00096471,2005-07-31,TMAX,333
MYM00096471,2012-12-29,TMAX,321
MYM00096471,2008-04-17,TMAX,323
MYM00096471,2009-12-04,TMAX,321
MYM00096471,2011-03-21,TMAX,315
MYM00096471,2012-06-24,TMAX,340
MYM00096471,2011-02-28,TMIN,239
MYM00096471,2011-10-09,TMAX,321
MYM00096471,2011-10-09,TMIN,240
MYM00096471,2011-07-26,TMAX,322
MYM00096471,2010-02-23,TMIN,247
MYM00096471,2015-09-13,TMIN,242
MYM00096471,2008-02-08,TMIN,231
MYM00096471,2009-08-15,TMAX,331
MYM00096471,2006-03-05,TMAX,314
MYM00096471,2007-02-17,TMAX,321
MYM00096471,2013-04-18,TMIN,239
MYM00096471,2013-05-10,TMAX,302
MYM00096471,2009-03-14,TMIN,234
MYM00096471,2006-11-15,TMIN,236
MYM00096471,2014-10-25,TMIN,241
MYM00096471,2006-11-15,TMAX,333
MYM00096471,2015-12-15,TMIN,246
MYM00096471,2009-12-21,TMAX,313
MYM00096471,2009-03-21,TMAX,326
MYM00096471,2014-05-23,TMIN,250
MYM00096471,2010-07-17,TMAX,325
MYM00096471,2011-12-14,TMIN,234
MYM00096471,2009-03-21,TMIN,231
MYM00096471,2006-04-08,TMAX,317
MYM00096471,2012-07-08,TMIN,238
MYM00096471,2012-04-12,TMIN,238
MYM00096471,2011-12-15,TMAX,332
MYM00096471,2010-05-07,TMIN,250
MYM00096471,2009-12-21,TMIN,231
MYM00096471,2006-09-08,TMAX,327
MYM00096471,2009-03-14,TMAX,315
MYM00096471,2011-09-30,TMAX,342
MYM00096471,2009-01-19,TMAX,305
MYM00096471,2010-01-01,TMAX,322
MYM00096471,2008-12-22,TMAX,325
MYM00096471,2008-07-25,TMAX,338
MYM00096471,2007-05-16,TMAX,332
MYM00096471,2008-04-08,TMAX,323
MYM00096471,2011-03-27,TMAX,303
MYM00096471,2007-04-15,TMAX,321
MYM00096471,2011-08-23,TMIN,245
MYM00096471,2013-09-18,TMIN,245
MYM00096471,2011-08-23,TMAX,322
MYM00096471,2013-12-19,TMIN,236
MYM00096471,2013-02-17,TMAX,292
MYM00096471,2008-07-25,TMIN,236
MYM00096471,2011-11-22,TMAX,324
MYM00096471,2008-04-08,TMIN,239
MYM00096471,2013-11-30,TMIN,234
MYM00096471,2012-05-08,TMAX,325
MYM00096471,2011-12-15,TMIN,240
MYM00096471,2006-01-15,TMIN,234
MYM00096471,2007-10-08,TMAX,332
MYM00096471,2008-01-25,TMIN,238
MYM00096471,2015-04-27,TMAX,330
MYM00096471,2012-04-06,TMAX,331
MYM00096471,2013-06-04,TMAX,341
MYM00096471,2012-04-06,TMIN,234
MYM00096471,2014-07-09,TMIN,231
MYM00096471,2007-08-17,TMIN,236
MYM00096471,2008-12-20,TMAX,319
MYM00096471,2010-12-26,TMAX,315
MYM00096471,2008-08-09,TMAX,331
MYM00096471,2015-05-30,TMAX,351
MYM00096471,2009-01-19,TMIN,239
MYM00096471,2015-04-27,TMIN,244
MYM00096471,2014-10-08,TMIN,229
MYM00096471,2007-06-03,TMAX,321
MYM00096471,2006-05-07,TMIN,243
MYM00096471,2011-12-03,TMAX,325
MYM00096471,2014-11-24,TMIN,250
MYM00096471,2006-02-10,TMAX,303
MYM00096471,2009-01-18,TMIN,233
MYM00096471,2012-10-05,TMIN,247
MYM00096471,2012-03-05,TMIN,246
MYM00096471,2009-04-04,TMAX,334
MYM00096471,2012-06-28,TMIN,247
MYM00096471,2010-04-13,TMAX,335
MYM00096471,2015-12-07,TMAX,331
MYM00096471,2010-05-07,TMAX,335
MYM00096471,2012-01-13,TMAX,331
MYM00096471,2012-01-13,TMIN,235
MYM00096471,2008-11-29,TMIN,236
MYM00096471,2008-11-29,TMAX,324
MYM00096471,2014-03-08,TMIN,220
MYM00096471,2012-06-28,TMAX,321
MYM00096471,2009-11-24,TMAX,313
MYM00096471,2009-11-24,TMIN,235
MYM00096471,2006-07-11,TMAX,334
MYM00096471,2013-03-01,TMIN,234
MYM00096471,2007-01-18,TMAX,323
MYM00096471,2010-03-15,TMAX,341
MYM00096471,2006-09-02,TMIN,228
MYM00096471,2014-01-28,TMIN,197
MYM00096471,2006-09-08,TMIN,240
MYM00096471,2006-08-28,TMAX,331
MYM00096471,2010-07-19,TMAX,310
MYM00096471,2015-08-28,TMIN,240
MYM00096471,2014-11-22,TMIN,247
MYM00096471,2005-09-06,TMIN,242
MYM00096471,2008-02-17,TMIN,217
MYM00096471,2007-03-07,TMIN,231
MYM00096471,2009-04-25,TMIN,243
MYM00096471,2008-11-15,TMAX,308
MYM00096471,2007-01-10,TMIN,239
MYM00096471,2009-01-10,TMIN,235
MYM00096471,2010-02-24,TMAX,320
MYM00096471,2015-05-17,TMIN,257
MYM00096471,2007-01-10,TMAX,306
MYM00096471,2013-04-16,TMIN,243
MYM00096471,2009-06-14,TMAX,331
MYM00096471,2014-05-03,TMIN,254
MYM00096471,2008-10-11,TMIN,247
MYM00096471,2012-04-07,TMIN,236
MYM00096471,2013-07-06,TMIN,240
MYM00096471,2008-12-24,TMAX,330
MYM00096471,2011-09-20,TMIN,238
MYM00096471,2015-02-16,TMIN,236
MYM00096471,2007-12-08,TMAX,315
MYM00096471,2012-05-23,TMAX,331
MYM00096471,2010-09-04,TMAX,321
MYM00096471,2011-05-14,TMIN,244
MYM00096471,2006-01-07,TMAX,304
MYM00096471,2015-06-01,TMAX,350
MYM00096471,2011-06-13,TMAX,306
MYM00096471,2009-03-18,TMAX,325
MYM00096471,2008-02-19,TMAX,274
MYM00096471,2013-02-06,TMAX,312
MYM00096471,2008-02-17,TMAX,267
MYM00096471,2006-06-28,TMIN,229
MYM00096471,2011-09-27,TMAX,304
MYM00096471,2014-10-21,TMIN,243
MYM00096471,2015-11-27,TMAX,322
MYM00096471,2015-11-27,TMIN,245
MYM00096471,2008-06-09,TMAX,295
MYM00096471,2012-05-23,TMIN,249
MYM00096471,2012-04-28,TMAX,323
MYM00096471,2007-12-08,TMIN,234
MYM00096471,2015-11-14,TMAX,324
MYM00096471,2011-04-25,TMAX,326
MYM00096471,2014-03-30,TMIN,246
MYM00096471,2007-02-25,TMIN,234
MYM00096471,2015-12-25,TMIN,233
MYM00096471,2010-03-12,TMIN,240
MYM00096471,2006-11-08,TMIN,232
MYM00096471,2010-09-13,TMAX,303
MYM00096471,2012-04-07,TMAX,334
MYM00096471,2008-10-11,TMAX,327
MYM00096471,2005-12-17,TMIN,245
MYM00096471,2007-12-05,TMAX,322
MYM00096471,2005-10-29,TMIN,231
MYM00096471,2005-10-29,TMAX,321
MYM00096471,2008-07-07,TMIN,243
MYM00096471,2007-02-23,TMAX,314
MYM00096471,2007-10-09,TMAX,326
MYM00096471,2008-01-04,TMIN,240
MYM00096471,2009-06-04,TMAX,334
MYM00096471,2007-10-09,TMIN,235
MYM00096471,2007-09-30,TMAX,311
MYM00096471,2008-01-04,TMAX,311
MYM00096471,2007-09-30,TMIN,231
MYM00096471,2007-06-18,TMAX,311
MYM00096471,2014-02-26,TMIN,227
MYM00096471,2014-02-28,TMIN,224
MYM00096471,2009-09-27,TMIN,240
MYM00096471,2010-05-29,TMAX,342
MYM00096471,2015-01-01,TMIN,240
MYM00096471,2012-01-17,TMIN,238
MYM00096471,2006-03-13,TMAX,330
MYM00096471,2006-03-13,TMIN,240
MYM00096471,2008-12-22,TMIN,242
MYM00096471,2008-10-08,TMAX,325
MYM00096471,2015-10-02,TMAX,334
MYM00096471,2010-02-06,TMAX,323
MYM00096471,2011-12-22,TMAX,331
MYM00096471,2012-07-04,TMIN,239
MYM00096471,2012-07-04,TMAX,334
MYM00096471,2009-12-20,TMIN,230
MYM00096471,2011-10-31,TMAX,341
MYM00096471,2012-12-15,TMAX,332
MYM00096471,2008-01-25,TMAX,327
MYM00096471,2015-12-21,TMIN,239
MYM00096471,2012-07-28,TMAX,323
MYM00096471,2010-09-23,TMAX,343
MYM00096471,2006-12-13,TMAX,325
MYM00096471,2014-05-14,TMIN,244
MYM00096471,2009-01-29,TMIN,233
MYM00096471,2015-05-07,TMIN,251
MYM00096471,2005-11-26,TMIN,234
MYM00096471,2009-07-26,TMIN,226
MYM00096471,2007-01-09,TMIN,230
MYM00096471,2015-04-20,TMIN,236
MYM00096471,2011-08-28,TMAX,335
MYM00096471,2006-12-18,TMIN,245
MYM00096471,2009-03-02,TMAX,304
MYM00096471,2007-02-12,TMAX,321
MYM00096471,2008-03-12,TMIN,237
MYM00096471,2015-11-26,TMAX,330
MYM00096471,2015-06-24,TMIN,255
MYM00096471,2008-06-23,TMIN,235
MYM00096471,2007-12-27,TMIN,248
MYM00096471,2009-02-02,TMAX,305
MYM00096471,2006-12-01,TMAX,336
MYM00096471,2015-05-03,TMAX,343
MYM00096471,2005-03-13,TMAX,313
MYM00096471,2011-11-29,TMAX,337
MYM00096471,2007-01-09,TMAX,271
MYM00096471,2013-11-29,TMIN,235
MYM00096471,2015-03-04,TMIN,240
MYM00096471,2006-12-03,TMAX,334
MYM00096471,2006-10-19,TMAX,334
MYM00096471,2008-03-12,TMAX,314
MYM00096471,2013-04-02,TMIN,243
MYM00096471,2013-04-02,TMAX,340
MYM00096471,2014-03-13,TMIN,236
MYM00096471,2010-06-20,TMIN,231
MYM00096471,2011-04-07,TMIN,240
MYM00096471,2007-07-17,TMAX,324
MYM00096471,2015-07-18,TMAX,341
MYM00096471,2011-07-22,TMIN,230
MYM00096471,2011-07-22,TMAX,302
MYM00096471,2011-04-07,TMAX,311
MYM00096471,2013-02-01,TMAX,313
MYM00096471,2015-06-24,TMAX,352
MYM00096471,2009-09-29,TMAX,340
MYM00096471,2009-09-29,TMIN,251
MYM00096471,2012-08-23,TMIN,246
MYM00096471,2009-01-23,TMIN,247
MYM00096471,2015-01-17,TMIN,236
MYM00096471,2012-08-23,TMAX,334
MYM00096471,2006-12-03,TMIN,242
MYM00096471,2009-06-20,TMAX,340
MYM00096471,2011-11-29,TMIN,248
MYM00096471,2005-08-21,TMIN,231
MYM00096471,2006-02-03,TMIN,232
MYM00096471,2010-07-04,TMAX,324
MYM00096471,2013-09-04,TMIN,244
MYM00096471,2005-09-28,TMIN,239
MYM00096471,2007-07-13,TMAX,321
MYM00096471,2015-06-26,TMAX,351
MYM00096471,2012-12-18,TMAX,330
MYM00096471,2006-01-13,TMAX,322
MYM00096471,2006-08-30,TMIN,238
MYM00096471,2015-04-20,TMAX,332
MYM00096471,2008-02-01,TMIN,230
MYM00096471,2008-02-01,TMAX,302
MYM00096471,2012-03-31,TMAX,332
MYM00096471,2009-02-12,TMAX,320
MYM00096471,2012-02-18,TMAX,308
MYM00096471,2007-03-29,TMIN,240
MYM00096471,2007-08-18,TMAX,322
MYM00096471,2009-02-10,TMIN,240
MYM00096471,2006-01-13,TMIN,242
MYM00096471,2012-03-31,TMIN,259
MYM00096471,2009-02-10,TMAX,321
MYM00096471,2008-04-29,TMAX,334
MYM00096471,2005-12-28,TMIN,227
MYM00096471,2009-08-23,TMAX,330
MYM00096471,2011-03-18,TMAX,321
MYM00096471,2009-02-19,TMAX,323
MYM00096471,2005-12-28,TMAX,310
MYM00096471,2011-04-16,TMIN,242
MYM00096471,2011-04-16,TMAX,324
MYM00096471,2008-04-29,TMIN,246
MYM00096471,2011-03-18,TMIN,235
MYM00096471,2009-08-23,TMIN,246
MYM00096471,2008-10-19,TMAX,325
MYM00096471,2011-06-22,TMIN,254
MYM00096471,2005-08-21,TMAX,323
MYM00096471,2013-05-20,TMIN,249
MYM00096471,2011-12-05,TMAX,300
MYM00096471,2013-05-20,TMAX,341
MYM00096471,2014-06-17,TMIN,240
MYM00096471,2005-09-28,TMAX,321
MYM00096471,2006-02-03,TMAX,324
MYM00096471,2005-04-28,TMIN,257
MYM00096471,2008-01-15,TMIN,219
MYM00096471,2007-03-13,TMIN,235
MYM00096471,2010-06-20,TMAX,333
MYM00096471,2010-08-31,TMIN,245
MYM00096471,2014-02-05,TMIN,229
MYM00096471,2010-09-20,TMIN,244
MYM00096471,2008-11-04,TMAX,320
MYM00096471,2006-10-23,TMAX,324
MYM00096471,2010-01-12,TMIN,238
MYM00096471,2008-11-04,TMIN,232
MYM00096471,2006-11-17,TMIN,228
MYM00096471,2011-06-18,TMAX,330
MYM00096471,2015-11-08,TMAX,331
MYM00096471,2008-10-15,TMAX,322
MYM00096471,2009-02-21,TMAX,326
MYM00096471,2010-09-20,TMAX,333
MYM00096471,2010-12-30,TMIN,230
MYM00096471,2007-05-13,TMAX,338
MYM00096471,2007-05-13,TMIN,249
MYM00096471,2010-12-30,TMAX,317
MYM00096471,2006-02-27,TMIN,238
MYM00096471,2006-02-27,TMAX,320
MYM00096471,2013-04-01,TMAX,341
MYM00096471,2012-05-25,TMAX,343
MYM00096471,2009-02-12,TMIN,231
MYM00096471,2008-07-28,TMAX,314
MYM00096471,2011-01-10,TMAX,332
MYM00096471,2007-05-12,TMIN,250
MYM00096471,2014-06-07,TMIN,240
MYM00096471,2007-05-12,TMAX,340
MYM00096471,2013-04-10,TMAX,324
MYM00096471,2014-06-19,TMIN,253
MYM00096471,2006-03-07,TMIN,233
MYM00096471,2011-02-23,TMAX,318
MYM00096471,2008-02-05,TMAX,327
MYM00096471,2010-08-26,TMAX,332
MYM00096471,2006-03-07,TMAX,280
MYM00096471,2015-04-24,TMAX,332
MYM00096471,2015-07-20,TMAX,341
MYM00096471,2011-06-18,TMIN,247
MYM00096471,2005-02-13,TMAX,327
MYM00096471,2013-08-29,TMIN,237
MYM00096471,2014-11-21,TMIN,246
MYM00096471,2006-09-05,TMIN,231
MYM00096471,2005-05-15,TMIN,232
MYM00096471,2007-07-31,TMIN,239
MYM00096471,2006-11-17,TMAX,326
MYM00096471,2010-06-27,TMAX,333
MYM00096471,2011-01-01,TMIN,235
MYM00096471,2009-07-19,TMAX,321
MYM00096471,2006-04-30,TMIN,247
MYM00096471,2012-04-26,TMIN,247
MYM00096471,2006-04-30,TMAX,331
MYM00096471,2013-06-30,TMAX,319
MYM00096471,2013-06-30,TMIN,240
MYM00096471,2007-07-27,TMIN,236
MYM00096471,2013-06-22,TMIN,249
MYM00096471,2012-08-27,TMAX,340
MYM00096471,2012-04-26,TMAX,342
MYM00096471,2007-07-31,TMAX,303
MYM00096471,2013-06-22,TMAX,342
MYM00096471,2007-11-04,TMIN,243
MYM00096471,2012-08-11,TMAX,343
MYM00096471,2008-12-07,TMAX,290
MYM00096471,2010-11-24,TMAX,331
MYM00096471,2007-03-13,TMAX,322
MYM00096471,2006-12-17,TMIN,243
MYM00096471,2011-01-01,TMAX,315
MYM00096471,2008-10-09,TMAX,314
MYM00096471,2012-08-02,TMIN,242
MYM00096471,2008-02-05,TMIN,234
MYM00096471,2009-02-19,TMIN,237
MYM00096471,2010-01-12,TMAX,319
MYM00096471,2013-12-15,TMIN,237
MYM00096471,2010-01-19,TMIN,243
MYM00096471,2007-03-12,TMAX,332
MYM00096471,2015-09-01,TMIN,242
MYM00096471,2009-09-20,TMAX,304
MYM00096471,2009-09-25,TMAX,316
MYM00096471,2015-08-02,TMIN,228
MYM00096471,2013-04-13,TMAX,330
MYM00096471,2013-04-13,TMIN,242
MYM00096471,2009-09-25,TMIN,250
MYM00096471,2014-11-08,TMIN,236
MYM00096471,2008-02-09,TMIN,237
MYM00096471,2012-08-27,TMIN,250
MYM00096471,2005-12-04,TMAX,322
MYM00096471,2007-09-20,TMAX,324
MYM00096471,2012-08-02,TMAX,327
MYM00096471,2009-03-16,TMAX,323
MYM00096471,2013-11-18,TMIN,235
MYM00096471,2013-03-13,TMAX,322
MYM00096471,2008-09-11,TMAX,341
MYM00096471,2009-07-04,TMAX,310
MYM00096471,2007-02-15,TMAX,326
MYM00096471,2010-09-21,TMAX,325
MYM00096471,2008-04-22,TMAX,322
MYM00096471,2008-04-22,TMIN,241
MYM00096471,2013-07-02,TMAX,344
MYM00096471,2007-03-14,TMAX,330
MYM00096471,2013-10-26,TMIN,227
MYM00096471,2013-09-17,TMIN,229
MYM00096471,2011-04-13,TMAX,316
MYM00096471,2006-10-06,TMAX,294
MYM00096471,2013-03-10,TMAX,312
MYM00096471,2006-10-16,TMIN,242
MYM00096471,2011-06-22,TMAX,340
MYM00096471,2008-12-02,TMAX,335
MYM00096471,2007-04-10,TMIN,246
MYM00096471,2006-04-16,TMAX,330
MYM00096471,2013-03-10,TMIN,240
MYM00096471,2008-03-14,TMAX,319
MYM00096471,2010-09-21,TMIN,245
MYM00096471,2007-09-23,TMAX,323
MYM00096471,2009-07-04,TMIN,236
MYM00096471,2012-04-21,TMIN,242
MYM00096471,2015-08-11,TMAX,331
MYM00096471,2012-03-13,TMIN,233
MYM00096471,2012-04-21,TMAX,325
MYM00096471,2006-01-17,TMAX,330
MYM00096471,2008-12-03,TMIN,236
MYM00096471,2011-05-01,TMAX,326
MYM00096471,2008-12-03,TMAX,328
MYM00096471,2010-03-19,TMIN,244
MYM00096471,2007-03-26,TMAX,320
MYM00096471,2006-11-26,TMAX,333
MYM00096471,2009-08-08,TMAX,333
MYM00096471,2010-03-19,TMAX,337
MYM00096471,2014-10-24,TMIN,238
MYM00096471,2006-05-18,TMIN,250
MYM00096471,2010-01-27,TMIN,233
MYM00096471,2011-07-08,TMAX,333
MYM00096471,2011-07-08,TMIN,239
MYM00096471,2007-03-14,TMIN,237
MYM00096471,2007-04-10,TMAX,333
MYM00096471,2012-03-13,TMAX,321
MYM00096471,2007-06-15,TMIN,254
MYM00096471,2009-09-07,TMIN,245
MYM00096471,2015-06-15,TMAX,334
MYM00096471,2009-09-04,TMAX,314
MYM00096471,2008-11-16,TMAX,313
MYM00096471,2008-10-24,TMAX,323
MYM00096471,2012-03-09,TMAX,330
MYM00096471,2008-07-12,TMIN,237
MYM00096471,2008-07-12,TMAX,320
MYM00096471,2011-09-04,TMAX,331
MYM00096471,2007-12-21,TMAX,302
MYM00096471,2009-05-10,TMIN,254
MYM00096471,2009-10-02,TMAX,314
MYM00096471,2015-12-14,TMIN,244
MYM00096471,2015-12-14,TMAX,324
MYM00096471,2011-05-29,TMAX,332
MYM00096471,2011-07-29,TMIN,239
MYM00096471,2010-01-27,TMAX,312
MYM00096471,2005-11-26,TMAX,321
MYM00096471,2014-09-20,TMIN,241
MYM00096471,2009-05-10,TMAX,334
MYM00096471,2013-01-26,TMAX,320
MYM00096471,2006-08-05,TMIN,232
MYM00096471,2005-04-29,TMAX,351
MYM00096471,2007-03-28,TMAX,321
MYM00096471,2013-05-03,TMAX,331
MYM00096471,2011-03-19,TMAX,306
MYM00096471,2013-05-03,TMIN,236
MYM00096471,2008-04-06,TMIN,237
MYM00096471,2009-09-07,TMAX,323
MYM00096471,2008-09-14,TMIN,237
MYM00096471,2010-03-27,TMIN,256
MYM00096471,2006-08-19,TMAX,338
MYM00096471,2009-02-28,TMAX,311
MYM00096471,2010-07-28,TMAX,314
MYM00096471,2006-02-06,TMIN,234
MYM00096471,2010-06-25,TMAX,313
MYM00096471,2006-02-06,TMAX,312
MYM00096471,2006-08-05,TMAX,325
MYM00096471,2007-12-21,TMIN,231
MYM00096471,2011-04-19,TMAX,323
MYM00096471,2013-12-02,TMIN,237
MYM00096471,2012-10-14,TMAX,321
MYM00096471,2007-03-28,TMIN,233
MYM00096471,2012-04-14,TMAX,331
MYM00096471,2008-03-05,TMAX,293
MYM00096471,2010-11-29,TMIN,238
MYM00096471,2012-04-19,TMAX,331
MYM00096471,2009-12-27,TMIN,238
MYM00096471,2009-12-27,TMAX,330
MYM00096471,2006-10-31,TMAX,311
MYM00096471,2006-10-31,TMIN,235
MYM00096471,2008-03-05,TMIN,227
MYM00096471,2006-02-10,TMIN,233
MYM00096471,2015-05-23,TMAX,351
MYM00096471,2011-11-09,TMAX,333
MYM00096471,2008-02-13,TMAX,291
MYM00096471,2008-09-03,TMAX,334
MYM00096471,2011-05-11,TMIN,254
MYM00096471,2008-02-13,TMIN,225
MYM00096471,2012-06-25,TMIN,243
MYM00096471,2011-10-30,TMAX,341
MYM00096471,2011-10-30,TMIN,245
MYM00096471,2014-01-14,TMIN,230
MYM00096471,2011-07-14,TMIN,244
MYM00096471,2011-05-11,TMAX,342
MYM00096471,2005-11-14,TMIN,230
MYM00096471,2006-01-21,TMIN,236
MYM00096471,2011-04-29,TMIN,253
MYM00096471,2008-09-11,TMIN,239
MYM00096471,2007-03-05,TMIN,234
MYM00096471,2009-10-28,TMAX,323
MYM00096471,2013-06-27,TMAX,340
MYM00096471,2009-05-02,TMAX,313
MYM00096471,2007-08-18,TMIN,240
MYM00096471,2005-04-25,TMIN,248
MYM00096471,2005-04-25,TMAX,344
MYM00096471,2013-06-27,TMIN,238
MYM00096471,2007-02-10,TMAX,320
MYM00096471,2009-05-02,TMIN,247
MYM00096471,2009-10-10,TMIN,243
MYM00096471,2012-07-11,TMAX,328
MYM00096471,2012-07-11,TMIN,237
MYM00096471,2007-05-27,TMAX,342
MYM00096471,2005-09-22,TMIN,242
MYM00096471,2010-06-29,TMAX,324
MYM00096471,2009-07-26,TMAX,323
MYM00096471,2005-09-22,TMAX,322
MYM00096471,2010-12-15,TMAX,326
MYM00096471,2008-09-05,TMAX,290
MYM00096471,2006-06-08,TMIN,246
MYM00096471,2013-08-22,TMIN,237
MYM00096471,2014-03-22,TMIN,242
MYM00096471,2006-04-19,TMAX,342
MYM00096471,2011-02-22,TMAX,307
MYM00096471,2009-05-31,TMAX,325
MYM00096471,2007-01-31,TMIN,228
MYM00096471,2008-05-13,TMIN,232
MYM00096471,2011-05-01,TMIN,250
MYM00096471,2012-02-21,TMAX,312
MYM00096471,2006-12-24,TMAX,332
MYM00096471,2005-05-23,TMIN,240
MYM00096471,2007-07-29,TMIN,236
MYM00096471,2012-01-28,TMAX,315
MYM00096471,2005-09-15,TMIN,231
MYM00096471,2013-01-11,TMIN,240
MYM00096471,2007-06-23,TMIN,251
MYM00096471,2013-01-11,TMAX,312
MYM00096471,2007-06-23,TMAX,338
MYM00096471,2007-04-14,TMAX,343
MYM00096471,2015-10-17,TMIN,250
MYM00096471,2012-11-23,TMAX,324
MYM00096471,2012-04-19,TMIN,244
MYM00096471,2012-11-23,TMIN,237
MYM00096471,2011-09-13,TMAX,331
MYM00096471,2010-11-18,TMAX,316
MYM00096471,2007-09-15,TMAX,313
MYM00096471,2006-06-17,TMAX,332
MYM00096471,2006-06-08,TMAX,328
MYM00096471,2012-02-06,TMAX,322
MYM00096471,2008-10-15,TMIN,232
MYM00096471,2006-09-24,TMAX,300
MYM00096471,2007-04-09,TMAX,333
MYM00096471,2012-02-06,TMIN,239
MYM00096471,2011-02-22,TMIN,236
MYM00096471,2015-06-10,TMIN,243
MYM00096471,2015-06-10,TMAX,324
MYM00096471,2011-08-22,TMAX,323
MYM00096471,2011-06-05,TMAX,334
MYM00096471,2013-02-23,TMIN,230
MYM00096471,2009-03-20,TMAX,313
MYM00096471,2010-11-08,TMAX,303
MYM00096471,2015-05-23,TMIN,260
MYM00096471,2011-07-14,TMAX,332
MYM00096471,2007-10-10,TMAX,303
MYM00096471,2011-03-31,TMAX,315
MYM00096471,2013-05-19,TMIN,240
MYM00096471,2013-07-04,TMAX,331
MYM00096471,2015-01-08,TMIN,239
MYM00096471,2007-10-23,TMAX,321
MYM00096471,2011-01-14,TMAX,318
MYM00096471,2015-02-03,TMIN,234
MYM00096471,2014-11-17,TMIN,245
MYM00096471,2007-03-16,TMAX,332
MYM00096471,2007-03-16,TMIN,238
MYM00096471,2005-09-13,TMIN,243
MYM00096471,2012-10-16,TMIN,237
MYM00096471,2010-09-19,TMAX,324
MYM00096471,2010-09-19,TMIN,232
MYM00096471,2012-05-04,TMAX,330
MYM00096471,2006-03-17,TMAX,321
MYM00096471,2006-03-17,TMIN,238
MYM00096471,2005-01-30,TMIN,230
MYM00096471,2009-09-30,TMAX,356
MYM00096471,2012-07-27,TMIN,231
MYM00096471,2015-06-30,TMIN,226
MYM00096471,2013-01-16,TMAX,321
MYM00096471,2013-01-16,TMIN,232
MYM00096471,2015-07-24,TMAX,331
MYM00096471,2009-04-09,TMAX,330
MYM00096471,2009-04-12,TMAX,314
MYM00096471,2015-09-06,TMIN,246
MYM00096471,2007-07-26,TMAX,300
MYM00096471,2006-07-01,TMIN,233
MYM00096471,2008-04-19,TMAX,332
MYM00096471,2015-05-15,TMIN,254
MYM00096471,2008-04-19,TMIN,238
MYM00096471,2015-05-15,TMAX,344
MYM00096471,2015-11-29,TMAX,320
MYM00096471,2015-11-29,TMIN,247
MYM00096471,2009-05-24,TMAX,333
MYM00096471,2006-07-01,TMAX,290
MYM00096471,2005-06-19,TMIN,245
MYM00096471,2005-06-19,TMAX,336
MYM00096471,2009-04-09,TMIN,242
MYM00096471,2005-10-31,TMAX,335
MYM00096471,2012-07-05,TMIN,236
MYM00096471,2008-06-20,TMAX,309
MYM00096471,2011-12-19,TMAX,326
MYM00096471,2007-11-10,TMIN,239
MYM00096471,2012-09-10,TMAX,322
MYM00096471,2012-03-22,TMAX,330
MYM00096471,2007-08-07,TMAX,323
MYM00096471,2007-02-20,TMAX,338
MYM00096471,2015-06-18,TMAX,330
MYM00096471,2015-06-18,TMIN,233
MYM00096471,2010-06-15,TMAX,323
MYM00096471,2008-10-20,TMIN,243
MYM00096471,2014-08-22,TMIN,230
MYM00096471,2013-10-20,TMIN,226
MYM00096471,2008-01-29,TMAX,327
MYM00096471,2013-06-14,TMAX,316
MYM00096471,2010-12-10,TMIN,240
MYM00096471,2015-08-12,TMAX,340
MYM00096471,2008-01-29,TMIN,235
MYM00096471,2014-01-09,TMIN,223
MYM00096471,2010-04-10,TMIN,242
MYM00096471,2011-07-16,TMAX,329
MYM00096471,2010-04-10,TMAX,322
MYM00096471,2008-08-08,TMIN,240
MYM00096471,2013-06-14,TMIN,240
MYM00096471,2012-11-22,TMIN,234
MYM00096471,2009-04-12,TMIN,247
MYM00096471,2012-12-05,TMAX,322
MYM00096471,2012-11-22,TMAX,315
MYM00096471,2011-08-14,TMIN,232
MYM00096471,2014-02-08,TMIN,237
MYM00096471,2011-08-14,TMAX,331
MYM00096471,2015-05-02,TMAX,337
MYM00096471,2015-05-02,TMIN,259
MYM00096471,2012-03-22,TMIN,239
MYM00096471,2013-04-29,TMAX,347
MYM00096471,2012-07-27,TMAX,327
MYM00096471,2013-04-22,TMIN,224
MYM00096471,2015-03-15,TMIN,241
MYM00096471,2008-05-24,TMAX,330
MYM00096471,2013-04-22,TMAX,332
MYM00096471,2011-09-11,TMAX,343
MYM00096471,2015-03-15,TMAX,326
MYM00096471,2015-03-02,TMIN,228
MYM00096471,2012-12-28,TMIN,240
MYM00096471,2009-05-24,TMIN,239
MYM00096471,2012-12-28,TMAX,319
MYM00096471,2008-05-24,TMIN,246
MYM00096471,2015-10-28,TMAX,335
MYM00096471,2012-03-18,TMIN,244
MYM00096471,2010-05-02,TMIN,255
MYM00096471,2012-03-18,TMAX,321
MYM00096471,2011-02-08,TMAX,306
MYM00096471,2008-02-28,TMAX,314
MYM00096471,2011-10-01,TMAX,342
MYM00096471,2008-12-14,TMAX,313
MYM00096471,2008-12-17,TMIN,249
MYM00096471,2009-06-11,TMAX,341
MYM00096471,2013-03-09,TMIN,236
MYM00096471,2013-03-09,TMAX,312
MYM00096471,2011-03-03,TMAX,303
MYM00096471,2012-07-09,TMIN,239
MYM00096471,2008-06-27,TMAX,331
MYM00096471,2008-06-27,TMIN,239
MYM00096471,2010-08-27,TMAX,321
MYM00096471,2015-11-04,TMIN,234
MYM00096471,2007-09-02,TMAX,328
MYM00096471,2015-11-04,TMAX,324
MYM00096471,2006-12-22,TMIN,236
MYM00096471,2006-12-22,TMAX,334
MYM00096471,2012-08-16,TMIN,234
MYM00096471,2008-02-29,TMAX,313
MYM00096471,2007-09-14,TMAX,311
MYM00096471,2008-02-28,TMIN,238
MYM00096471,2006-12-31,TMIN,244
MYM00096471,2011-12-17,TMAX,303
MYM00096471,2011-12-17,TMIN,239
MYM00096471,2007-02-21,TMAX,314
MYM00096471,2011-10-23,TMAX,337
MYM00096471,2009-08-20,TMAX,310
MYM00096471,2011-10-23,TMIN,237
MYM00096471,2015-02-05,TMIN,237
MYM00096471,2011-01-26,TMIN,237
MYM00096471,2006-05-30,TMIN,237
MYM00096471,2006-05-30,TMAX,331
MYM00096471,2009-04-08,TMIN,239
MYM00096471,2011-01-26,TMAX,302
MYM00096471,2013-02-25,TMAX,312
MYM00096471,2013-02-25,TMIN,236
MYM00096471,2006-03-23,TMAX,331
MYM00096471,2011-05-19,TMAX,331
MYM00096471,2011-05-19,TMIN,249
MYM00096471,2009-04-08,TMAX,320
MYM00096471,2006-04-22,TMAX,336
MYM00096471,2006-12-31,TMAX,324
MYM00096471,2009-07-22,TMAX,333
MYM00096471,2015-08-21,TMIN,248
MYM00096471,2008-07-13,TMIN,247
MYM00096471,2007-09-14,TMIN,247
MYM00096471,2006-08-13,TMAX,317
MYM00096471,2010-07-27,TMIN,239
MYM00096471,2013-11-08,TMIN,237
MYM00096471,2012-10-15,TMAX,327
MYM00096471,2007-12-13,TMAX,323
MYM00096471,2007-07-09,TMAX,316
MYM00096471,2005-05-02,TMAX,351
MYM00096471,2007-12-13,TMIN,240
MYM00096471,2007-05-18,TMAX,342
MYM00096471,2007-05-18,TMIN,253
MYM00096471,2006-03-01,TMAX,323
MYM00096471,2006-03-01,TMIN,246
MYM00096471,2006-09-01,TMAX,304
MYM00096471,2010-10-06,TMAX,342
MYM00096471,2006-09-01,TMIN,230
MYM00096471,2009-08-11,TMAX,350
MYM00096471,2005-09-07,TMAX,294
MYM00096471,2008-07-18,TMAX,330
MYM00096471,2006-08-13,TMIN,235
MYM00096471,2011-03-26,TMAX,281
MYM00096471,2012-07-02,TMAX,341
MYM00096471,2009-10-26,TMAX,332
MYM00096471,2008-07-13,TMAX,324
MYM00096471,2010-03-28,TMAX,324
MYM00096471,2005-05-29,TMIN,247
MYM00096471,2013-06-28,TMAX,333
MYM00096471,2008-03-21,TMIN,236
MYM00096471,2008-10-07,TMIN,232
MYM00096471,2008-03-21,TMAX,303
MYM00096471,2008-10-07,TMAX,323
MYM00096471,2011-03-26,TMIN,237
MYM00096471,2011-09-26,TMAX,324
MYM00096471,2011-08-02,TMAX,351
MYM00096471,2009-04-30,TMIN,244
MYM00096471,2009-04-30,TMAX,326
MYM00096471,2015-08-21,TMAX,330
MYM00096471,2013-12-06,TMIN,234
MYM00096471,2005-12-18,TMAX,326
MYM00096471,2005-12-18,TMIN,246
MYM00096471,2007-04-18,TMIN,246
MYM00096471,2007-04-18,TMAX,341
MYM00096471,2009-10-26,TMIN,247
MYM00096471,2009-07-22,TMIN,239
MYM00096471,2009-05-19,TMIN,228
MYM00096471,2013-02-12,TMIN,227
MYM00096471,2010-10-24,TMAX,332
MYM00096471,2010-10-24,TMIN,240
MYM00096471,2015-04-30,TMIN,251
MYM00096471,2009-05-30,TMAX,324
MYM00096471,2010-10-05,TMIN,253
MYM00096471,2012-09-04,TMAX,333
MYM00096471,2011-10-29,TMAX,341
MYM00096471,2015-04-30,TMAX,334
MYM00096471,2012-09-04,TMIN,235
MYM00096471,2012-10-06,TMAX,332
MYM00096471,2015-04-25,TMIN,246
MYM00096471,2014-01-15,TMIN,228
MYM00096471,2010-01-11,TMAX,320
MYM00096471,2009-11-10,TMAX,331
MYM00096471,2014-11-06,TMIN,239
MYM00096471,2015-11-30,TMIN,246
MYM00096471,2006-06-01,TMAX,320
MYM00096471,2006-06-01,TMIN,231
MYM00096471,2011-10-29,TMIN,246
MYM00096471,2009-09-13,TMAX,342
MYM00096471,2015-11-30,TMAX,333
MYM00096471,2007-01-05,TMIN,243
MYM00096471,2013-05-27,TMIN,244
MYM00096471,2015-06-09,TMAX,350
MYM00096471,2011-12-29,TMIN,248
MYM00096471,2011-12-29,TMAX,329
MYM00096471,2011-02-05,TMAX,291
MYM00096471,2011-07-05,TMAX,302
MYM00096471,2006-02-15,TMAX,323
MYM00096471,2006-02-15,TMIN,244
MYM00096471,2011-02-05,TMIN,236
MYM00096471,2011-04-02,TMAX,323
MYM00096471,2011-01-27,TMIN,236
MYM00096471,2007-05-15,TMIN,248
MYM00096471,2006-10-01,TMAX,303
MYM00096471,2010-10-02,TMIN,240
MYM00096471,2010-10-02,TMAX,330
MYM00096471,2010-01-30,TMAX,317
MYM00096471,2011-10-12,TMAX,324
MYM00096471,2008-04-25,TMAX,320
MYM00096471,2008-02-25,TMIN,221
MYM00096471,2008-06-16,TMAX,324
MYM00096471,2009-05-30,TMIN,241
MYM00096471,2012-09-08,TMAX,321
MYM00096471,2005-08-27,TMIN,236
MYM00096471,2009-11-15,TMAX,320
MYM00096471,2013-01-19,TMAX,302
MYM00096471,2013-06-01,TMIN,246
MYM00096471,2015-04-18,TMAX,336
MYM00096471,2011-06-23,TMIN,255
MYM00096471,2008-11-18,TMIN,245
MYM00096471,2011-08-26,TMAX,333
MYM00096471,2006-08-06,TMIN,237
MYM00096471,2006-08-06,TMAX,326
MYM00096471,2011-08-26,TMIN,249
MYM00096471,2006-03-11,TMAX,312
MYM00096471,2010-05-01,TMIN,247
MYM00096471,2010-05-01,TMAX,330
MYM00096471,2006-03-11,TMIN,227
MYM00096471,2013-01-19,TMIN,237
MYM00096471,2005-08-24,TMAX,315
MYM00096471,2005-08-24,TMIN,232
MYM00096471,2012-08-08,TMAX,333
MYM00096471,2008-12-23,TMIN,245
MYM00096471,2010-02-26,TMIN,249
MYM00096471,2006-08-16,TMAX,332
MYM00096471,2005-08-27,TMAX,331
MYM00096471,2011-06-23,TMAX,322
MYM00096471,2009-08-30,TMIN,237
MYM00096471,2008-04-27,TMIN,236
MYM00096471,2007-01-17,TMIN,248
MYM00096471,2010-12-16,TMAX,322
MYM00096471,2015-06-25,TMIN,258
MYM00096471,2007-01-17,TMAX,323
MYM00096471,2011-06-29,TMAX,318
MYM00096471,2013-08-18,TMIN,248
MYM00096471,2009-12-07,TMIN,246
MYM00096471,2009-12-07,TMAX,333
MYM00096471,2010-09-11,TMIN,237
MYM00096471,2007-05-07,TMIN,245
MYM00096471,2007-08-13,TMIN,237
MYM00096471,2015-04-18,TMIN,245
MYM00096471,2008-08-10,TMAX,332
MYM00096471,2012-10-07,TMAX,314
MYM00096471,2015-08-05,TMIN,236
MYM00096471,2012-10-07,TMIN,233
MYM00096471,2012-03-12,TMAX,310
MYM00096471,2006-05-25,TMIN,236
MYM00096471,2009-08-30,TMAX,328
MYM00096471,2005-11-17,TMAX,322
MYM00096471,2013-04-05,TMIN,255
MYM00096471,2012-08-04,TMAX,330
MYM00096471,2015-11-25,TMAX,330
MYM00096471,2010-07-01,TMAX,330
MYM00096471,2014-07-21,TMIN,253
MYM00096471,2010-07-01,TMIN,243
MYM00096471,2015-10-05,TMIN,233
MYM00096471,2006-09-27,TMIN,236
MYM00096471,2009-03-17,TMIN,235
MYM00096471,2006-09-27,TMAX,307
MYM00096471,2005-03-31,TMIN,237
MYM00096471,2005-03-31,TMAX,331
MYM00096471,2010-04-01,TMIN,251
MYM00096471,2010-04-01,TMAX,324
MYM00096471,2005-11-13,TMIN,230
MYM00096471,2014-12-20,TMIN,247
MYM00096471,2010-10-25,TMAX,330
MYM00096471,2010-04-26,TMIN,251
MYM00096471,2015-05-10,TMIN,255
MYM00096471,2015-05-10,TMAX,350
MYM00096471,2012-11-19,TMAX,330
MYM00096471,2013-06-16,TMAX,343
MYM00096471,2012-11-19,TMIN,246
MYM00096471,2010-11-12,TMIN,234
MYM00096471,2015-11-25,TMIN,240
MYM00096471,2008-08-03,TMIN,230
MYM00096471,2008-11-13,TMAX,320
MYM00096471,2008-11-13,TMIN,244
MYM00096471,2012-08-22,TMAX,334
MYM00096471,2007-05-02,TMIN,243
MYM00096471,2007-05-02,TMAX,324
MYM00096471,2006-02-11,TMIN,240
MYM00096471,2012-08-22,TMIN,249
MYM00096471,2006-08-31,TMAX,320
MYM00096471,2007-05-09,TMAX,341
MYM00096471,2012-05-26,TMIN,246
MYM00096471,2015-11-20,TMAX,332
MYM00096471,2012-03-20,TMAX,313
MYM00096471,2012-03-20,TMIN,246
MYM00096471,2005-12-30,TMIN,236
MYM00096471,2012-12-16,TMIN,239
MYM00096471,2013-06-16,TMIN,254
MYM00096471,2015-08-13,TMAX,333
MYM00096471,2015-08-13,TMIN,248
MYM00096471,2009-06-15,TMIN,244
MYM00096471,2012-09-08,TMIN,231
MYM00096471,2012-11-26,TMAX,323
MYM00096471,2015-02-26,TMIN,243
MYM00096471,2005-11-20,TMIN,232
MYM00096471,2008-11-17,TMIN,241
MYM00096471,2008-11-17,TMAX,329
MYM00096471,2011-05-31,TMIN,250
MYM00096471,2011-07-30,TMIN,246
MYM00096471,2006-07-09,TMAX,341
MYM00096471,2006-07-09,TMIN,249
MYM00096471,2009-06-17,TMAX,302
MYM00096471,2012-08-04,TMIN,243
MYM00096471,2008-04-14,TMIN,235
MYM00096471,2015-08-14,TMAX,321
MYM00096471,2015-08-07,TMAX,292
MYM00096471,2015-08-07,TMIN,234
MYM00096471,2009-11-21,TMAX,320
MYM00096471,2009-11-21,TMIN,244
MYM00096471,2008-09-16,TMIN,237
MYM00096471,2007-07-12,TMAX,300
MYM00096471,2008-04-14,TMAX,314
MYM00096471,2012-09-17,TMIN,236
MYM00096471,2011-07-30,TMAX,342
MYM00096471,2012-11-26,TMIN,236
MYM00096471,2015-08-14,TMIN,248
MYM00096471,2006-04-04,TMIN,236
MYM00096471,2006-06-05,TMIN,235
MYM00096471,2006-06-05,TMAX,340
MYM00096471,2008-02-21,TMIN,231
MYM00096471,2005-01-31,TMAX,320
MYM00096471,2011-02-03,TMAX,307
MYM00096471,2009-02-16,TMAX,323
MYM00096471,2012-04-20,TMAX,333
MYM00096471,2011-02-03,TMIN,231
MYM00096471,2011-04-02,TMIN,243
MYM00096471,2012-10-25,TMAX,290
MYM00096471,2008-03-29,TMAX,312
MYM00096471,2015-09-22,TMIN,242
MYM00096471,2013-09-13,TMIN,242
MYM00096471,2007-01-30,TMIN,219
MYM00096471,2005-10-27,TMIN,233
MYM00096471,2009-10-05,TMIN,252
MYM00096471,2006-07-31,TMIN,236
MYM00096471,2007-01-30,TMAX,300
MYM00096471,2011-08-01,TMIN,252
MYM00096471,2011-08-01,TMAX,346
MYM00096471,2012-08-08,TMIN,240
MYM00096471,2007-05-22,TMIN,232
MYM00096471,2005-11-17,TMIN,238
MYM00096471,2010-10-20,TMAX,321
MYM00096471,2012-08-25,TMIN,235
MYM00096471,2011-08-21,TMAX,332
MYM00096471,2008-10-05,TMAX,306
MYM00096471,2005-05-30,TMAX,331
MYM00096471,2007-04-13,TMAX,318
MYM00096471,2006-03-12,TMIN,233
MYM00096471,2006-03-12,TMAX,320
MYM00096471,2013-12-11,TMIN,234
MYM00096471,2015-04-16,TMAX,337
MYM00096471,2006-12-08,TMIN,227
MYM00096471,2013-07-18,TMIN,238
MYM00096471,2007-10-13,TMIN,236
MYM00096471,2005-11-18,TMAX,320
MYM00096471,2010-12-31,TMIN,235
MYM00096471,2015-07-29,TMAX,321
MYM00096471,2008-04-12,TMAX,324
MYM00096471,2015-07-29,TMIN,234
MYM00096471,2006-12-08,TMAX,330
MYM00096471,2011-08-21,TMIN,249
MYM00096471,2010-08-29,TMAX,334
MYM00096471,2015-02-06,TMIN,235
MYM00096471,2006-07-12,TMIN,247
MYM00096471,2013-06-18,TMAX,332
MYM00096471,2006-06-09,TMAX,314
MYM00096471,2006-06-09,TMIN,244
MYM00096471,2009-02-05,TMAX,293
MYM00096471,2007-09-11,TMAX,312
MYM00096471,2011-05-22,TMAX,322
MYM00096471,2009-01-06,TMIN,238
MYM00096471,2010-01-31,TMIN,238
MYM00096471,2006-04-21,TMAX,332
MYM00096471,2009-11-04,TMAX,334
MYM00096471,2006-04-21,TMIN,236
MYM00096471,2011-09-03,TMAX,342
MYM00096471,2009-11-04,TMIN,244
MYM00096471,2015-11-28,TMAX,313
MYM00096471,2011-07-13,TMAX,320
MYM00096471,2009-01-12,TMAX,264
MYM00096471,2009-01-12,TMIN,237
MYM00096471,2015-06-21,TMIN,238
MYM00096471,2007-10-13,TMAX,333
MYM00096471,2013-11-22,TMIN,227
MYM00096471,2012-12-10,TMIN,238
MYM00096471,2015-04-16,TMIN,246
MYM00096471,2012-09-07,TMAX,306
MYM00096471,2015-07-26,TMIN,242
MYM00096471,2015-07-26,TMAX,330
MYM00096471,2012-09-16,TMIN,224
MYM00096471,2014-03-21,TMIN,234
MYM00096471,2010-07-26,TMIN,235
MYM00096471,2010-07-26,TMAX,328
MYM00096471,2007-05-20,TMIN,243
MYM00096471,2007-05-20,TMAX,333
MYM00096471,2010-10-14,TMAX,343
MYM00096471,2006-04-20,TMIN,234
MYM00096471,2006-04-20,TMAX,313
MYM00096471,2012-09-16,TMAX,331
MYM00096471,2010-12-20,TMAX,304
MYM00096471,2006-05-28,TMAX,315
MYM00096471,2007-01-23,TMAX,314
MYM00096471,2006-05-01,TMAX,333
MYM00096471,2015-01-12,TMIN,251
MYM00096471,2008-04-16,TMAX,324
MYM00096471,2006-12-14,TMAX,324
MYM00096471,2007-08-29,TMAX,325
MYM00096471,2007-12-19,TMAX,314
MYM00096471,2015-02-11,TMIN,234
MYM00096471,2007-01-03,TMIN,236
MYM00096471,2013-01-27,TMAX,318
MYM00096471,2007-01-03,TMAX,324
MYM00096471,2008-03-01,TMAX,305
MYM00096471,2010-07-15,TMIN,239
MYM00096471,2013-06-03,TMAX,341
MYM00096471,2008-10-21,TMIN,244
MYM00096471,2008-10-21,TMAX,337
MYM00096471,2011-01-05,TMAX,314
MYM00096471,2014-02-10,TMIN,233
MYM00096471,2015-12-30,TMAX,326
MYM00096471,2011-01-05,TMIN,235
MYM00096471,2013-05-25,TMIN,243
MYM00096471,2012-07-06,TMAX,323
MYM00096471,2012-07-06,TMIN,238
MYM00096471,2013-05-25,TMAX,316
MYM00096471,2007-04-22,TMIN,241
MYM00096471,2007-04-22,TMAX,333
MYM00096471,2006-09-04,TMAX,332
MYM00096471,2006-12-14,TMIN,237
MYM00096471,2007-08-29,TMIN,222
MYM00096471,2013-11-12,TMIN,233
MYM00096471,2010-11-04,TMAX,327
MYM00096471,2015-11-24,TMAX,332
MYM00096471,2009-05-25,TMAX,345
MYM00096471,2007-03-04,TMAX,322
MYM00096471,2010-06-07,TMAX,330
MYM00096471,2010-02-19,TMIN,241
MYM00096471,2005-06-12,TMIN,254
MYM00096471,2008-02-12,TMAX,263
MYM00096471,2008-02-12,TMIN,227
MYM00096471,2010-05-16,TMAX,324
MYM00096471,2005-06-12,TMAX,352
MYM00096471,2009-07-30,TMAX,282
MYM00096471,2010-03-04,TMIN,244
MYM00096471,2009-02-11,TMAX,303
MYM00096471,2005-01-17,TMIN,197
MYM00096471,2006-05-22,TMAX,327
MYM00096471,2005-12-14,TMIN,239
MYM00096471,2006-07-18,TMAX,336
MYM00096471,2012-05-10,TMIN,239
MYM00096471,2008-06-01,TMAX,324
MYM00096471,2010-12-06,TMAX,295
MYM00096471,2006-07-10,TMIN,249
MYM00096471,2010-02-19,TMAX,323
MYM00096471,2012-09-22,TMIN,238
MYM00096471,2010-05-21,TMAX,334
MYM00096471,2009-10-08,TMIN,229
MYM00096471,2009-10-08,TMAX,314
MYM00096471,2008-11-14,TMIN,247
MYM00096471,2008-11-14,TMAX,321
MYM00096471,2015-09-16,TMIN,248
MYM00096471,2012-02-09,TMIN,230
MYM00096471,2010-04-22,TMIN,258
MYM00096471,2008-09-22,TMIN,241
MYM00096471,2011-11-15,TMIN,245
MYM00096471,2007-11-26,TMIN,258
MYM00096471,2007-11-26,TMAX,301
MYM00096471,2009-12-06,TMIN,245
MYM00096471,2011-01-23,TMAX,291
MYM00096471,2010-06-23,TMAX,334
MYM00096471,2011-01-23,TMIN,231
MYM00096471,2011-09-18,TMIN,236
MYM00096471,2011-09-18,TMAX,332
MYM00096471,2008-09-30,TMAX,337
MYM00096471,2010-10-01,TMAX,321
MYM00096471,2011-04-05,TMAX,293
MYM00096471,2010-09-18,TMAX,299
MYM00096471,2008-07-24,TMIN,232
MYM00096471,2006-08-21,TMIN,242
MYM00096471,2006-03-20,TMIN,239
MYM00096471,2011-08-31,TMAX,312
MYM00096471,2014-01-02,TMIN,240
MYM00096471,2011-08-31,TMIN,234
MYM00096471,2006-10-25,TMAX,335
MYM00096471,2006-10-25,TMIN,243
MYM00096471,2011-07-15,TMAX,333
MYM00096471,2013-10-27,TMIN,229
MYM00096471,2007-06-28,TMAX,337
MYM00096471,2007-06-28,TMIN,240
MYM00096471,2011-11-23,TMAX,318
MYM00096471,2009-03-11,TMAX,324
MYM00096471,2012-09-28,TMAX,332
MYM00096471,2012-01-31,TMAX,323
MYM00096471,2012-09-28,TMIN,238
MYM00096471,2010-11-19,TMAX,320
MYM00096471,2012-01-31,TMIN,243
MYM00096471,2007-02-05,TMAX,311
MYM00096471,2008-01-17,TMAX,312
MYM00096471,2009-05-25,TMIN,244
MYM00096471,2005-04-26,TMIN,257
MYM00096471,2012-06-18,TMAX,330
MYM00096471,2010-09-03,TMAX,323
MYM00096471,2011-05-02,TMAX,314
MYM00096471,2010-09-03,TMIN,245
MYM00096471,2007-11-22,TMAX,300
MYM00096471,2012-11-16,TMAX,292
MYM00096471,2009-04-18,TMAX,331
MYM00096471,2008-03-16,TMAX,314
MYM00096471,2008-07-24,TMAX,306
MYM00096471,2013-03-29,TMAX,332
MYM00096471,2008-03-16,TMIN,233
MYM00096471,2009-03-04,TMAX,326
MYM00096471,2009-11-09,TMIN,246
MYM00096471,2009-11-09,TMAX,335
MYM00096471,2007-04-26,TMAX,324
MYM00096471,2007-04-26,TMIN,238
MYM00096471,2007-10-21,TMIN,235
MYM00096471,2005-11-07,TMIN,237
MYM00096471,2013-07-16,TMIN,237
MYM00096471,2012-02-13,TMAX,313
MYM00096471,2012-06-18,TMIN,229
MYM00096471,2005-09-09,TMAX,270
MYM00096471,2008-05-22,TMAX,330
MYM00096471,2007-05-29,TMAX,332
MYM00096471,2011-01-15,TMAX,319
MYM00096471,2011-01-11,TMAX,320
MYM00096471,2011-01-15,TMIN,231
MYM00096471,2010-02-14,TMIN,219
MYM00096471,2015-07-28,TMAX,328
MYM00096471,2011-07-20,TMAX,342
MYM00096471,2007-12-28,TMAX,312
MYM00096471,2007-12-28,TMIN,230
MYM00096471,2013-05-31,TMIN,238
MYM00096471,2005-06-29,TMAX,331
MYM00096471,2013-04-19,TMAX,332
MYM00096471,2013-04-19,TMIN,240
MYM00096471,2013-07-30,TMIN,220
MYM00096471,2011-09-29,TMIN,237
MYM00096471,2011-09-29,TMAX,334
MYM00096471,2010-07-14,TMAX,322
MYM00096471,2006-06-11,TMIN,236
MYM00096471,2011-12-28,TMAX,323
MYM00096471,2011-12-28,TMIN,246
MYM00096471,2010-02-14,TMAX,324
MYM00096471,2015-09-03,TMIN,251
MYM00096471,2011-01-11,TMIN,237
MYM00096471,2009-06-19,TMIN,240
MYM00096471,2009-05-18,TMAX,301
MYM00096471,2010-02-25,TMAX,324
MYM00096471,2006-09-13,TMAX,320
MYM00096471,2008-01-16,TMAX,315
MYM00096471,2009-09-10,TMIN,246
MYM00096471,2009-09-10,TMAX,331
MYM00096471,2014-06-02,TMIN,240
MYM00096471,2007-01-12,TMAX,313
MYM00096471,2007-01-12,TMIN,233
MYM00096471,2012-04-25,TMAX,336
MYM00096471,2011-10-11,TMAX,332
MYM00096471,2011-10-11,TMIN,233
MYM00096471,2012-04-25,TMIN,242
MYM00096471,2010-09-22,TMIN,247
MYM00096471,2013-04-15,TMAX,330
MYM00096471,2012-09-18,TMIN,235
MYM00096471,2006-01-03,TMIN,228
MYM00096471,2012-09-18,TMAX,332
MYM00096471,2015-02-21,TMIN,236
MYM00096471,2009-06-19,TMAX,343
MYM00096471,2009-09-14,TMAX,332
MYM00096471,2012-12-09,TMAX,311
MYM00096471,2007-04-29,TMAX,311
MYM00096471,2009-01-16,TMAX,305
MYM00096471,2008-10-02,TMAX,326
MYM00096471,2014-05-06,TMIN,258
MYM00096471,2013-06-26,TMAX,320
MYM00096471,2013-11-26,TMIN,232
MYM00096471,2010-05-26,TMIN,250
MYM00096471,2010-05-26,TMAX,342
MYM00096471,2010-07-21,TMIN,231
MYM00096471,2011-12-11,TMAX,314
MYM00096471,2006-02-21,TMAX,313
MYM00096471,2006-02-21,TMIN,238
MYM00096471,2009-04-05,TMAX,313
MYM00096471,2009-08-07,TMIN,250
MYM00096471,2015-01-03,TMIN,234
MYM00096471,2015-08-31,TMIN,232
MYM00096471,2012-11-29,TMIN,243
MYM00096471,2012-11-29,TMAX,326
MYM00096471,2010-07-29,TMAX,323
MYM00096471,2008-12-18,TMAX,321
MYM00096471,2014-09-08,TMIN,231
MYM00096471,2010-07-03,TMAX,332
MYM00096471,2008-08-31,TMIN,226
MYM00096471,2008-08-31,TMAX,315
MYM00096471,2011-02-02,TMIN,230
MYM00096471,2010-12-20,TMIN,234
MYM00096471,2006-07-02,TMAX,314
MYM00096471,2006-07-02,TMIN,241
MYM00096471,2011-11-07,TMIN,233
MYM00096471,2011-11-07,TMAX,320
MYM00096471,2006-09-29,TMAX,320
MYM00096471,2006-09-29,TMIN,242
MYM00096471,2009-05-28,TMAX,341
MYM00096471,2015-09-03,TMAX,332
MYM00096471,2010-07-16,TMAX,335
MYM00096471,2012-12-09,TMIN,237
MYM00096471,2010-07-16,TMIN,247
MYM00096471,2012-06-03,TMAX,313
MYM00096471,2007-07-02,TMIN,233
MYM00096471,2008-03-11,TMAX,310
MYM00096471,2007-07-02,TMAX,332
MYM00096471,2008-03-11,TMIN,238
MYM00096471,2015-07-07,TMIN,249
MYM00096471,2012-12-23,TMAX,286
MYM00096471,2007-12-12,TMAX,321
MYM00096471,2012-02-19,TMIN,242
MYM00096471,2010-05-13,TMAX,343
MYM00096471,2007-09-18,TMIN,236
MYM00096471,2011-10-27,TMIN,237
MYM00096471,2006-10-08,TMAX,310
MYM00096471,2012-02-29,TMIN,227
MYM00096471,2012-02-28,TMIN,229
MYM00096471,2006-10-13,TMIN,230
MYM00096471,2012-02-29,TMAX,328
MYM00096471,2010-07-24,TMAX,304
MYM00096471,2007-02-22,TMAX,325
MYM00096471,2007-10-24,TMIN,237
MYM00096471,2007-02-22,TMIN,233
MYM00096471,2006-11-02,TMAX,330
MYM00096471,2008-10-25,TMAX,264
MYM00096471,2008-03-17,TMIN,237
MYM00096471,2008-03-17,TMAX,313
MYM00096471,2011-12-08,TMAX,321
MYM00096471,2011-12-08,TMIN,236
MYM00096471,2009-08-05,TMAX,331
MYM00096471,2012-06-23,TMAX,344
MYM00096471,2007-10-24,TMAX,297
MYM00096471,2005-12-27,TMIN,223
MYM00096471,2006-04-13,TMAX,337
MYM00096471,2013-02-27,TMIN,241
MYM00096471,2008-11-22,TMIN,236
MYM00096471,2009-01-07,TMIN,240
MYM00096471,2012-02-03,TMAX,326
MYM00096471,2013-03-03,TMAX,323
MYM00096471,2011-06-25,TMAX,340
MYM00096471,2005-09-04,TMIN,237
MYM00096471,2005-08-07,TMAX,322
MYM00096471,2005-09-04,TMAX,335
MYM00096471,2011-06-25,TMIN,260
MYM00096471,2005-08-07,TMIN,244
MYM00096471,2009-05-15,TMAX,340
MYM00096471,2006-05-17,TMAX,323
MYM00096471,2014-07-05,TMIN,251
MYM00096471,2012-03-27,TMIN,247
MYM00096471,2012-03-27,TMAX,331
MYM00096471,2009-01-31,TMAX,322
MYM00096471,2006-05-17,TMIN,236
MYM00096471,2009-01-07,TMAX,321
MYM00096471,2011-02-16,TMAX,314
MYM00096471,2013-02-27,TMAX,324
MYM00096471,2012-02-19,TMAX,327
MYM00096471,2010-07-24,TMIN,226
MYM00096471,2009-03-26,TMIN,236
MYM00096471,2008-07-01,TMAX,311
MYM00096471,2012-02-20,TMAX,323
MYM00096471,2015-07-23,TMAX,332
MYM00096471,2006-10-18,TMAX,336
MYM00096471,2011-07-09,TMIN,248
MYM00096471,2007-11-17,TMAX,284
MYM00096471,2015-10-22,TMAX,321
MYM00096471,2011-07-09,TMAX,337
MYM00096471,2009-09-17,TMAX,333
MYM00096471,2009-09-17,TMIN,241
MYM00096471,2013-05-30,TMAX,322
MYM00096471,2009-05-20,TMAX,332
MYM00096471,2012-08-18,TMIN,226
MYM00096471,2009-05-20,TMIN,238
MYM00096471,2005-07-30,TMAX,342
MYM00096471,2007-01-15,TMAX,311
MYM00096471,2007-01-11,TMAX,284
MYM00096471,2011-09-28,TMIN,233
MYM00096471,2015-10-22,TMIN,244
MYM00096471,2012-02-20,TMIN,247
MYM00096471,2009-03-26,TMAX,322
MYM00096471,2007-02-27,TMAX,317
MYM00096471,2015-07-23,TMIN,239
MYM00096471,2008-02-10,TMAX,284
MYM00096471,2007-03-22,TMIN,245
MYM00096471,2007-03-22,TMAX,316
MYM00096471,2015-05-27,TMAX,333
MYM00096471,2011-09-02,TMIN,242
MYM00096471,2013-09-09,TMIN,232
MYM00096471,2009-11-05,TMAX,328
MYM00096471,2010-02-17,TMAX,327
MYM00096471,2008-07-11,TMAX,322
MYM00096471,2010-09-12,TMIN,240
MYM00096471,2006-02-04,TMIN,237
MYM00096471,2010-02-17,TMIN,238
MYM00096471,2011-06-17,TMAX,315
MYM00096471,2006-03-03,TMIN,232
MYM00096471,2010-09-12,TMAX,321
MYM00096471,2006-03-03,TMAX,312
MYM00096471,2011-06-17,TMIN,236
MYM00096471,2013-01-31,TMIN,250
MYM00096471,2013-01-31,TMAX,322
MYM00096471,2007-02-27,TMIN,232
MYM00096471,2008-09-20,TMAX,332
MYM00096471,2010-02-26,TMAX,322
MYM00096471,2013-05-08,TMAX,332
MYM00096471,2012-10-30,TMIN,241
MYM00096471,2010-02-15,TMIN,232
MYM00096471,2011-07-25,TMAX,324
MYM00096471,2011-07-25,TMIN,240
MYM00096471,2012-03-07,TMAX,320
MYM00096471,2012-05-31,TMAX,332
MYM00096471,2009-11-07,TMIN,245
MYM00096471,2012-10-30,TMAX,333
MYM00096471,2010-02-15,TMAX,323
MYM00096471,2009-11-07,TMAX,335
MYM00096471,2005-10-24,TMAX,332
MYM00096471,2007-02-04,TMIN,226
MYM00096471,2007-02-04,TMAX,314
MYM00096471,2012-02-12,TMAX,321
MYM00096471,2005-10-24,TMIN,234
MYM00096471,2009-07-14,TMAX,315
MYM00096471,2009-07-14,TMIN,246
MYM00096471,2012-03-03,TMAX,324
MYM00096471,2012-02-12,TMIN,231
MYM00096471,2010-11-28,TMIN,236
MYM00096471,2009-09-08,TMAX,333
MYM00096471,2011-10-15,TMAX,333
MYM00096471,2009-05-17,TMAX,306
MYM00096471,2013-03-04,TMIN,233
MYM00096471,2013-03-04,TMAX,323
MYM00096471,2011-12-10,TMIN,246
MYM00096471,2011-12-10,TMAX,323
MYM00096471,2006-02-22,TMAX,324
MYM00096471,2006-02-22,TMIN,237
MYM00096471,2015-12-05,TMIN,245
MYM00096471,2008-01-20,TMAX,323
MYM00096471,2007-06-12,TMAX,331
MYM00096471,2005-12-02,TMAX,304
MYM00096471,2010-11-01,TMAX,320
MYM00096471,2012-01-09,TMIN,239
MYM00096471,2010-04-28,TMAX,320
MYM00096471,2011-07-10,TMAX,326
MYM00096471,2012-09-24,TMAX,305
MYM00096471,2009-09-08,TMIN,245
MYM00096471,2015-02-19,TMIN,218
MYM00096471,2011-10-15,TMIN,245
MYM00096471,2012-03-03,TMIN,231
MYM00096471,2010-09-01,TMAX,331
MYM00096471,2008-07-05,TMIN,237
MYM00096471,2008-07-05,TMAX,310
MYM00096471,2010-02-22,TMAX,319
MYM00096471,2015-11-17,TMIN,246
MYM00096471,2015-10-20,TMIN,242
MYM00096471,2015-10-20,TMAX,334
MYM00096471,2010-02-27,TMIN,246
MYM00096471,2006-03-02,TMAX,302
MYM00096471,2005-05-22,TMAX,329
MYM00096471,2007-10-03,TMIN,248
MYM00096471,2014-03-29,TMIN,238
MYM00096471,2015-04-22,TMIN,253
MYM00096471,2015-04-22,TMAX,334
MYM00096471,2007-10-03,TMAX,334
MYM00096471,2008-07-20,TMIN,237
MYM00096471,2008-12-15,TMAX,330
MYM00096471,2006-02-08,TMIN,238
MYM00096471,2006-02-08,TMAX,290
MYM00096471,2008-12-15,TMIN,240
MYM00096471,2011-02-25,TMAX,312
MYM00096471,2011-02-25,TMIN,243
MYM00096471,2010-02-22,TMIN,241
MYM00096471,2013-06-15,TMIN,245
MYM00096471,2014-12-22,TMIN,238
MYM00096471,2010-11-07,TMAX,323
MYM00096471,2008-11-19,TMIN,245
MYM00096471,2010-12-22,TMAX,314
MYM00096471,2008-10-01,TMIN,240
MYM00096471,2008-10-01,TMAX,334
MYM00096471,2011-03-29,TMAX,315
MYM00096471,2014-11-10,TMIN,239
MYM00096471,2012-08-13,TMAX,330
MYM00096471,2014-08-16,TMIN,231
MYM00096471,2008-04-28,TMAX,337
MYM00096471,2007-03-06,TMAX,327
MYM00096471,2008-04-28,TMIN,247
MYM00096471,2009-03-30,TMIN,244
MYM00096471,2007-03-08,TMAX,328
MYM00096471,2012-10-03,TMIN,234
MYM00096471,2012-10-03,TMAX,322
MYM00096471,2007-06-19,TMAX,312
MYM00096471,2006-09-22,TMIN,241
MYM00096471,2006-09-22,TMAX,323
MYM00096471,2010-11-07,TMIN,236
MYM00096471,2013-11-24,TMIN,234
MYM00096471,2015-10-19,TMIN,240
MYM00096471,2009-02-03,TMAX,300
MYM00096471,2013-09-12,TMIN,236
MYM00096471,2006-04-25,TMAX,316
MYM00096471,2014-12-17,TMIN,243
MYM00096471,2007-09-27,TMAX,315
MYM00096471,2014-06-23,TMIN,252
MYM00096471,2009-11-16,TMIN,240
MYM00096471,2009-11-16,TMAX,320
MYM00096471,2010-02-28,TMAX,326
MYM00096471,2012-09-27,TMAX,284
MYM00096471,2011-11-02,TMIN,249
MYM00096471,2011-11-02,TMAX,334
MYM00096471,2012-08-31,TMAX,312
MYM00096471,2012-09-27,TMIN,239
MYM00096471,2014-09-03,TMIN,239
MYM00096471,2012-08-21,TMIN,242
MYM00096471,2013-08-24,TMIN,248
MYM00096471,2010-03-06,TMIN,248
MYM00096471,2010-03-06,TMAX,335
MYM00096471,2011-05-10,TMIN,250
MYM00096471,2011-05-10,TMAX,330
MYM00096471,2006-05-29,TMIN,231
MYM00096471,2005-09-17,TMAX,310
MYM00096471,2013-01-05,TMIN,237
MYM00096471,2013-01-05,TMAX,321
MYM00096471,2012-07-15,TMIN,227
MYM00096471,2015-11-18,TMIN,247
MYM00096471,2006-12-10,TMIN,240
MYM00096471,2007-02-18,TMIN,233
MYM00096471,2012-07-15,TMAX,322
MYM00096471,2007-10-05,TMIN,242
MYM00096471,2007-10-05,TMAX,333
MYM00096471,2009-09-18,TMAX,322
MYM00096471,2010-09-15,TMAX,312
MYM00096471,2005-12-16,TMIN,232
MYM00096471,2012-09-26,TMAX,317
MYM00096471,2012-09-26,TMIN,228
MYM00096471,2013-04-26,TMAX,329
MYM00096471,2009-09-26,TMAX,293
MYM00096471,2015-03-12,TMAX,323
MYM00096471,2015-05-14,TMAX,341
MYM00096471,2015-07-04,TMAX,312
MYM00096471,2006-08-25,TMAX,325
MYM00096471,2012-06-22,TMAX,335
MYM00096471,2012-06-22,TMIN,246
MYM00096471,2011-12-25,TMAX,321
MYM00096471,2010-01-17,TMAX,285
MYM00096471,2009-12-30,TMIN,234
MYM00096471,2012-07-13,TMIN,237
MYM00096471,2011-05-30,TMIN,240
MYM00096471,2008-06-13,TMAX,332
MYM00096471,2008-06-13,TMIN,240
MYM00096471,2009-11-29,TMAX,333
MYM00096471,2012-07-01,TMIN,231
MYM00096471,2011-05-30,TMAX,331
MYM00096471,2010-04-09,TMAX,325
MYM00096471,2010-04-09,TMIN,240
MYM00096471,2012-03-29,TMAX,338
MYM00096471,2010-04-28,TMIN,242
MYM00096471,2015-07-19,TMIN,253
MYM00096471,2015-07-19,TMAX,343
MYM00096471,2012-03-24,TMIN,239
MYM00096471,2012-03-24,TMAX,317
MYM00096471,2009-06-13,TMAX,332
MYM00096471,2006-04-28,TMAX,313
MYM00096471,2015-05-04,TMAX,343
MYM00096471,2007-06-09,TMAX,336
MYM00096471,2009-03-28,TMIN,238
MYM00096471,2010-01-17,TMIN,231
MYM00096471,2011-09-24,TMAX,333
MYM00096471,2013-02-15,TMAX,324
MYM00096471,2012-08-21,TMAX,333
MYM00096471,2015-12-04,TMIN,236
MYM00096471,2009-03-28,TMAX,325
MYM00096471,2013-07-09,TMAX,325
MYM00096471,2010-04-11,TMAX,332
MYM00096471,2006-11-18,TMIN,235
MYM00096471,2010-04-11,TMIN,246
MYM00096471,2014-06-15,TMIN,259
MYM00096471,2013-10-10,TMIN,229
MYM00096471,2010-05-15,TMAX,334
MYM00096471,2012-01-25,TMIN,236
MYM00096471,2011-10-19,TMAX,334
MYM00096471,2011-10-19,TMIN,245
MYM00096471,2007-11-01,TMAX,264
MYM00096471,2013-01-18,TMIN,237
MYM00096471,2014-10-14,TMIN,219
MYM00096471,2013-02-15,TMIN,228
MYM00096471,2012-11-24,TMAX,330
MYM00096471,2012-11-24,TMIN,247
MYM00096471,2012-03-29,TMIN,241
MYM00096471,2011-12-25,TMIN,238
MYM00096471,2013-01-28,TMAX,312
MYM00096471,2013-01-28,TMIN,234
MYM00096471,2007-12-26,TMIN,243
MYM00096471,2012-11-28,TMIN,235
MYM00096471,2012-11-28,TMAX,333
MYM00096471,2011-01-04,TMAX,282
MYM00096471,2006-10-15,TMAX,320
MYM00096471,2006-06-06,TMAX,332
MYM00096471,2010-04-02,TMAX,334
MYM00096471,2006-01-19,TMAX,314
MYM00096471,2006-01-19,TMIN,233
MYM00096471,2012-10-26,TMIN,239
MYM00096471,2011-01-04,TMIN,232
MYM00096471,2009-06-08,TMIN,246
MYM00096471,2009-04-02,TMAX,330
MYM00096471,2009-04-02,TMIN,233
MYM00096471,2015-10-11,TMAX,337
MYM00096471,2009-06-08,TMAX,334
MYM00096471,2012-10-26,TMAX,325
MYM00096471,2006-08-18,TMIN,240
MYM00096471,2006-08-18,TMAX,334
MYM00096471,2008-05-17,TMIN,230
MYM00096471,2006-03-27,TMIN,244
MYM00096471,2008-05-17,TMAX,311
MYM00096471,2012-07-24,TMIN,249
MYM00096471,2008-11-24,TMAX,324
MYM00096471,2010-11-21,TMAX,313
MYM00096471,2010-11-21,TMIN,238
MYM00096471,2005-09-08,TMAX,291
MYM00096471,2013-03-19,TMIN,247
MYM00096471,2006-10-29,TMAX,330
MYM00096471,2008-10-14,TMAX,323
MYM00096471,2008-10-14,TMIN,230
MYM00096471,2006-07-15,TMAX,333
MYM00096471,2006-07-15,TMIN,242
MYM00096471,2015-11-01,TMIN,250
MYM00096471,2008-02-02,TMIN,237
MYM00096471,2008-02-02,TMAX,325
MYM00096471,2010-12-08,TMAX,322
MYM00096471,2005-01-23,TMIN,207
MYM00096471,2013-12-27,TMIN,233
MYM00096471,2009-12-18,TMAX,327
MYM00096471,2014-04-27,TMIN,258
MYM00096471,2015-10-11,TMIN,250
MYM00096471,2012-07-24,TMAX,322
MYM00096471,2008-05-02,TMIN,243
MYM00096471,2012-04-02,TMIN,247
MYM00096471,2006-01-23,TMAX,318
MYM00096471,2009-08-13,TMIN,249
MYM00096471,2015-12-20,TMAX,310
MYM00096471,2010-01-03,TMAX,321
MYM00096471,2010-06-03,TMAX,333
MYM00096471,2006-06-02,TMIN,236
MYM00096471,2006-06-02,TMAX,321
MYM00096471,2013-01-14,TMAX,280
MYM00096471,2008-03-03,TMAX,303
MYM00096471,2008-03-03,TMIN,233
MYM00096471,2006-12-26,TMAX,312
MYM00096471,2011-12-18,TMIN,240
MYM00096471,2008-08-24,TMAX,324
MYM00096471,2013-12-08,TMIN,238
MYM00096471,2015-02-24,TMIN,242
MYM00096471,2008-01-02,TMIN,244
MYM00096471,2012-04-23,TMAX,321
MYM00096471,2013-02-26,TMAX,316
MYM00096471,2012-01-15,TMIN,238
MYM00096471,2008-01-02,TMAX,314
MYM00096471,2009-08-13,TMAX,338
MYM00096471,2012-04-02,TMAX,335
MYM00096471,2010-06-11,TMIN,232
MYM00096471,2012-12-25,TMAX,323
MYM00096471,2006-01-23,TMIN,237
MYM00096471,2008-05-08,TMAX,320
MYM00096471,2007-06-17,TMAX,315
MYM00096471,2009-06-09,TMAX,334
MYM00096471,2011-11-20,TMIN,234
MYM00096471,2011-11-20,TMAX,331
MYM00096471,2013-09-24,TMIN,232
MYM00096471,2008-05-08,TMIN,245
MYM00096471,2007-10-27,TMAX,324
MYM00096471,2011-05-25,TMAX,341
MYM00096471,2011-05-25,TMIN,249
MYM00096471,2008-01-23,TMAX,325
MYM00096471,2012-12-25,TMIN,230
MYM00096471,2015-06-20,TMAX,350
MYM00096471,2012-11-04,TMAX,320
MYM00096471,2006-11-20,TMAX,338
MYM00096471,2006-11-20,TMIN,247
MYM00096471,2012-11-04,TMIN,245
MYM00096471,2010-06-11,TMAX,331
MYM00096471,2013-01-20,TMAX,300
MYM00096471,2015-11-18,TMAX,314
MYM00096471,2009-09-02,TMAX,287
MYM00096471,2010-09-27,TMIN,245
MYM00096471,2011-05-07,TMAX,340
MYM00096471,2011-05-07,TMIN,249
MYM00096471,2006-08-29,TMAX,332
MYM00096471,2006-08-29,TMIN,233
MYM00096471,2009-07-01,TMAX,314
MYM00096471,2013-03-18,TMAX,324
MYM00096471,2012-12-27,TMIN,240
MYM00096471,2012-12-27,TMAX,320
MYM00096471,2014-02-18,TMIN,236
MYM00096471,2008-11-19,TMAX,333
MYM00096471,2010-06-21,TMIN,243
MYM00096471,2009-07-01,TMIN,240
MYM00096471,2015-08-29,TMIN,232
MYM00096471,2011-08-25,TMAX,336
MYM00096471,2012-10-28,TMIN,235
MYM00096471,2011-02-18,TMIN,230
MYM00096471,2014-12-06,TMIN,230
MYM00096471,2008-05-15,TMIN,247
MYM00096471,2008-05-15,TMAX,312
MYM00096471,2013-03-18,TMIN,246
MYM00096471,2011-02-18,TMAX,292
MYM00096471,2014-05-16,TMIN,253
MYM00096471,2011-02-06,TMIN,238
MYM00096471,2010-12-23,TMAX,311
MYM00096471,2010-12-23,TMIN,232
MYM00096471,2007-01-13,TMIN,244
MYM00096471,2009-04-22,TMIN,250
MYM00096471,2010-09-24,TMAX,331
MYM00096471,2009-07-13,TMIN,233
MYM00096471,2014-04-07,TMIN,231
MYM00096471,2014-12-19,TMIN,238
MYM00096471,2008-09-01,TMAX,321
MYM00096471,2015-10-09,TMIN,252
MYM00096471,2008-09-01,TMIN,238
MYM00096471,2005-08-22,TMAX,320
MYM00096471,2014-08-11,TMIN,240
MYM00096471,2014-03-16,TMIN,238
MYM00096471,2008-05-09,TMIN,248
MYM00096471,2007-11-30,TMIN,217
MYM00096471,2007-11-30,TMAX,310
MYM00096471,2013-08-13,TMIN,234
MYM00096471,2009-03-01,TMIN,234
MYM00096471,2009-03-01,TMAX,323
MYM00096471,2015-03-06,TMIN,233
MYM00096471,2010-06-12,TMAX,336
MYM00096471,2008-05-23,TMIN,241
MYM00096471,2010-04-07,TMAX,323
MYM00096471,2013-06-13,TMIN,237
MYM00096471,2008-09-06,TMAX,315
MYM00096471,2008-03-27,TMAX,311
MYM00096471,2008-03-27,TMIN,233
MYM00096471,2013-06-13,TMAX,325
MYM00096471,2007-03-27,TMIN,222
MYM00096471,2007-03-27,TMAX,324
MYM00096471,2007-01-26,TMAX,323
MYM00096471,2007-11-28,TMAX,296
MYM00096471,2015-11-13,TMAX,323
MYM00096471,2015-10-03,TMIN,224
MYM00096471,2005-06-27,TMIN,239
MYM00096471,2005-06-27,TMAX,332
MYM00096471,2011-03-08,TMIN,236
MYM00096471,2011-03-08,TMAX,315
MYM00096471,2013-08-08,TMIN,231
MYM00096471,2015-12-08,TMIN,250
MYM00096471,2009-03-08,TMIN,240
MYM00096471,2014-12-25,TMIN,247
MYM00096471,2007-07-14,TMIN,229
MYM00096471,2008-01-18,TMAX,316
MYM00096471,2006-01-12,TMIN,238
MYM00096471,2010-06-12,TMIN,244
MYM00096471,2015-10-03,TMAX,321
MYM00096471,2009-04-22,TMAX,324
MYM00096471,2013-02-18,TMIN,233
MYM00096471,2010-05-17,TMIN,250
MYM00096471,2010-05-17,TMAX,334
MYM00096471,2012-10-01,TMAX,332
MYM00096471,2013-02-18,TMAX,318
MYM00096471,2009-04-11,TMAX,327
MYM00096471,2010-04-06,TMIN,247
MYM00096471,2012-02-16,TMIN,239
MYM00096471,2007-03-10,TMAX,337
MYM00096471,2010-04-06,TMAX,329
MYM00096471,2010-01-29,TMAX,316
MYM00096471,2013-04-17,TMAX,347
MYM00096471,2013-05-15,TMIN,251
MYM00096471,2013-05-15,TMAX,344
MYM00096471,2015-11-13,TMIN,249
MYM00096471,2006-01-12,TMAX,323
MYM00096471,2008-01-18,TMIN,232
MYM00096471,2008-07-15,TMAX,297
MYM00096471,2010-03-25,TMAX,331
MYM00096471,2006-12-10,TMAX,314
MYM00096471,2006-07-27,TMIN,247
MYM00096471,2009-12-31,TMIN,237
MYM00096471,2015-05-28,TMAX,350
MYM00096471,2013-06-05,TMIN,245
MYM00096471,2014-12-13,TMIN,243
MYM00096471,2006-07-23,TMAX,323
MYM00096471,2006-07-23,TMIN,244
MYM00096471,2007-03-21,TMAX,316
MYM00096471,2007-03-21,TMIN,240
MYM00096471,2009-05-14,TMAX,351
MYM00096471,2010-10-09,TMAX,310
MYM00096471,2009-12-23,TMAX,323
MYM00096471,2007-09-26,TMAX,324
MYM00096471,2008-03-30,TMAX,320
MYM00096471,2009-12-23,TMIN,244
MYM00096471,2008-03-30,TMIN,232
MYM00096471,2007-08-22,TMAX,306
MYM00096471,2015-09-27,TMAX,334
MYM00096471,2007-09-26,TMIN,242
MYM00096471,2006-07-27,TMAX,333
MYM00096471,2007-08-22,TMIN,230
MYM00096471,2008-06-19,TMAX,334
MYM00096471,2008-06-19,TMIN,245
MYM00096471,2011-09-16,TMIN,241
MYM00096471,2009-08-17,TMIN,231
MYM00096471,2006-05-13,TMIN,250
MYM00096471,2011-08-24,TMAX,330
MYM00096471,2008-12-06,TMIN,246
MYM00096471,2010-07-06,TMAX,321
MYM00096471,2007-07-05,TMAX,345
MYM00096471,2007-07-05,TMIN,228
MYM00096471,2005-10-22,TMIN,238
MYM00096471,2005-10-22,TMAX,330
MYM00096471,2015-05-18,TMIN,257
MYM00096471,2011-03-30,TMIN,239
MYM00096471,2009-08-17,TMAX,320
MYM00096471,2011-03-15,TMIN,239
MYM00096471,2011-03-15,TMAX,316
MYM00096471,2014-11-27,TMIN,242
MYM00096471,2006-04-11,TMAX,328
MYM00096471,2006-04-11,TMIN,230
MYM00096471,2012-11-14,TMIN,239
MYM00096471,2015-05-28,TMIN,247
MYM00096471,2011-09-16,TMAX,320
MYM00096471,2011-03-25,TMIN,235
MYM00096471,2010-06-01,TMIN,243
MYM00096471,2012-06-08,TMIN,249
MYM00096471,2009-10-01,TMIN,237
MYM00096471,2009-02-13,TMAX,325
MYM00096471,2011-01-08,TMAX,324
MYM00096471,2007-03-25,TMAX,313
MYM00096471,2011-01-08,TMIN,227
MYM00096471,2007-03-25,TMIN,230
MYM00096471,2007-02-24,TMAX,320
MYM00096471,2015-06-11,TMIN,247
MYM00096471,2008-01-19,TMAX,325
MYM00096471,2009-02-01,TMIN,235
MYM00096471,2009-02-01,TMAX,312
MYM00096471,2008-12-27,TMIN,232
MYM00096471,2008-01-19,TMIN,235
MYM00096471,2012-09-13,TMIN,237
MYM00096471,2012-09-13,TMAX,332
MYM00096471,2015-05-12,TMIN,260
MYM00096471,2013-02-10,TMIN,232
MYM00096471,2013-02-10,TMAX,322
MYM00096471,2013-07-23,TMIN,248
MYM00096471,2014-05-20,TMIN,249
MYM00096471,2006-03-30,TMAX,316
MYM00096471,2006-03-08,TMIN,235
MYM00096471,2015-09-27,TMIN,250
MYM00096471,2007-09-19,TMAX,317
MYM00096471,2007-09-19,TMIN,237
MYM00096471,2010-06-01,TMAX,336
MYM00096471,2012-05-17,TMAX,344
MYM00096471,2010-06-08,TMAX,331
MYM00096471,2015-10-15,TMIN,245
MYM00096471,2013-03-23,TMAX,335
MYM00096471,2015-10-04,TMAX,322
MYM00096471,2013-03-23,TMIN,250
MYM00096471,2015-06-05,TMAX,363
MYM00096471,2010-07-06,TMIN,242
MYM00096471,2015-10-15,TMAX,331
MYM00096471,2009-08-25,TMIN,239
MYM00096471,2009-08-25,TMAX,315
MYM00096471,2011-08-30,TMAX,302
MYM00096471,2008-02-15,TMIN,230
MYM00096471,2008-02-15,TMAX,303
MYM00096471,2006-03-08,TMAX,315
MYM00096471,2006-03-30,TMIN,240
MYM00096471,2011-08-18,TMIN,230
MYM00096471,2011-10-04,TMIN,248
MYM00096471,2013-06-20,TMAX,321
MYM00096471,2015-02-13,TMIN,222
MYM00096471,2009-02-26,TMIN,244
MYM00096471,2007-12-18,TMIN,238
MYM00096471,2006-11-01,TMAX,320
MYM00096471,2013-09-25,TMIN,248
MYM00096471,2007-06-25,TMAX,331
MYM00096471,2007-06-25,TMIN,239
MYM00096471,2007-12-18,TMAX,319
MYM00096471,2014-03-04,TMIN,237
MYM00096471,2014-01-04,TMIN,233
MYM00096471,2009-09-22,TMIN,233
MYM00096471,2015-12-16,TMIN,245
MYM00096471,2015-12-16,TMAX,320
MYM00096471,2007-07-24,TMAX,321
MYM00096471,2007-09-09,TMAX,311
MYM00096471,2009-09-22,TMAX,313
MYM00096471,2007-07-24,TMIN,239
MYM00096471,2015-08-05,TMAX,302
MYM00096471,2009-09-23,TMAX,321
MYM00096471,2006-11-01,TMIN,240
MYM00096471,2009-03-29,TMIN,236
MYM00096471,2005-03-20,TMIN,228
MYM00096471,2009-08-28,TMAX,324
MYM00096471,2006-09-11,TMIN,236
MYM00096471,2008-01-21,TMAX,324
MYM00096471,2007-07-08,TMAX,322
MYM00096471,2007-07-08,TMIN,238
MYM00096471,2011-03-13,TMIN,226
MYM00096471,2008-01-21,TMIN,236
MYM00096471,2010-11-15,TMAX,304
MYM00096471,2011-03-13,TMAX,302
MYM00096471,2012-01-04,TMIN,237
MYM00096471,2010-09-05,TMIN,239
MYM00096471,2010-09-05,TMAX,323
MYM00096471,2008-11-18,TMAX,335
MYM00096471,2006-06-29,TMAX,320
MYM00096471,2013-08-31,TMIN,236
MYM00096471,2007-09-09,TMIN,238
MYM00096471,2015-08-26,TMAX,323
MYM00096471,2007-12-17,TMIN,235
MYM00096471,2007-12-17,TMAX,321
MYM00096471,2014-08-20,TMIN,244
MYM00096471,2015-12-06,TMAX,334
MYM00096471,2013-01-10,TMIN,232
MYM00096471,2006-12-21,TMAX,300
MYM00096471,2007-10-11,TMIN,235
MYM00096471,2010-12-01,TMAX,327
MYM00096471,2009-01-02,TMAX,326
MYM00096471,2009-05-11,TMAX,345
MYM00096471,2015-07-25,TMAX,312
MYM00096471,2006-08-27,TMAX,322
MYM00096471,2006-08-27,TMIN,237
MYM00096471,2012-06-07,TMAX,340
MYM00096471,2012-06-07,TMIN,233
MYM00096471,2006-02-23,TMIN,237
MYM00096471,2006-02-23,TMAX,326
MYM00096471,2009-11-22,TMAX,315
MYM00096471,2011-04-26,TMIN,236
MYM00096471,2011-04-26,TMAX,311
MYM00096471,2009-01-27,TMIN,235
MYM00096471,2009-01-02,TMIN,239
MYM00096471,2009-01-27,TMAX,317
MYM00096471,2011-06-30,TMAX,298
MYM00096471,2014-07-04,TMIN,243
MYM00096471,2005-12-07,TMIN,228
MYM00096471,2010-12-01,TMIN,237
MYM00096471,2006-12-21,TMIN,235
MYM00096471,2011-08-24,TMIN,250
MYM00096471,2008-01-24,TMAX,311
MYM00096471,2014-10-11,TMIN,230
MYM00096471,2011-02-24,TMAX,301
MYM00096471,2011-02-24,TMIN,229
MYM00096471,2006-01-10,TMAX,321
MYM00096471,2014-07-30,TMIN,242
MYM00096471,2008-07-31,TMAX,322
MYM00096471,2011-01-31,TMAX,311
MYM00096471,2011-08-07,TMIN,245
MYM00096471,2008-11-07,TMIN,249
MYM00096471,2011-12-02,TMIN,244
MYM00096471,2011-12-02,TMAX,336
MYM00096471,2010-01-14,TMAX,294
MYM00096471,2008-11-07,TMAX,333
MYM00096471,2008-04-20,TMAX,326
MYM00096471,2013-02-03,TMAX,330
MYM00096471,2015-05-12,TMAX,352
MYM00096471,2006-02-12,TMAX,292
MYM00096471,2009-03-29,TMAX,331
MYM00096471,2015-07-25,TMIN,238
MYM00096471,2008-01-24,TMIN,237
MYM00096471,2010-05-21,TMIN,254
MYM00096471,2009-07-18,TMIN,238
MYM00096471,2006-08-26,TMAX,326
MYM00096471,2009-02-24,TMAX,320
MYM00096471,2007-04-06,TMIN,241
MYM00096471,2014-08-28,TMIN,230
MYM00096471,2007-06-05,TMAX,344
MYM00096471,2007-06-05,TMIN,252
MYM00096471,2010-06-24,TMAX,332
MYM00096471,2012-01-18,TMAX,326
MYM00096471,2011-01-21,TMIN,237
MYM00096471,2010-03-08,TMIN,257
MYM00096471,2012-04-09,TMIN,247
MYM00096471,2011-04-28,TMIN,240
MYM00096471,2012-04-09,TMAX,310
MYM00096471,2010-03-08,TMAX,330
MYM00096471,2006-03-15,TMIN,233
MYM00096471,2006-03-15,TMAX,321
MYM00096471,2014-02-01,TMIN,206
MYM00096471,2013-01-21,TMAX,312
MYM00096471,2012-10-23,TMIN,234
MYM00096471,2006-06-13,TMIN,227
MYM00096471,2011-10-24,TMAX,323
MYM00096471,2013-04-04,TMAX,336
MYM00096471,2011-10-24,TMIN,240
MYM00096471,2010-03-09,TMIN,255
MYM00096471,2007-04-23,TMAX,330
MYM00096471,2011-06-20,TMAX,343
MYM00096471,2009-04-21,TMAX,321
MYM00096471,2007-08-26,TMIN,235
MYM00096471,2012-12-14,TMIN,244
MYM00096471,2012-08-10,TMAX,324
MYM00096471,2012-08-10,TMIN,249
MYM00096471,2006-12-02,TMIN,237
MYM00096471,2006-12-02,TMAX,334
MYM00096471,2011-09-10,TMAX,336
MYM00096471,2011-09-10,TMIN,235
MYM00096471,2008-12-25,TMAX,325
MYM00096471,2009-01-22,TMIN,244
MYM00096471,2013-05-14,TMAX,341
MYM00096471,2005-11-19,TMAX,322
MYM00096471,2006-09-16,TMIN,228
MYM00096471,2013-05-14,TMIN,243
MYM00096471,2015-05-01,TMIN,257
MYM00096471,2010-06-04,TMIN,232
MYM00096471,2010-03-09,TMAX,338
MYM00096471,2015-12-01,TMAX,331
MYM00096471,2013-04-04,TMIN,253
MYM00096471,2012-03-16,TMIN,225
MYM00096471,2011-04-11,TMIN,240
MYM00096471,2010-03-20,TMAX,330
MYM00096471,2010-03-20,TMIN,249
MYM00096471,2011-04-01,TMAX,326
MYM00096471,2006-12-15,TMAX,333
MYM00096471,2012-08-19,TMAX,326
MYM00096471,2013-05-09,TMIN,248
MYM00096471,2006-12-15,TMIN,238
MYM00096471,2009-09-28,TMIN,248
MYM00096471,2009-07-23,TMAX,326
MYM00096471,2006-04-12,TMIN,234
MYM00096471,2011-09-05,TMAX,335
MYM00096471,2011-09-05,TMIN,228
MYM00096471,2015-05-25,TMIN,244
MYM00096471,2006-10-21,TMAX,322
MYM00096471,2012-11-20,TMAX,307
MYM00096471,2009-02-09,TMAX,309
MYM00096471,2009-08-16,TMAX,316
MYM00096471,2009-10-20,TMAX,333
MYM00096471,2009-02-24,TMIN,229
MYM00096471,2012-03-16,TMAX,332
MYM00096471,2010-08-14,TMIN,253
MYM00096471,2008-03-13,TMIN,239
MYM00096471,2015-05-01,TMAX,333
MYM00096471,2007-09-04,TMAX,332
MYM00096471,2013-01-12,TMAX,318
MYM00096471,2013-01-12,TMIN,247
MYM00096471,2010-05-10,TMIN,244
MYM00096471,2010-05-10,TMAX,319
MYM00096471,2009-06-26,TMIN,234
MYM00096471,2010-10-11,TMIN,224
MYM00096471,2012-02-01,TMAX,323
MYM00096471,2010-05-06,TMAX,331
MYM00096471,2007-10-17,TMAX,311
MYM00096471,2011-03-05,TMAX,318
MYM00096471,2011-03-05,TMIN,237
MYM00096471,2014-04-02,TMIN,239
MYM00096471,2005-05-01,TMIN,246
MYM00096471,2010-07-13,TMAX,329
MYM00096471,2006-05-09,TMAX,332
MYM00096471,2006-04-05,TMAX,334
MYM00096471,2008-03-13,TMAX,320
MYM00096471,2010-07-13,TMIN,234
MYM00096471,2015-06-14,TMIN,250
MYM00096471,2015-08-08,TMIN,235
MYM00096471,2015-08-08,TMAX,331
MYM00096471,2011-12-09,TMIN,239
MYM00096471,2006-12-11,TMIN,236
MYM00096471,2011-01-12,TMAX,321
MYM00096471,2015-09-12,TMIN,236
MYM00096471,2011-01-12,TMIN,238
MYM00096471,2005-06-26,TMAX,334
MYM00096471,2005-06-26,TMIN,236
MYM00096471,2006-06-22,TMIN,239
MYM00096471,2006-01-05,TMAX,313
MYM00096471,2007-11-24,TMIN,237
MYM00096471,2007-11-24,TMAX,314
MYM00096471,2008-02-04,TMAX,323
MYM00096471,2013-05-26,TMAX,327
MYM00096471,2014-10-17,TMIN,243
MYM00096471,2010-04-30,TMAX,324
MYM00096471,2008-01-05,TMIN,248
MYM00096471,2014-01-10,TMIN,231
MYM00096471,2012-10-19,TMAX,327
MYM00096471,2005-03-14,TMIN,222
MYM00096471,2011-12-09,TMAX,312
MYM00096471,2010-01-09,TMIN,238
MYM00096471,2009-04-14,TMAX,312
MYM00096471,2007-09-12,TMIN,229
MYM00096471,2007-11-09,TMAX,313
MYM00096471,2009-07-02,TMAX,329
MYM00096471,2010-07-02,TMAX,335
MYM00096471,2010-07-02,TMIN,250
MYM00096471,2005-07-03,TMIN,238
MYM00096471,2010-08-04,TMIN,234
MYM00096471,2010-08-04,TMAX,314
MYM00096471,2008-02-26,TMAX,310
MYM00096471,2010-03-24,TMAX,334
MYM00096471,2006-05-20,TMAX,327
MYM00096471,2006-05-20,TMIN,235
MYM00096471,2009-08-21,TMIN,229
MYM00096471,2009-08-21,TMAX,307
MYM00096471,2005-12-13,TMIN,239
MYM00096471,2005-12-13,TMAX,313
MYM00096471,2014-03-11,TMIN,210
MYM00096471,2009-04-14,TMIN,235
MYM00096471,2014-04-26,TMIN,244
MYM00096471,2014-08-29,TMIN,236
MYM00096471,2007-09-12,TMAX,282
MYM00096471,2007-03-03,TMIN,229
MYM00096471,2010-01-09,TMAX,316
MYM00096471,2008-11-01,TMIN,238
MYM00096471,2010-01-22,TMIN,229
MYM00096471,2010-11-09,TMAX,310
MYM00096471,2010-11-09,TMIN,234
MYM00096471,2006-09-16,TMAX,312
MYM00096471,2008-03-09,TMAX,311
MYM00096471,2012-12-14,TMAX,328
MYM00096471,2008-02-20,TMIN,230
MYM00096471,2008-03-09,TMIN,224
MYM00096471,2013-11-02,TMIN,238
MYM00096471,2009-12-11,TMAX,326
MYM00096471,2012-08-26,TMIN,241
MYM00096471,2008-06-24,TMIN,235
MYM00096471,2007-02-16,TMIN,235
MYM00096471,2008-06-24,TMAX,335
MYM00096471,2011-08-08,TMAX,344
MYM00096471,2012-08-26,TMAX,328
MYM00096471,2007-02-16,TMAX,322
MYM00096471,2015-12-01,TMIN,246
MYM00096471,2011-09-17,TMAX,320
MYM00096471,2010-12-07,TMAX,277
MYM00096471,2008-11-01,TMAX,331
MYM00096471,2010-01-22,TMAX,315
MYM00096471,2009-01-01,TMAX,324
MYM00096471,2011-11-24,TMIN,241
MYM00096471,2011-11-24,TMAX,331
MYM00096471,2007-04-12,TMIN,246
MYM00096471,2007-09-07,TMAX,334
MYM00096471,2009-01-01,TMIN,228
MYM00096471,2007-08-08,TMAX,315
MYM00096471,2007-08-08,TMIN,228
MYM00096471,2006-04-18,TMAX,334
MYM00096471,2006-04-18,TMIN,238
MYM00096471,2015-07-09,TMIN,247
MYM00096471,2015-07-09,TMAX,311
MYM00096471,2009-04-24,TMAX,332
MYM00096471,2012-02-02,TMIN,237
MYM00096471,2012-02-02,TMAX,323
MYM00096471,2011-05-28,TMIN,250
MYM00096471,2008-12-25,TMIN,242
MYM00096471,2007-03-17,TMIN,236
MYM00096471,2011-08-13,TMAX,290
MYM00096471,2015-01-28,TMIN,237
MYM00096471,2011-03-06,TMAX,317
MYM00096471,2013-05-19,TMAX,342
MYM00096471,2010-07-09,TMAX,312
MYM00096471,2010-03-03,TMIN,236
MYM00096471,2015-12-26,TMAX,327
MYM00096471,2012-03-15,TMAX,332
MYM00096471,2012-03-15,TMIN,223
MYM00096471,2011-02-21,TMAX,285
MYM00096471,2011-01-02,TMIN,237
MYM00096471,2009-02-14,TMIN,238
MYM00096471,2008-04-23,TMAX,323
MYM00096471,2008-04-23,TMIN,247
MYM00096471,2011-06-01,TMIN,255
MYM00096471,2009-08-26,TMAX,307
MYM00096471,2011-01-02,TMAX,305
MYM00096471,2011-04-09,TMAX,307
MYM00096471,2013-02-14,TMAX,311
MYM00096471,2013-11-20,TMIN,237
MYM00096471,2006-11-25,TMAX,337
MYM00096471,2012-06-21,TMIN,249
MYM00096471,2009-02-14,TMAX,321
MYM00096471,2010-02-10,TMIN,238
MYM00096471,2011-05-13,TMAX,314
MYM00096471,2010-09-29,TMAX,311
MYM00096471,2011-06-01,TMAX,334
MYM00096471,2008-09-29,TMAX,331
MYM00096471,2013-09-28,TMIN,235
MYM00096471,2012-02-11,TMAX,314
MYM00096471,2005-01-24,TMAX,302
MYM00096471,2007-01-29,TMAX,272
MYM00096471,2010-05-18,TMAX,331
MYM00096471,2010-05-18,TMIN,248
MYM00096471,2006-10-03,TMAX,313
MYM00096471,2006-10-03,TMIN,230
MYM00096471,2013-02-09,TMAX,323
MYM00096471,2011-01-28,TMAX,303
MYM00096471,2008-07-22,TMIN,246
MYM00096471,2013-06-10,TMAX,321
MYM00096471,2011-02-10,TMAX,315
MYM00096471,2011-02-10,TMIN,238
MYM00096471,2007-05-01,TMAX,330
MYM00096471,2015-07-11,TMIN,237
MYM00096471,2010-05-23,TMIN,247
MYM00096471,2015-07-11,TMAX,343
MYM00096471,2008-09-29,TMIN,240
MYM00096471,2010-02-10,TMAX,323
MYM00096471,2011-06-27,TMIN,245
MYM00096471,2007-12-22,TMAX,304
MYM00096471,2012-04-04,TMAX,330
MYM00096471,2009-11-20,TMAX,321
MYM00096471,2009-11-20,TMIN,236
MYM00096471,2012-07-25,TMAX,315
MYM00096471,2008-04-21,TMAX,323
MYM00096471,2006-08-23,TMAX,324
MYM00096471,2012-06-10,TMAX,293
MYM00096471,2010-01-02,TMAX,312
MYM00096471,2010-01-02,TMIN,238
MYM00096471,2013-10-03,TMIN,236
MYM00096471,2007-12-29,TMAX,291
MYM00096471,2011-04-10,TMIN,233
MYM00096471,2007-08-11,TMAX,343
MYM00096471,2013-12-28,TMIN,235
MYM00096471,2015-11-21,TMIN,247
MYM00096471,2006-11-13,TMIN,238
MYM00096471,2011-12-26,TMIN,248
MYM00096471,2006-11-13,TMAX,323
MYM00096471,2008-08-17,TMIN,240
MYM00096471,2011-12-26,TMAX,295
MYM00096471,2014-02-14,TMIN,233
MYM00096471,2015-09-30,TMIN,242
MYM00096471,2007-08-20,TMIN,225
MYM00096471,2014-07-13,TMIN,244
MYM00096471,2008-08-19,TMIN,250
MYM00096471,2008-08-19,TMAX,329
MYM00096471,2010-01-18,TMAX,314
MYM00096471,2007-06-30,TMIN,239
MYM00096471,2009-06-16,TMIN,247
MYM00096471,2010-08-11,TMAX,340
MYM00096471,2007-12-16,TMAX,330
MYM00096471,2012-04-04,TMIN,235
MYM00096471,2007-05-14,TMAX,341
MYM00096471,2010-08-11,TMIN,241
MYM00096471,2007-08-25,TMAX,303
MYM00096471,2015-06-22,TMAX,334
MYM00096471,2007-10-14,TMAX,322
MYM00096471,2007-10-14,TMIN,242
MYM00096471,2015-10-16,TMIN,245
MYM00096471,2007-05-14,TMIN,249
MYM00096471,2010-05-05,TMIN,256
MYM00096471,2010-05-05,TMAX,341
MYM00096471,2011-11-03,TMAX,330
MYM00096471,2007-08-20,TMAX,322
MYM00096471,2005-01-24,TMIN,219
MYM00096471,2014-02-04,TMIN,214
MYM00096471,2010-09-10,TMAX,311
MYM00096471,2006-06-24,TMAX,321
MYM00096471,2009-03-27,TMAX,331
MYM00096471,2005-09-18,TMAX,332
MYM00096471,2008-03-02,TMAX,310
MYM00096471,2012-08-12,TMAX,322
MYM00096471,2012-08-12,TMIN,243
MYM00096471,2012-09-05,TMAX,340
MYM00096471,2011-10-16,TMIN,245
MYM00096471,2011-10-16,TMAX,336
MYM00096471,2009-08-19,TMIN,239
MYM00096471,2011-02-14,TMIN,232
MYM00096471,2009-11-01,TMAX,318
MYM00096471,2009-11-01,TMIN,237
MYM00096471,2013-02-13,TMIN,229
MYM00096471,2011-02-14,TMAX,324
MYM00096471,2013-02-28,TMAX,325
MYM00096471,2011-11-21,TMIN,244
MYM00096471,2011-11-21,TMAX,334
MYM00096471,2007-09-22,TMAX,313
MYM00096471,2008-04-30,TMAX,321
MYM00096471,2007-09-22,TMIN,235
MYM00096471,2010-07-25,TMIN,232
MYM00096471,2013-02-16,TMIN,233
MYM00096471,2015-02-14,TMIN,247
MYM00096471,2012-07-21,TMIN,240
MYM00096471,2012-08-14,TMIN,240
MYM00096471,2012-08-14,TMAX,323
MYM00096471,2014-03-23,TMIN,246
MYM00096471,2006-06-26,TMIN,236
MYM00096471,2006-06-26,TMAX,281
MYM00096471,2006-08-12,TMAX,320
MYM00096471,2006-08-12,TMIN,232
MYM00096471,2007-01-21,TMIN,245
MYM00096471,2007-01-21,TMAX,326
MYM00096471,2009-04-19,TMAX,324
MYM00096471,2014-01-20,TMIN,224
MYM00096471,2006-02-02,TMIN,228
MYM00096471,2010-02-09,TMIN,215
MYM00096471,2009-04-19,TMIN,241
MYM00096471,2006-03-29,TMIN,239
MYM00096471,2011-09-23,TMIN,233
MYM00096471,2010-02-09,TMAX,310
MYM00096471,2013-02-16,TMAX,326
MYM00096471,2015-12-19,TMAX,314
MYM00096471,2007-08-30,TMAX,312
MYM00096471,2007-03-01,TMIN,229
MYM00096471,2006-09-17,TMAX,320
MYM00096471,2014-06-26,TMIN,249
MYM00096471,2009-09-12,TMAX,334
MYM00096471,2009-09-12,TMIN,250
MYM00096471,2015-08-27,TMIN,240
MYM00096471,2008-08-12,TMAX,315
MYM00096471,2008-08-12,TMIN,228
MYM00096471,2014-01-25,TMIN,209
MYM00096471,2009-06-28,TMAX,327
MYM00096471,2011-10-07,TMAX,322
MYM00096471,2014-04-18,TMIN,246
MYM00096471,2008-08-02,TMIN,229
MYM00096471,2007-08-09,TMIN,235
MYM00096471,2007-08-09,TMAX,333
MYM00096471,2008-08-02,TMAX,326
MYM00096471,2010-04-19,TMIN,240
MYM00096471,2008-01-26,TMAX,320
MYM00096471,2013-10-08,TMIN,223
MYM00096471,2011-11-08,TMAX,337
MYM00096471,2015-06-06,TMAX,344
MYM00096471,2010-09-16,TMIN,238
MYM00096471,2006-09-17,TMIN,238
MYM00096471,2005-09-24,TMIN,233
MYM00096471,2010-09-16,TMAX,331
MYM00096471,2009-05-12,TMAX,341
MYM00096471,2008-05-04,TMIN,244
MYM00096471,2008-06-04,TMIN,237
MYM00096471,2008-06-04,TMAX,326
MYM00096471,2015-10-25,TMAX,324
MYM00096471,2015-10-25,TMIN,232
MYM00096471,2009-07-11,TMAX,316
MYM00096471,2013-07-15,TMIN,232
MYM00096471,2012-12-06,TMAX,317
MYM00096471,2010-05-14,TMIN,257
MYM00096471,2010-05-14,TMAX,334
MYM00096471,2012-05-18,TMAX,342
MYM00096471,2012-05-18,TMIN,243
MYM00096471,2011-11-16,TMIN,241
MYM00096471,2010-08-12,TMAX,331
MYM00096471,2005-11-30,TMAX,314
MYM00096471,2005-11-30,TMIN,234
MYM00096471,2011-10-14,TMIN,241
MYM00096471,2011-01-06,TMAX,313
MYM00096471,2013-04-21,TMAX,321
MYM00096471,2008-08-17,TMAX,331
MYM00096471,2007-05-17,TMIN,245
MYM00096471,2007-08-03,TMAX,312
MYM00096471,2007-02-06,TMIN,235
MYM00096471,2011-03-17,TMAX,322
MYM00096471,2009-04-07,TMIN,238
MYM00096471,2011-03-17,TMIN,235
MYM00096471,2008-09-02,TMAX,324
MYM00096471,2007-10-29,TMAX,314
MYM00096471,2007-07-16,TMAX,341
MYM00096471,2012-09-21,TMAX,332
MYM00096471,2012-09-21,TMIN,236
MYM00096471,2010-10-16,TMIN,240
MYM00096471,2010-10-16,TMAX,340
MYM00096471,2015-08-16,TMIN,249
MYM00096471,2006-01-20,TMAX,312
MYM00096471,2015-08-09,TMAX,333
MYM00096471,2009-07-29,TMIN,233
MYM00096471,2009-01-17,TMIN,225
MYM00096471,2007-06-08,TMIN,249
MYM00096471,2011-12-16,TMAX,313
MYM00096471,2015-09-07,TMAX,296
MYM00096471,2015-09-25,TMIN,247
MYM00096471,2007-08-03,TMIN,226
MYM00096471,2008-11-12,TMIN,239
MYM00096471,2008-04-11,TMAX,321
MYM00096471,2013-03-16,TMIN,243
MYM00096471,2013-03-16,TMAX,324
MYM00096471,2011-04-21,TMAX,321
MYM00096471,2014-06-30,TMIN,247
MYM00096471,2011-08-15,TMAX,331
MYM00096471,2008-04-02,TMIN,229
MYM00096471,2008-04-02,TMAX,320
MYM00096471,2007-02-06,TMAX,314
MYM00096471,2015-05-08,TMAX,344
MYM00096471,2015-05-08,TMIN,233
MYM00096471,2006-02-28,TMIN,241
MYM00096471,2010-09-14,TMAX,325
MYM00096471,2010-09-14,TMIN,239
MYM00096471,2005-08-29,TMIN,236
MYM00096471,2006-03-22,TMIN,234
MYM00096471,2006-03-22,TMAX,320
MYM00096471,2005-08-29,TMAX,335
MYM00096471,2013-04-28,TMAX,337
MYM00096471,2012-08-29,TMAX,327
MYM00096471,2008-04-11,TMIN,231
MYM00096471,2006-05-24,TMAX,310
MYM00096471,2009-01-17,TMAX,310
MYM00096471,2006-03-04,TMAX,311
MYM00096471,2005-05-08,TMAX,328
MYM00096471,2009-03-12,TMAX,311
MYM00096471,2010-10-17,TMIN,240
MYM00096471,2010-10-17,TMAX,330
MYM00096471,2008-06-12,TMAX,327
MYM00096471,2009-06-01,TMAX,321
MYM00096471,2012-07-23,TMIN,247
MYM00096471,2010-11-22,TMAX,321
MYM00096471,2012-07-23,TMAX,331
MYM00096471,2009-10-06,TMAX,320
MYM00096471,2015-08-06,TMAX,274
MYM00096471,2005-09-16,TMIN,235
MYM00096471,2010-03-30,TMAX,324
MYM00096471,2010-03-30,TMIN,237
MYM00096471,2013-12-13,TMIN,244
MYM00096471,2005-09-16,TMAX,331
MYM00096471,2009-01-28,TMAX,311
MYM00096471,2013-06-25,TMIN,248
MYM00096471,2013-03-12,TMAX,320
MYM00096471,2012-02-10,TMAX,325
MYM00096471,2013-03-12,TMIN,240
MYM00096471,2012-05-19,TMAX,349
MYM00096471,2007-06-14,TMIN,246
MYM00096471,2007-06-14,TMAX,341
MYM00096471,2012-07-26,TMAX,330
MYM00096471,2012-02-08,TMAX,311
MYM00096471,2012-11-17,TMAX,320
MYM00096471,2012-11-17,TMIN,232
MYM00096471,2014-04-23,TMIN,244
MYM00096471,2013-07-26,TMIN,240
MYM00096471,2014-02-07,TMIN,229
MYM00096471,2009-07-24,TMIN,238
MYM00096471,2015-12-19,TMIN,242
MYM00096471,2015-02-08,TMIN,242
MYM00096471,2009-07-24,TMAX,321
MYM00096471,2009-03-12,TMIN,225
MYM00096471,2005-07-10,TMAX,335
MYM00096471,2012-10-24,TMAX,322
MYM00096471,2008-08-04,TMIN,237
MYM00096471,2015-08-06,TMIN,235
MYM00096471,2006-05-03,TMAX,334
MYM00096471,2012-10-24,TMIN,237
MYM00096471,2006-09-23,TMAX,325
MYM00096471,2008-11-30,TMAX,326
MYM00096471,2012-01-30,TMIN,224
MYM00096471,2015-08-18,TMAX,328
MYM00096471,2010-10-23,TMAX,317
MYM00096471,2007-09-24,TMAX,323
MYM00096471,2012-07-30,TMIN,234
MYM00096471,2014-09-12,TMIN,249
MYM00096471,2015-10-13,TMAX,335
MYM00096471,2011-05-08,TMIN,250
MYM00096471,2006-12-28,TMAX,305
MYM00096471,2006-12-28,TMIN,249
MYM00096471,2005-11-12,TMAX,285
MYM00096471,2014-07-23,TMIN,235
MYM00096471,2015-11-11,TMIN,241
MYM00096471,2015-06-16,TMAX,312
MYM00096471,2012-07-30,TMAX,315
MYM00096471,2014-05-19,TMIN,249
MYM00096471,2009-10-07,TMAX,295
MYM00096471,2012-08-15,TMAX,330
MYM00096471,2010-08-28,TMAX,327
MYM00096471,2006-09-07,TMAX,331
MYM00096471,2005-11-16,TMAX,323
MYM00096471,2010-08-28,TMIN,241
MYM00096471,2015-07-16,TMAX,334
MYM00096471,2005-10-21,TMIN,236
MYM00096471,2008-06-22,TMIN,229
MYM00096471,2012-11-18,TMIN,239
MYM00096471,2012-11-18,TMAX,315
MYM00096471,2009-02-08,TMIN,237
MYM00096471,2008-10-13,TMAX,322
MYM00096471,2011-12-24,TMAX,286
MYM00096471,2006-11-30,TMIN,237
MYM00096471,2013-11-05,TMIN,232
MYM00096471,2006-06-21,TMAX,318
MYM00096471,2009-02-08,TMAX,301
MYM00096471,2009-08-22,TMIN,238
MYM00096471,2008-01-27,TMAX,317
MYM00096471,2008-01-27,TMIN,236
MYM00096471,2014-03-09,TMIN,230
MYM00096471,2005-11-16,TMIN,236
MYM00096471,2009-06-30,TMAX,297
MYM00096471,2010-01-26,TMAX,321
MYM00096471,2005-10-21,TMAX,309
MYM00096471,2007-09-24,TMIN,216
MYM00096471,2013-01-07,TMAX,314
MYM00096471,2010-02-16,TMAX,333
MYM00096471,2011-09-19,TMAX,334
MYM00096471,2012-03-30,TMIN,248
MYM00096471,2012-03-10,TMAX,317
MYM00096471,2009-05-22,TMAX,335
MYM00096471,2014-02-17,TMIN,229
MYM00096471,2008-11-30,TMIN,247
MYM00096471,2011-05-06,TMAX,339
MYM00096471,2006-03-09,TMIN,236
MYM00096471,2006-03-09,TMAX,323
MYM00096471,2012-06-05,TMIN,246
MYM00096471,2007-09-03,TMIN,240
MYM00096471,2007-09-03,TMAX,327
MYM00096471,2012-11-05,TMIN,245
MYM00096471,2012-11-05,TMAX,313
MYM00096471,2007-11-20,TMIN,237
MYM00096471,2012-01-16,TMAX,331
MYM00096471,2014-12-24,TMIN,241
MYM00096471,2009-04-07,TMAX,325
MYM00096471,2014-01-01,TMIN,233
MYM00096471,2012-01-30,TMAX,326
MYM00096471,2015-08-03,TMAX,330
MYM00096471,2013-02-08,TMIN,245
MYM00096471,2012-09-15,TMAX,322
MYM00096471,2013-02-08,TMAX,317
MYM00096471,2014-10-20,TMIN,238
MYM00096471,2012-03-30,TMAX,334
MYM00096471,2008-05-26,TMIN,238
MYM00096471,2007-02-19,TMAX,323
MYM00096471,2012-12-20,TMIN,237
MYM00096471,2013-08-06,TMIN,240
MYM00096471,2011-05-03,TMAX,325
MYM00096471,2009-02-25,TMIN,233
MYM00096471,2007-05-10,TMIN,244
MYM00096471,2007-05-10,TMAX,340
MYM00096471,2008-10-27,TMIN,230
MYM00096471,2013-05-12,TMIN,242
MYM00096471,2008-10-27,TMAX,284
MYM00096471,2013-05-12,TMAX,332
MYM00096471,2008-01-09,TMIN,228
MYM00096471,2009-02-25,TMAX,321
MYM00096471,2009-08-03,TMAX,336
MYM00096471,2007-03-15,TMAX,326
MYM00096471,2007-03-15,TMIN,236
MYM00096471,2007-09-16,TMIN,245
MYM00096471,2014-05-22,TMIN,234
MYM00096471,2008-09-08,TMIN,232
MYM00096471,2006-08-14,TMIN,248
MYM00096471,2010-02-04,TMAX,322
MYM00096471,2013-02-07,TMIN,245
MYM00096471,2012-08-30,TMAX,311
MYM00096471,2012-08-30,TMIN,244
MYM00096471,2008-07-30,TMAX,321
MYM00096471,2010-02-03,TMAX,327
MYM00096471,2010-02-03,TMIN,239
MYM00096471,2006-03-21,TMAX,322
MYM00096471,2008-05-14,TMAX,316
MYM00096471,2011-05-24,TMIN,245
MYM00096471,2010-08-08,TMIN,246
MYM00096471,2008-10-10,TMAX,318
MYM00096471,2007-11-14,TMAX,321
MYM00096471,2005-04-24,TMIN,244
MYM00096471,2005-04-24,TMAX,340
MYM00096471,2010-12-24,TMAX,305
MYM00096471,2007-11-14,TMIN,232
MYM00096471,2005-09-20,TMAX,325
MYM00096471,2006-06-20,TMIN,244
MYM00096471,2008-10-10,TMIN,227
MYM00096471,2011-05-24,TMAX,341
MYM00096471,2013-01-06,TMIN,238
MYM00096471,2012-12-12,TMIN,238
MYM00096471,2009-08-01,TMIN,249
MYM00096471,2009-08-01,TMAX,320
MYM00096471,2006-09-19,TMIN,227
MYM00096471,2007-05-19,TMAX,333
MYM00096471,2009-05-29,TMAX,340
MYM00096471,2010-04-17,TMAX,322
MYM00096471,2010-06-14,TMAX,321
MYM00096471,2014-05-04,TMIN,255
MYM00096471,2005-06-28,TMAX,331
MYM00096471,2006-10-07,TMIN,233
MYM00096471,2008-08-28,TMIN,236
MYM00096471,2010-07-11,TMAX,330
MYM00096471,2013-04-27,TMIN,238
MYM00096471,2015-05-16,TMAX,351
MYM00096471,2011-12-13,TMAX,312
MYM00096471,2013-04-27,TMAX,333
MYM00096471,2014-05-01,TMIN,257
MYM00096471,2006-11-10,TMAX,330
MYM00096471,2006-11-10,TMIN,238
MYM00096471,2013-01-08,TMIN,239
MYM00096471,2013-01-08,TMAX,322
MYM00096471,2012-02-05,TMIN,238
MYM00096471,2012-02-05,TMAX,330
MYM00096471,2010-12-17,TMIN,231
MYM00096471,2010-03-31,TMAX,326
MYM00096471,2012-01-11,TMAX,322
MYM00096471,2007-10-12,TMAX,320
MYM00096471,2009-02-18,TMIN,240
MYM00096471,2009-02-18,TMAX,329
MYM00096471,2010-06-26,TMIN,235
MYM00096471,2007-01-19,TMAX,328
MYM00096471,2015-07-01,TMIN,252
MYM00096471,2005-09-02,TMAX,341
MYM00096471,2009-11-13,TMAX,333
MYM00096471,2007-08-21,TMAX,314
MYM00096471,2011-12-21,TMIN,259
MYM00096471,2008-04-05,TMAX,312
MYM00096471,2014-09-28,TMIN,245
MYM00096471,2006-02-14,TMIN,238
MYM00096471,2008-09-24,TMIN,240
MYM00096471,2011-08-27,TMAX,341
MYM00096471,2009-05-09,TMAX,340
MYM00096471,2015-09-02,TMIN,249
MYM00096471,2011-07-17,TMAX,320
MYM00096471,2007-04-28,TMIN,251
MYM00096471,2008-01-14,TMAX,313
MYM00096471,2013-07-03,TMIN,235
MYM00096471,2009-12-03,TMAX,330
MYM00096471,2009-12-03,TMIN,238
MYM00096471,2013-07-03,TMAX,336
MYM00096471,2012-04-24,TMIN,236
MYM00096471,2013-07-21,TMIN,235
MYM00096471,2012-04-24,TMAX,324
MYM00096471,2008-05-14,TMIN,246
MYM00096471,2009-11-18,TMIN,241
MYM00096471,2009-11-18,TMAX,325
MYM00096471,2008-04-04,TMIN,232
MYM00096471,2008-04-04,TMAX,316
MYM00096471,2014-04-22,TMIN,242
MYM00096471,2013-02-20,TMAX,313
MYM00096471,2009-10-22,TMAX,332
MYM00096471,2009-10-22,TMIN,229
MYM00096471,2009-06-07,TMAX,323
MYM00096471,2006-10-09,TMIN,234
MYM00096471,2012-05-07,TMIN,237
MYM00096471,2012-05-07,TMAX,332
MYM00096471,2011-07-17,TMIN,235
MYM00096471,2006-09-19,TMAX,294
MYM00096471,2011-02-19,TMAX,304
MYM00096471,2005-08-31,TMIN,237
MYM00096471,2010-07-07,TMAX,332
MYM00096471,2007-10-18,TMAX,312
MYM00096471,2007-07-19,TMAX,336
MYM00096471,2010-08-01,TMIN,241
MYM00096471,2015-06-02,TMAX,353
MYM00096471,2010-08-01,TMAX,326
MYM00096471,2007-07-19,TMIN,246
MYM00096471,2010-08-13,TMIN,249
MYM00096471,2010-12-02,TMIN,241
MYM00096471,2010-12-02,TMAX,325
MYM00096471,2015-09-19,TMAX,332
MYM00096471,2007-12-02,TMIN,229
MYM00096471,2008-02-07,TMAX,316
MYM00096471,2012-11-27,TMAX,331
MYM00096471,2009-10-15,TMAX,317
MYM00096471,2010-04-21,TMAX,340
MYM00096471,2009-10-15,TMIN,231
MYM00096471,2010-04-21,TMIN,258
MYM00096471,2006-03-24,TMIN,236
MYM00096471,2012-09-25,TMAX,317
MYM00096471,2006-03-24,TMAX,332
MYM00096471,2011-01-09,TMIN,235
MYM00096471,2014-10-12,TMIN,238
MYM00096471,2006-10-14,TMAX,320
MYM00096471,2006-10-14,TMIN,236
MYM00096471,2014-11-01,TMIN,243
MYM00096471,2007-11-06,TMIN,238
MYM00096471,2006-09-12,TMIN,247
MYM00096471,2007-11-06,TMAX,316
MYM00096471,2014-10-10,TMIN,209
MYM00096471,2006-09-12,TMAX,327
MYM00096471,2014-10-16,TMIN,235
MYM00096471,2011-12-01,TMAX,331
MYM00096471,2009-12-05,TMIN,242
MYM00096471,2009-12-05,TMAX,311
MYM00096471,2006-07-26,TMIN,237
MYM00096471,2006-10-27,TMAX,323
MYM00096471,2011-09-14,TMAX,340
MYM00096471,2008-07-19,TMAX,320
MYM00096471,2008-02-24,TMAX,278
MYM00096471,2011-01-09,TMAX,322
MYM00096471,2007-10-18,TMIN,237
MYM00096471,2007-11-05,TMAX,314
MYM00096471,2010-08-13,TMAX,340
MYM00096471,2009-09-16,TMAX,336
MYM00096471,2007-05-11,TMAX,334
MYM00096471,2010-12-14,TMAX,325
MYM00096471,2007-10-20,TMAX,320
MYM00096471,2005-08-14,TMIN,227
MYM00096471,2005-08-14,TMAX,333
MYM00096471,2007-03-11,TMAX,331
MYM00096471,2010-05-03,TMAX,330
MYM00096471,2009-10-19,TMAX,336
MYM00096471,2007-03-11,TMIN,237
MYM00096471,2014-07-29,TMIN,234
MYM00096471,2010-05-03,TMIN,260
MYM00096471,2005-12-29,TMIN,234
MYM00096471,2015-10-30,TMIN,248
MYM00096471,2013-01-02,TMIN,236
MYM00096471,2007-06-24,TMAX,316
MYM00096471,2009-08-09,TMAX,334
MYM00096471,2013-08-11,TMIN,235
MYM00096471,2008-09-18,TMIN,225
MYM00096471,2011-05-09,TMAX,323
MYM00096471,2007-03-23,TMAX,317
MYM00096471,2015-06-19,TMIN,237
MYM00096471,2013-09-20,TMIN,240
MYM00096471,2015-11-12,TMIN,248
MYM00096471,2005-10-26,TMIN,236
MYM00096471,2005-10-26,TMAX,323
MYM00096471,2005-09-01,TMAX,336
MYM00096471,2009-01-25,TMIN,235
MYM00096471,2005-09-01,TMIN,241
MYM00096471,2009-01-25,TMAX,323
MYM00096471,2007-09-01,TMIN,241
MYM00096471,2014-02-23,TMIN,216
MYM00096471,2012-03-28,TMAX,322
MYM00096471,2012-07-16,TMIN,235
MYM00096471,2009-05-05,TMIN,238
MYM00096471,2008-08-20,TMAX,323
MYM00096471,2010-12-25,TMIN,232
MYM00096471,2013-03-06,TMIN,247
MYM00096471,2013-03-06,TMAX,324
MYM00096471,2014-12-04,TMIN,236
MYM00096471,2014-01-29,TMIN,215
MYM00096471,2010-12-14,TMIN,228
MYM00096471,2015-01-20,TMIN,238
MYM00096471,2015-11-12,TMAX,322
MYM00096471,2006-07-08,TMAX,333
MYM00096471,2005-11-08,TMAX,327
MYM00096471,2009-12-26,TMAX,312
MYM00096471,2012-01-07,TMAX,307
MYM00096471,2014-12-08,TMIN,236
MYM00096471,2012-01-07,TMIN,237
MYM00096471,2012-07-20,TMAX,312
MYM00096471,2006-12-23,TMAX,334
MYM00096471,2007-04-02,TMAX,324
MYM00096471,2006-12-23,TMIN,241
MYM00096471,2011-10-28,TMIN,247
MYM00096471,2007-02-11,TMAX,313
MYM00096471,2009-01-05,TMIN,236
MYM00096471,2011-01-25,TMIN,235
MYM00096471,2008-09-25,TMIN,247
MYM00096471,2008-09-25,TMAX,331
MYM00096471,2012-08-05,TMAX,330
MYM00096471,2012-08-05,TMIN,245
MYM00096471,2007-02-11,TMIN,242
MYM00096471,2008-06-02,TMIN,235
MYM00096471,2015-06-17,TMAX,292
MYM00096471,2005-03-28,TMIN,232
MYM00096471,2006-02-19,TMAX,309
MYM00096471,2013-04-20,TMAX,326
MYM00096471,2008-08-16,TMAX,329
MYM00096471,2007-06-22,TMIN,239
MYM00096471,2009-01-04,TMIN,234
MYM00096471,2008-09-12,TMAX,331
MYM00096471,2012-04-18,TMIN,240
MYM00096471,2007-01-16,TMAX,324
MYM00096471,2007-01-16,TMIN,232
MYM00096471,2012-04-18,TMAX,335
MYM00096471,2012-03-11,TMIN,240
MYM00096471,2012-02-22,TMAX,324
MYM00096471,2007-01-08,TMIN,227
MYM00096471,2012-03-11,TMAX,331
MYM00096471,2013-01-13,TMAX,300
MYM00096471,2011-04-22,TMIN,246
MYM00096471,2006-11-12,TMAX,323
MYM00096471,2011-04-22,TMAX,333
MYM00096471,2008-01-01,TMAX,314
MYM00096471,2007-03-20,TMAX,311
MYM00096471,2011-12-06,TMIN,236
MYM00096471,2013-12-03,TMIN,239
MYM00096471,2007-06-22,TMAX,325
MYM00096471,2008-08-16,TMIN,237
MYM00096471,2015-01-11,TMIN,249
MYM00096471,2007-11-08,TMAX,303
MYM00096471,2010-07-08,TMAX,337
MYM00096471,2008-08-26,TMAX,321
MYM00096471,2012-04-15,TMIN,242
MYM00096471,2011-10-06,TMIN,234
MYM00096471,2008-08-26,TMIN,236
MYM00096471,2011-01-19,TMAX,303
MYM00096471,2005-07-25,TMIN,236
MYM00096471,2013-06-23,TMIN,248
MYM00096471,2009-01-05,TMAX,325
MYM00096471,2013-02-04,TMIN,232
MYM00096471,2009-04-03,TMIN,245
MYM00096471,2013-02-04,TMAX,333
MYM00096471,2006-02-25,TMIN,236
MYM00096471,2010-10-07,TMAX,323
MYM00096471,2006-02-25,TMAX,321
MYM00096471,2009-04-03,TMAX,336
MYM00096471,2012-04-22,TMAX,293
MYM00096471,2012-07-20,TMIN,226
MYM00096471,2013-06-23,TMAX,335
MYM00096471,2012-05-12,TMIN,239
MYM00096471,2012-04-15,TMAX,331
MYM00096471,2007-12-25,TMIN,233
MYM00096471,2013-03-24,TMAX,343
MYM00096471,2005-09-05,TMAX,333
MYM00096471,2011-01-25,TMAX,298
MYM00096471,2010-04-15,TMAX,336
MYM00096471,2011-01-19,TMIN,236
MYM00096471,2015-11-07,TMIN,240
MYM00096471,2013-10-12,TMIN,238
MYM00096471,2006-12-09,TMIN,237
MYM00096471,2006-12-09,TMAX,333
MYM00096471,2010-08-05,TMAX,303
MYM00096471,2006-08-01,TMIN,238
MYM00096471,2007-05-30,TMAX,326
MYM00096471,2005-03-06,TMAX,300
MYM00096471,2011-09-25,TMAX,321
MYM00096471,2013-09-06,TMIN,238
MYM00096471,2012-03-06,TMAX,313
MYM00096471,2012-03-06,TMIN,245
MYM00096471,2011-09-25,TMIN,239
MYM00096471,2008-08-13,TMAX,320
MYM00096471,2006-06-15,TMAX,291
MYM00096471,2007-07-28,TMAX,303
MYM00096471,2008-05-31,TMAX,320
MYM00096471,2010-02-04,TMIN,241
MYM00096471,2011-09-06,TMAX,342
MYM00096471,2006-05-14,TMAX,322
MYM00096471,2009-02-06,TMIN,228
MYM00096471,2006-04-09,TMAX,323
MYM00096471,2006-04-09,TMIN,228
MYM00096471,2010-10-04,TMAX,330
MYM00096471,2006-08-24,TMIN,238
MYM00096471,2010-10-04,TMIN,250
MYM00096471,2011-08-05,TMAX,324
MYM00096471,2006-08-24,TMAX,335
MYM00096471,2011-08-05,TMIN,240
MYM00096471,2007-03-09,TMIN,227
MYM00096471,2007-03-09,TMAX,326
MYM00096471,2010-10-30,TMAX,323
MYM00096471,2010-10-30,TMIN,238
MYM00096471,2009-04-10,TMAX,336
MYM00096471,2008-10-26,TMAX,272
MYM00096471,2010-03-23,TMIN,252
MYM00096471,2011-04-18,TMIN,231
MYM00096471,2006-04-26,TMIN,229
MYM00096471,2006-04-26,TMAX,326
MYM00096471,2009-02-06,TMAX,243
MYM00096471,2013-09-01,TMIN,247
MYM00096471,2011-03-10,TMIN,232
MYM00096471,2006-07-05,TMAX,336
MYM00096471,2010-01-13,TMAX,300
MYM00096471,2010-01-13,TMIN,238
MYM00096471,2013-03-28,TMAX,332
MYM00096471,2013-03-28,TMIN,249
MYM00096471,2009-04-20,TMIN,250
MYM00096471,2007-11-18,TMIN,226
MYM00096471,2006-06-16,TMIN,226
MYM00096471,2006-06-16,TMAX,323
MYM00096471,2011-03-04,TMIN,234
MYM00096471,2006-02-16,TMIN,245
MYM00096471,2006-02-16,TMAX,352
MYM00096471,2008-01-31,TMAX,325
MYM00096471,2009-04-20,TMAX,325
MYM00096471,2008-11-02,TMAX,327
MYM00096471,2008-11-02,TMIN,237
MYM00096471,2012-09-12,TMIN,238
MYM00096471,2012-09-12,TMAX,324
MYM00096471,2009-09-03,TMIN,236
MYM00096471,2006-07-05,TMIN,240
MYM00096471,2010-06-09,TMAX,322
MYM00096471,2007-11-29,TMAX,302
MYM00096471,2010-04-12,TMAX,333
MYM00096471,2015-03-14,TMAX,322
MYM00096471,2009-10-18,TMIN,241
MYM00096471,2015-07-13,TMAX,334
MYM00096471,2015-07-13,TMIN,262
MYM00096471,2012-09-06,TMAX,324
MYM00096471,2010-01-08,TMIN,238
MYM00096471,2010-01-08,TMAX,313
MYM00096471,2011-04-30,TMAX,333
MYM00096471,2013-06-19,TMIN,250
MYM00096471,2014-04-09,TMIN,242
MYM00096471,2015-06-23,TMIN,250
MYM00096471,2010-04-29,TMIN,245
MYM00096471,2007-10-28,TMAX,302
MYM00096471,2008-02-16,TMAX,263
MYM00096471,2009-12-12,TMIN,242
MYM00096471,2009-12-12,TMAX,329
MYM00096471,2013-01-25,TMIN,241
MYM00096471,2006-06-25,TMAX,315
MYM00096471,2009-01-04,TMAX,313
MYM00096471,2010-11-10,TMIN,237
MYM00096471,2006-06-14,TMAX,325
MYM00096471,2015-03-14,TMIN,237
MYM00096471,2006-06-14,TMIN,240
MYM00096471,2009-07-15,TMAX,327
MYM00096471,2013-07-19,TMIN,240
MYM00096471,2015-02-20,TMIN,236
MYM00096471,2008-11-08,TMAX,333
MYM00096471,2007-11-25,TMAX,317
MYM00096471,2008-03-15,TMAX,315
MYM00096471,2014-09-23,TMIN,240
MYM00096471,2010-10-31,TMIN,240
MYM00096471,2009-11-30,TMIN,239
MYM00096471,2007-11-25,TMIN,247
MYM00096471,2015-07-30,TMAX,324
MYM00096471,2015-08-04,TMIN,237
MYM00096471,2012-10-17,TMIN,237
MYM00096471,2012-10-17,TMAX,324
MYM00096471,2008-10-30,TMAX,332
MYM00096471,2013-11-01,TMIN,235
MYM00096471,2013-01-25,TMAX,310
MYM00096471,2012-01-27,TMAX,302
MYM00096471,2006-04-29,TMIN,230
MYM00096471,2006-04-29,TMAX,323
MYM00096471,2011-05-17,TMIN,243
MYM00096471,2013-06-25,TMAX,344
MYM00096471,2010-04-23,TMAX,333
MYM00096471,2010-04-23,TMIN,260
MYM00096471,2010-03-17,TMAX,334
MYM00096471,2010-03-17,TMIN,225
MYM00096471,2015-11-15,TMIN,246
MYM00096471,2011-07-19,TMAX,346
MYM00096471,2013-03-20,TMAX,330
MYM00096471,2015-12-23,TMAX,324
MYM00096471,2013-03-25,TMAX,334
MYM00096471,2013-03-25,TMIN,246
MYM00096471,2006-05-23,TMIN,238
MYM00096471,2014-09-09,TMIN,239
MYM00096471,2011-07-19,TMIN,243
MYM00096471,2012-11-12,TMAX,311
MYM00096471,2008-03-18,TMAX,320
MYM00096471,2008-03-18,TMIN,238
MYM00096471,2007-04-27,TMIN,246
MYM00096471,2007-04-27,TMAX,321
MYM00096471,2010-05-12,TMAX,333
MYM00096471,2012-11-21,TMAX,312
MYM00096471,2012-11-12,TMIN,245
MYM00096471,2006-03-16,TMIN,234
MYM00096471,2007-05-06,TMIN,242
MYM00096471,2006-05-23,TMAX,323
MYM00096471,2008-04-07,TMAX,322
MYM00096471,2009-12-25,TMIN,245
MYM00096471,2009-12-25,TMAX,330
MYM00096471,2009-03-03,TMIN,238
MYM00096471,2008-02-23,TMAX,300
MYM00096471,2008-02-23,TMIN,244
MYM00096471,2012-05-06,TMAX,324
MYM00096471,2012-06-14,TMIN,231
MYM00096471,2009-03-03,TMAX,325
MYM00096471,2012-05-06,TMIN,232
MYM00096471,2012-06-14,TMAX,323
MYM00096471,2013-01-22,TMIN,231
MYM00096471,2008-09-21,TMIN,239
MYM00096471,2011-10-05,TMAX,339
MYM00096471,2013-01-22,TMAX,314
MYM00096471,2012-07-07,TMAX,313
MYM00096471,2013-03-20,TMIN,247
MYM00096471,2011-09-09,TMAX,308
MYM00096471,2011-09-09,TMIN,237
MYM00096471,2010-05-12,TMIN,251
MYM00096471,2007-09-06,TMIN,244
MYM00096471,2011-04-04,TMAX,315
MYM00096471,2015-09-17,TMAX,332
MYM00096471,2008-08-07,TMAX,332
MYM00096471,2008-08-07,TMIN,238
MYM00096471,2011-06-24,TMAX,333
MYM00096471,2007-01-02,TMAX,312
MYM00096471,2014-08-26,TMIN,236
MYM00096471,2011-06-08,TMIN,239
MYM00096471,2011-06-24,TMIN,255
MYM00096471,2008-10-18,TMAX,332
MYM00096471,2010-04-14,TMIN,252
MYM00096471,2010-04-14,TMAX,334
MYM00096471,2008-10-18,TMIN,232
MYM00096471,2006-01-02,TMAX,311
MYM00096471,2015-05-05,TMIN,239
MYM00096471,2015-05-05,TMAX,345
MYM00096471,2011-06-04,TMAX,332
MYM00096471,2011-06-04,TMIN,254
MYM00096471,2015-10-24,TMAX,315
MYM00096471,2009-12-19,TMAX,304
MYM00096471,2015-01-30,TMIN,237
MYM00096471,2013-11-14,TMIN,231
MYM00096471,2010-10-10,TMAX,314
MYM00096471,2015-01-27,TMIN,237
MYM00096471,2006-04-24,TMIN,230
MYM00096471,2014-04-24,TMIN,249
MYM00096471,2012-12-30,TMAX,328
MYM00096471,2005-09-26,TMAX,296
MYM00096471,2012-02-24,TMAX,330
MYM00096471,2013-07-22,TMIN,239
MYM00096471,2011-06-08,TMAX,312
MYM00096471,2013-07-31,TMIN,234
MYM00096471,2006-06-19,TMIN,235
MYM00096471,2006-06-19,TMAX,324
MYM00096471,2012-03-02,TMAX,324
MYM00096471,2006-04-10,TMAX,334
MYM00096471,2012-08-20,TMIN,232
MYM00096471,2006-08-20,TMAX,331
MYM00096471,2007-05-24,TMIN,250
MYM00096471,2008-11-09,TMAX,318
MYM00096471,2006-05-02,TMAX,330
MYM00096471,2007-05-24,TMAX,339
MYM00096471,2012-10-10,TMIN,238
MYM00096471,2006-05-02,TMIN,232
MYM00096471,2012-08-20,TMAX,331
MYM00096471,2011-11-28,TMIN,248
MYM00096471,2006-08-11,TMIN,227
MYM00096471,2006-08-11,TMAX,300
MYM00096471,2008-10-16,TMAX,332
MYM00096471,2009-01-14,TMAX,292
MYM00096471,2007-02-02,TMIN,230
MYM00096471,2012-06-12,TMAX,321
MYM00096471,2007-02-02,TMAX,303
MYM00096471,2012-06-12,TMIN,239
MYM00096471,2011-09-15,TMAX,320
MYM00096471,2006-12-27,TMIN,243
MYM00096471,2006-05-04,TMIN,236
MYM00096471,2006-12-27,TMAX,325
MYM00096471,2009-11-14,TMAX,330
MYM00096471,2009-11-14,TMIN,243
MYM00096471,2009-08-02,TMAX,320
MYM00096471,2009-08-02,TMIN,274
MYM00096471,2011-06-06,TMIN,246
MYM00096471,2010-01-21,TMAX,322
MYM00096471,2011-06-06,TMAX,317
MYM00096471,2015-09-28,TMAX,341
MYM00096471,2013-12-12,TMIN,240
MYM00096471,2013-11-27,TMIN,236
MYM00096471,2010-01-23,TMAX,302
MYM00096471,2010-03-14,TMIN,245
MYM00096471,2007-04-16,TMIN,234
MYM00096471,2006-09-25,TMIN,229
MYM00096471,2006-09-25,TMAX,291
MYM00096471,2007-11-16,TMIN,243
MYM00096471,2009-06-25,TMAX,305
MYM00096471,2012-05-15,TMIN,238
MYM00096471,2012-03-21,TMAX,329
MYM00096471,2007-08-12,TMAX,344
MYM00096471,2008-12-16,TMIN,245
MYM00096471,2008-12-16,TMAX,324
MYM00096471,2011-05-16,TMAX,336
MYM00096471,2014-09-18,TMIN,248
MYM00096471,2006-09-21,TMIN,231
MYM00096471,2015-07-06,TMAX,322
MYM00096471,2014-04-14,TMIN,240
MYM00096471,2015-07-06,TMIN,248
MYM00096471,2009-01-14,TMIN,231
MYM00096471,2012-12-26,TMAX,319
MYM00096471,2007-05-28,TMIN,241
MYM00096471,2007-04-16,TMAX,336
MYM00096471,2007-05-28,TMAX,337
MYM00096471,2009-08-24,TMAX,302
MYM00096471,2006-05-04,TMAX,330
MYM00096471,2012-06-20,TMIN,238
MYM00096471,2015-02-04,TMIN,239
MYM00096471,2013-05-24,TMIN,238
MYM00096471,2013-07-05,TMIN,236
MYM00096471,2010-07-31,TMIN,235
MYM00096471,2010-03-26,TMIN,249
MYM00096471,2011-08-06,TMAX,313
MYM00096471,2009-09-19,TMIN,249
MYM00096471,2009-09-19,TMAX,310
MYM00096471,2013-05-24,TMAX,323
MYM00096471,2005-12-23,TMAX,301
MYM00096471,2006-04-06,TMIN,236
MYM00096471,2006-04-06,TMAX,332
MYM00096471,2008-12-09,TMIN,240
MYM00096471,2015-06-08,TMAX,354
MYM00096471,2015-09-26,TMAX,334
MYM00096471,2015-06-08,TMIN,262
MYM00096471,2014-01-11,TMIN,237
MYM00096471,2008-12-09,TMAX,304
MYM00096471,2011-11-28,TMAX,323
MYM00096471,2012-07-29,TMAX,326
MYM00096471,2014-03-01,TMIN,233
MYM00096471,2011-07-23,TMAX,322
MYM00096471,2008-07-14,TMIN,250
MYM00096471,2008-11-20,TMAX,291
MYM00096471,2008-01-06,TMIN,245
MYM00096471,2008-01-06,TMAX,313
MYM00096471,2015-07-17,TMIN,246
MYM00096471,2011-06-14,TMAX,323
MYM00096471,2005-03-29,TMIN,252
MYM00096471,2006-10-30,TMIN,235
MYM00096471,2013-03-31,TMIN,254
MYM00096471,2009-06-21,TMAX,333
MYM00096471,2014-12-31,TMIN,220
MYM00096471,2009-06-21,TMIN,244
MYM00096471,2012-01-23,TMAX,322
MYM00096471,2012-01-23,TMIN,240
MYM00096471,2009-10-27,TMAX,325
MYM00096471,2010-07-31,TMAX,322
MYM00096471,2011-07-27,TMAX,323
MYM00096471,2011-08-09,TMAX,340
MYM00096471,2008-07-14,TMAX,330
MYM00096471,2009-10-03,TMAX,311
MYM00096471,2011-07-23,TMIN,228
MYM00096471,2011-01-17,TMAX,302
MYM00096471,2011-07-12,TMAX,341
MYM00096471,2011-07-12,TMIN,243
MYM00096471,2013-10-11,TMIN,239
MYM00096471,2013-05-22,TMAX,342
MYM00096471,2013-04-14,TMAX,335
MYM00096471,2013-04-14,TMIN,245
MYM00096471,2014-07-15,TMIN,234
MYM00096471,2012-01-06,TMIN,239
MYM00096471,2012-01-06,TMAX,313
MYM00096471,2006-10-20,TMIN,240
MYM00096471,2006-10-20,TMAX,331
MYM00096471,2009-12-17,TMAX,323
MYM00096471,2009-12-17,TMIN,233
MYM00096471,2010-09-08,TMAX,315
MYM00096471,2006-01-24,TMIN,236
MYM00096471,2006-01-24,TMAX,307
MYM00096471,2010-09-08,TMIN,242
MYM00096471,2014-02-03,TMIN,206
MYM00096471,2005-06-04,TMAX,351
MYM00096471,2008-07-09,TMAX,321
MYM00096471,2011-08-20,TMAX,322
MYM00096471,2014-06-04,TMIN,259
MYM00096471,2011-08-20,TMIN,247
MYM00096471,2009-10-16,TMIN,240
MYM00096471,2009-10-16,TMAX,320
MYM00096471,2006-07-16,TMAX,340
MYM00096471,2015-08-22,TMIN,218
MYM00096471,2006-07-16,TMIN,247
MYM00096471,2007-12-11,TMIN,232
MYM00096471,2012-07-22,TMAX,323
MYM00096471,2007-12-11,TMAX,315
MYM00096471,2005-10-19,TMAX,331
MYM00096471,2005-10-19,TMIN,232
MYM00096471,2007-01-28,TMAX,273
MYM00096471,2010-12-21,TMIN,240
MYM00096471,2014-04-03,TMIN,244
MYM00096471,2014-05-29,TMIN,250
MYM00096471,2009-11-26,TMAX,325
MYM00096471,2007-08-19,TMAX,333
MYM00096471,2015-08-17,TMAX,297
MYM00096471,2007-12-31,TMAX,324
MYM00096471,2009-06-12,TMAX,344
MYM00096471,2009-06-12,TMIN,249
MYM00096471,2007-12-31,TMIN,236
MYM00096471,2013-05-22,TMIN,237
MYM00096471,2007-02-09,TMAX,314
MYM00096471,2007-06-06,TMAX,314
MYM00096471,2006-09-26,TMIN,229
MYM00096471,2015-10-06,TMIN,241
MYM00096471,2008-06-26,TMAX,334
MYM00096471,2009-05-01,TMAX,310
MYM00096471,2006-01-31,TMIN,236
MYM00096471,2006-01-31,TMAX,320
MYM00096471,2006-10-17,TMAX,331
MYM00096471,2015-09-18,TMAX,337
MYM00096471,2006-07-13,TMAX,323
MYM00096471,2006-10-17,TMIN,249
MYM00096471,2008-10-23,TMIN,244
MYM00096471,2008-10-23,TMAX,310
MYM00096471,2013-09-22,TMIN,245
MYM00096471,2005-09-25,TMIN,237
MYM00096471,2005-09-25,TMAX,334
MYM00096471,2007-11-07,TMAX,280
MYM00096471,2007-11-07,TMIN,235
MYM00096471,2009-06-03,TMAX,336
MYM00096471,2009-06-03,TMIN,249
MYM00096471,2015-12-17,TMAX,310
MYM00096471,2015-10-06,TMAX,330
MYM00096471,2010-01-05,TMAX,323
MYM00096471,2007-06-02,TMAX,318
MYM00096471,2012-06-11,TMIN,233
MYM00096471,2009-05-23,TMAX,337
MYM00096471,2005-12-25,TMIN,237
MYM00096471,2006-09-26,TMAX,320
MYM00096471,2013-05-05,TMIN,251
MYM00096471,2009-06-10,TMIN,251
MYM00096471,2010-07-20,TMAX,316
MYM00096471,2015-01-25,TMIN,240
MYM00096471,2011-07-21,TMAX,341
MYM00096471,2011-02-13,TMIN,223
MYM00096471,2008-05-20,TMIN,236
MYM00096471,2010-05-04,TMAX,332
MYM00096471,2014-03-15,TMIN,239
MYM00096471,2010-06-23,TMIN,243
MYM00096471,2009-06-23,TMAX,340
MYM00096471,2014-04-29,TMIN,247
MYM00096471,2015-09-18,TMIN,249
MYM00096471,2008-05-20,TMAX,335
MYM00096471,2008-06-26,TMIN,233
MYM00096471,2013-06-12,TMAX,343
MYM00096471,2007-06-02,TMIN,239
MYM00096471,2011-11-17,TMAX,330
MYM00096471,2015-08-22,TMAX,333
MYM00096471,2007-02-09,TMIN,239
MYM00096471,2009-06-02,TMAX,328
MYM00096471,2008-02-11,TMAX,255
MYM00096471,2009-10-24,TMAX,315
MYM00096471,2015-12-29,TMIN,242
MYM00096471,2005-12-19,TMIN,246
MYM00096471,2013-05-06,TMIN,259
MYM00096471,2008-01-12,TMAX,322
MYM00096471,2013-05-06,TMAX,342
MYM00096471,2011-02-09,TMIN,228
MYM00096471,2007-07-18,TMIN,230
MYM00096471,2010-08-10,TMAX,330
MYM00096471,2008-12-21,TMAX,320
MYM00096471,2008-12-01,TMAX,333
MYM00096471,2011-11-01,TMAX,335
MYM00096471,2005-11-24,TMAX,302
MYM00096471,2011-11-01,TMIN,249
MYM00096471,2008-12-01,TMIN,247
MYM00096471,2008-12-21,TMIN,240
MYM00096471,2012-12-22,TMAX,301
MYM00096471,2009-06-02,TMIN,245
MYM00096471,2012-12-22,TMIN,240
MYM00096471,2006-11-03,TMIN,240
MYM00096471,2014-04-15,TMIN,242
MYM00096471,2012-07-22,TMIN,247
MYM00096471,2008-02-14,TMAX,289
MYM00096471,2015-12-28,TMIN,229
MYM00096471,2007-03-02,TMAX,321
MYM00096471,2006-02-24,TMIN,237
MYM00096471,2006-02-24,TMAX,325
MYM00096471,2007-02-26,TMAX,310
MYM00096471,2007-01-27,TMIN,237
MYM00096471,2005-12-09,TMIN,238
MYM00096471,2005-12-09,TMAX,324
MYM00096471,2011-03-28,TMAX,300
MYM00096471,2011-03-28,TMIN,230
MYM00096471,2005-11-02,TMAX,284
MYM00096471,2013-03-05,TMIN,238
MYM00096471,2013-03-05,TMAX,324
MYM00096471,2015-04-26,TMAX,338
MYM00096471,2009-11-17,TMAX,297
MYM00096471,2006-12-07,TMAX,313
MYM00096471,2011-05-18,TMAX,336
MYM00096471,2006-11-03,TMAX,332
MYM00096471,2011-03-07,TMAX,316
MYM00096471,2008-02-27,TMIN,229
MYM00096471,2006-05-10,TMAX,334
MYM00096471,2013-08-12,TMIN,234
MYM00096471,2007-05-26,TMIN,248
MYM00096471,2012-03-04,TMIN,242
MYM00096471,2012-03-04,TMAX,314
MYM00096471,2010-03-18,TMAX,334
MYM00096471,2010-07-23,TMAX,302
MYM00096471,2013-05-13,TMAX,313
MYM00096471,2010-12-27,TMAX,321
MYM00096471,2007-12-07,TMAX,324
MYM00096471,2012-07-12,TMAX,310
MYM00096471,2015-04-17,TMIN,246
MYM00096471,2014-10-13,TMIN,238
MYM00096471,2008-05-18,TMIN,240
MYM00096471,2008-05-18,TMAX,321
MYM00096471,2010-12-27,TMIN,237
MYM00096471,2010-11-13,TMIN,244
MYM00096471,2011-03-07,TMIN,234
MYM00096471,2010-11-13,TMAX,321
MYM00096471,2012-01-01,TMAX,314
MYM00096471,2015-09-10,TMAX,334
MYM00096471,2009-01-03,TMAX,301
MYM00096471,2010-03-18,TMIN,239
MYM00096471,2015-09-10,TMIN,241
MYM00096471,2006-01-11,TMIN,233
MYM00096471,2010-09-02,TMIN,244
MYM00096471,2010-09-02,TMAX,323
MYM00096471,2013-06-24,TMAX,353
MYM00096471,2015-12-31,TMIN,239
MYM00096471,2012-11-09,TMIN,239
MYM00096471,2012-06-26,TMAX,324
MYM00096471,2005-09-23,TMAX,330
MYM00096471,2008-06-06,TMAX,328
MYM00096471,2015-10-29,TMAX,336
MYM00096471,2015-10-29,TMIN,248
MYM00096471,2007-04-24,TMIN,243
MYM00096471,2013-01-30,TMAX,325
MYM00096471,2013-01-30,TMIN,240
MYM00096471,2014-06-25,TMIN,245
MYM00096471,2014-12-02,TMIN,227
MYM00096471,2007-04-24,TMAX,332
MYM00096471,2013-02-02,TMAX,325
MYM00096471,2013-02-02,TMIN,231
MYM00096471,2007-05-26,TMAX,330
MYM00096471,2007-11-16,TMAX,313
MYM00096471,2012-02-15,TMIN,233
MYM00096471,2012-02-15,TMAX,325
MYM00096471,2012-06-15,TMIN,236
MYM00096471,2012-06-15,TMAX,327
MYM00096471,2010-02-21,TMIN,234
MYM00096471,2010-02-21,TMAX,321
MYM00096471,2012-09-20,TMAX,303
MYM00096471,2008-07-29,TMIN,243
MYM00096471,2008-07-29,TMAX,335
MYM00096471,2011-09-22,TMIN,229
MYM00096471,2006-02-13,TMIN,232
MYM00096471,2010-10-21,TMIN,243
MYM00096471,2010-05-20,TMAX,337
MYM00096471,2011-06-21,TMIN,244
MYM00096471,2007-09-13,TMIN,232
MYM00096471,2011-03-23,TMIN,231
MYM00096471,2007-09-13,TMAX,313
MYM00096471,2007-05-25,TMAX,337
MYM00096471,2010-12-04,TMIN,239
MYM00096471,2010-12-04,TMAX,320
MYM00096471,2008-11-21,TMAX,311
MYM00096471,2012-02-04,TMAX,321
MYM00096471,2014-05-10,TMIN,243
MYM00096471,2012-02-04,TMIN,229
MYM00096471,2013-04-23,TMAX,333
MYM00096471,2010-05-28,TMAX,341
MYM00096471,2010-05-28,TMIN,243
MYM00096471,2015-09-24,TMAX,331
MYM00096471,2006-09-18,TMAX,300
MYM00096471,2010-12-13,TMAX,326
MYM00096471,2007-04-11,TMAX,335
MYM00096471,2007-04-11,TMIN,246
MYM00096471,2008-07-10,TMAX,323
MYM00096471,2014-01-30,TMIN,221
MYM00096471,2010-10-12,TMIN,235
MYM00096471,2008-08-21,TMAX,330
MYM00096471,2008-08-21,TMIN,238
MYM00096471,2011-11-25,TMIN,245
MYM00096471,2011-11-25,TMAX,336
MYM00096471,2012-03-19,TMAX,324
MYM00096471,2013-03-26,TMAX,334
MYM00096471,2012-12-24,TMAX,317
MYM00096471,2012-12-24,TMIN,231
MYM00096471,2012-09-20,TMIN,232
MYM00096471,2011-01-03,TMAX,310
MYM00096471,2008-09-04,TMIN,240
MYM00096471,2015-10-14,TMAX,330
MYM00096471,2015-08-19,TMIN,234
MYM00096471,2012-04-17,TMAX,332
MYM00096471,2007-10-02,TMAX,326
MYM00096471,2007-10-02,TMIN,240
MYM00096471,2011-12-12,TMAX,314
MYM00096471,2012-07-10,TMAX,325
MYM00096471,2012-02-17,TMIN,239
MYM00096471,2012-04-17,TMIN,229
MYM00096471,2006-08-07,TMAX,316
MYM00096471,2008-07-06,TMIN,237
MYM00096471,2008-07-06,TMAX,320
MYM00096471,2011-11-19,TMAX,315
MYM00096471,2009-11-27,TMAX,338
MYM00096471,2009-12-14,TMIN,242
MYM00096471,2007-12-24,TMAX,319
MYM00096471,2006-02-07,TMAX,317
MYM00096471,2006-02-07,TMIN,239
MYM00096471,2009-04-15,TMIN,246
MYM00096471,2008-06-14,TMIN,245
MYM00096471,2006-01-18,TMAX,328
MYM00096471,2012-12-31,TMIN,244
MYM00096471,2011-02-26,TMIN,246
MYM00096471,2010-11-30,TMAX,325
MYM00096471,2013-05-17,TMIN,246
MYM00096471,2015-11-05,TMIN,241
MYM00096471,2015-10-23,TMAX,336
MYM00096471,2011-02-26,TMAX,316
MYM00096471,2007-10-01,TMAX,312
MYM00096471,2008-12-10,TMAX,321
MYM00096471,2007-01-24,TMIN,243
MYM00096471,2007-01-24,TMAX,322
MYM00096471,2006-11-28,TMIN,234
MYM00096471,2014-05-05,TMIN,257
MYM00096471,2006-10-26,TMAX,325
MYM00096471,2008-09-15,TMAX,320
MYM00096471,2007-03-18,TMAX,300
MYM00096471,2011-10-18,TMIN,245
MYM00096471,2011-10-18,TMAX,333
MYM00096471,2010-03-21,TMIN,249
MYM00096471,2010-03-21,TMAX,326
MYM00096471,2013-09-15,TMIN,239
MYM00096471,2014-09-17,TMIN,240
MYM00096471,2011-03-31,TMIN,242
MYM00096471,2012-03-14,TMAX,330
MYM00096471,2006-01-18,TMIN,227
MYM00096471,2013-07-08,TMAX,331
MYM00096471,2010-12-03,TMAX,316
MYM00096471,2006-03-14,TMAX,312
MYM00096471,2015-03-13,TMAX,316
MYM00096471,2015-03-13,TMIN,224
MYM00096471,2006-06-07,TMIN,241
MYM00096471,2013-09-07,TMIN,239
MYM00096471,2012-06-30,TMAX,350
MYM00096471,2006-10-10,TMAX,276
MYM00096471,2010-11-16,TMIN,243
MYM00096471,2012-06-19,TMIN,229
MYM00096471,2012-06-19,TMAX,326
MYM00096471,2013-02-21,TMIN,229
MYM00096471,2013-02-21,TMAX,323
MYM00096471,2014-11-16,TMIN,243
MYM00096471,2015-09-11,TMAX,310
MYM00096471,2015-09-29,TMIN,238
MYM00096471,2014-08-23,TMIN,233
MYM00096471,2015-09-29,TMAX,314
MYM00096471,2005-08-30,TMIN,234
MYM00096471,2006-03-19,TMAX,311
MYM00096471,2005-10-20,TMAX,319
MYM00096471,2008-03-22,TMAX,317
MYM00096471,2009-02-20,TMIN,237
MYM00096471,2012-05-22,TMAX,325
MYM00096471,2013-04-11,TMIN,242
MYM00096471,2013-04-11,TMAX,331
MYM00096471,2007-09-08,TMAX,312
MYM00096471,2009-04-23,TMAX,324
MYM00096471,2014-04-30,TMIN,248
MYM00096471,2014-06-03,TMIN,258
MYM00096471,2009-03-05,TMAX,324
MYM00096471,2013-10-15,TMIN,237
MYM00096471,2015-10-07,TMAX,333
MYM00096471,2014-02-19,TMIN,244
MYM00096471,2008-11-28,TMIN,237
MYM00096471,2007-06-13,TMIN,244
MYM00096471,2006-10-02,TMIN,227
MYM00096471,2008-11-28,TMAX,310
MYM00096471,2005-05-08,TMIN,239
MYM00096471,2006-06-10,TMAX,320
MYM00096471,2007-12-14,TMAX,310
MYM00096471,2007-12-14,TMIN,240
MYM00096471,2007-05-03,TMAX,315
MYM00096471,2009-02-20,TMAX,320
MYM00096471,2014-03-18,TMIN,233
MYM00096471,2012-04-16,TMAX,330
MYM00096471,2011-06-26,TMAX,344
MYM00096471,2007-07-23,TMAX,317
MYM00096471,2005-10-30,TMIN,241
MYM00096471,2011-08-29,TMIN,233
MYM00096471,2009-07-20,TMAX,340
MYM00096471,2006-02-01,TMAX,320
MYM00096471,2009-04-06,TMAX,325
MYM00096471,2014-12-10,TMIN,227
MYM00096471,2011-08-12,TMAX,340
MYM00096471,2011-08-12,TMIN,239
MYM00096471,2006-11-07,TMAX,320
MYM00096471,2010-08-16,TMIN,240
MYM00096471,2007-06-04,TMAX,344
MYM00096471,2010-08-16,TMAX,325
MYM00096471,2007-06-04,TMIN,245
MYM00096471,2011-04-08,TMIN,241
MYM00096471,2013-08-17,TMIN,234
MYM00096471,2006-12-25,TMIN,236
MYM00096471,2006-12-25,TMAX,332
MYM00096471,2008-03-04,TMAX,302
MYM00096471,2009-07-20,TMIN,228
MYM00096471,2005-08-30,TMAX,330
MYM00096471,2009-04-15,TMAX,314
MYM00096471,2011-07-01,TMIN,236
MYM00096471,2008-03-22,TMIN,239
MYM00096471,2007-11-12,TMAX,315
MYM00096471,2007-11-12,TMIN,233
MYM00096471,2008-05-03,TMAX,315
MYM00096471,2011-06-28,TMAX,341
MYM00096471,2011-03-24,TMAX,311
MYM00096471,2012-09-29,TMAX,334
MYM00096471,2011-06-28,TMIN,250
MYM00096471,2012-09-29,TMIN,249
MYM00096471,2011-07-01,TMAX,312
MYM00096471,2015-07-12,TMIN,254
MYM00096471,2015-07-12,TMAX,344
MYM00096471,2006-04-14,TMAX,318
MYM00096471,2009-06-27,TMAX,322
MYM00096471,2015-06-12,TMAX,354
MYM00096471,2015-06-12,TMIN,250
MYM00096471,2006-01-30,TMAX,315
MYM00096471,2006-01-30,TMIN,240
MYM00096471,2010-07-05,TMAX,311
MYM00096471,2010-07-05,TMIN,240
MYM00096471,2015-09-16,TMAX,323
MYM00096471,2008-11-27,TMAX,324
MYM00096471,2009-07-03,TMAX,323
MYM00096471,2014-07-25,TMIN,245
MYM00096471,2014-05-28,TMIN,250
MYM00096471,2010-04-22,TMAX,340
MYM00096471,2010-02-02,TMAX,323
MYM00096471,2012-02-26,TMIN,243
MYM00096471,2006-11-22,TMIN,241
MYM00096471,2009-03-13,TMAX,307
MYM00096471,2010-04-05,TMAX,325
MYM00096471,2011-12-20,TMIN,249
MYM00096471,2011-12-20,TMAX,335
MYM00096471,2010-04-05,TMIN,236
MYM00096471,2013-12-20,TMIN,236
MYM00096471,2007-08-24,TMIN,239
MYM00096471,2006-01-22,TMAX,316
MYM00096471,2006-01-22,TMIN,236
MYM00096471,2012-05-21,TMAX,335
MYM00096471,2012-09-01,TMIN,236
MYM00096471,2011-06-03,TMAX,332
MYM00096471,2014-11-23,TMIN,250
MYM00096471,2009-03-13,TMIN,228
MYM00096471,2012-09-01,TMAX,335
MYM00096471,2007-08-27,TMAX,294
MYM00096471,2010-06-28,TMAX,336
MYM00096471,2008-07-04,TMIN,236
MYM00096471,2008-07-26,TMIN,239
MYM00096471,2011-11-10,TMAX,320
MYM00096471,2012-02-23,TMIN,240
MYM00096471,2009-03-10,TMAX,320
MYM00096471,2005-12-03,TMIN,236
MYM00096471,2009-03-10,TMIN,233
MYM00096471,2005-12-03,TMAX,322
MYM00096471,2010-06-28,TMIN,238
MYM00096471,2014-10-04,TMIN,242
MYM00096471,2011-03-11,TMAX,311
MYM00096471,2012-05-30,TMAX,333
MYM00096471,2013-07-11,TMIN,232
MYM00096471,2014-11-19,TMIN,244
MYM00096471,2006-02-20,TMAX,302
MYM00096471,2006-02-20,TMIN,235
MYM00096471,2008-03-07,TMAX,284
MYM00096471,2015-12-22,TMIN,248
MYM00096471,2012-06-27,TMIN,239
MYM00096471,2008-11-25,TMAX,317
MYM00096471,2009-12-01,TMIN,239
MYM00096471,2006-09-03,TMAX,331
MYM00096471,2012-03-25,TMAX,332
MYM00096471,2012-09-11,TMIN,231
MYM00096471,2006-01-16,TMIN,235
MYM00096471,2006-01-16,TMAX,324
MYM00096471,2006-10-22,TMAX,330
MYM00096471,2012-02-25,TMAX,331
MYM00096471,2008-06-17,TMIN,235
MYM00096471,2008-06-17,TMAX,323
MYM00096471,2010-03-13,TMAX,336
MYM00096471,2010-10-18,TMAX,324
MYM00096471,2010-10-18,TMIN,245
MYM00096471,2008-10-03,TMAX,330
MYM00096471,2008-10-03,TMIN,242
MYM00096471,2013-06-08,TMIN,255
MYM00096471,2010-08-15,TMAX,325
MYM00096471,2012-11-07,TMAX,310
MYM00096471,2012-11-07,TMIN,236
MYM00096471,2011-11-14,TMAX,321
MYM00096471,2011-11-14,TMIN,233
MYM00096471,2010-03-13,TMIN,243
MYM00096471,2012-09-11,TMAX,322
MYM00096471,2011-06-03,TMIN,245
MYM00096471,2005-04-03,TMAX,324
MYM00096471,2010-01-10,TMIN,242
MYM00096471,2006-09-03,TMIN,233
MYM00096471,2012-03-25,TMIN,249
MYM00096471,2007-09-29,TMAX,297
MYM00096471,2014-06-10,TMIN,256
MYM00096471,2010-10-13,TMIN,240
MYM00096471,2007-09-29,TMIN,228
MYM00096471,2010-10-13,TMAX,306
MYM00096471,2013-04-25,TMAX,332
MYM00096471,2013-04-25,TMIN,239
MYM00096471,2011-10-02,TMAX,322
MYM00096471,2013-03-17,TMIN,250
MYM00096471,2011-01-16,TMIN,233
MYM00096471,2011-01-16,TMAX,293
MYM00096471,2005-11-05,TMAX,311
MYM00096471,2005-11-05,TMIN,247
MYM00096471,2013-03-17,TMAX,325
MYM00096471,2010-05-19,TMAX,340
MYM00096471,2012-12-01,TMAX,323
MYM00096471,2010-01-10,TMAX,320
MYM00096471,2005-04-03,TMIN,235
MYM00096471,2010-11-25,TMAX,323
MYM00096471,2013-05-02,TMAX,295
MYM00096471,2014-06-21,TMIN,247
MYM00096471,2014-05-15,TMIN,248
MYM00096471,2010-06-16,TMAX,335
MYM00096471,2007-11-21,TMAX,274
MYM00096471,2014-11-30,TMIN,244
MYM00096471,2010-07-22,TMAX,322
MYM00096471,2010-06-16,TMIN,242
MYM00096471,2011-12-07,TMAX,284
MYM00096471,2006-02-09,TMAX,320
MYM00096471,2015-10-27,TMIN,246
MYM00096471,2015-10-27,TMAX,330
MYM00096471,2012-11-01,TMIN,242
MYM00096471,2012-11-01,TMAX,322
MYM00096471,2014-09-11,TMIN,243
MYM00096471,2007-11-02,TMIN,236
MYM00096471,2006-05-12,TMIN,243
MYM00096471,2007-11-02,TMAX,305
MYM00096471,2012-01-14,TMAX,326
MYM00096471,2008-12-08,TMIN,236
MYM00096471,2010-12-18,TMAX,335
MYM00096471,2007-11-21,TMIN,240
MYM00096471,2011-01-18,TMAX,300
MYM00096471,2009-04-01,TMAX,328
MYM00096471,2007-12-30,TMAX,322
MYM00096471,2015-09-08,TMAX,323
MYM00096471,2015-09-08,TMIN,237
MYM00096471,2010-02-01,TMAX,321
MYM00096471,2007-12-01,TMAX,311
MYM00096471,2010-05-24,TMAX,332
MYM00096471,2008-05-05,TMAX,342
MYM00096471,2012-08-01,TMAX,323
MYM00096471,2007-12-01,TMIN,217
MYM00096471,2010-05-24,TMIN,256
MYM00096471,2013-05-16,TMAX,346
MYM00096471,2012-09-14,TMAX,330
MYM00096471,2007-06-26,TMIN,237
MYM00096471,2007-06-26,TMAX,341
MYM00096471,2015-10-31,TMIN,248
MYM00096471,2012-10-27,TMAX,321
MYM00096471,2008-06-29,TMIN,242
MYM00096471,2010-07-22,TMIN,236
MYM00096471,2008-06-29,TMAX,330
MYM00096471,2008-12-08,TMAX,322
MYM00096471,2007-12-30,TMIN,240
MYM00096471,2008-07-04,TMAX,314
MYM00096471,2011-07-06,TMIN,232
MYM00096471,2013-04-06,TMAX,322
MYM00096471,2008-06-10,TMIN,235
MYM00096471,2012-11-03,TMAX,327
MYM00096471,2012-11-03,TMIN,241
MYM00096471,2015-01-07,TMIN,233
MYM00096471,2011-02-11,TMAX,312
MYM00096471,2015-05-31,TMIN,249
MYM00096471,2014-12-27,TMIN,240
MYM00096471,2013-04-09,TMAX,325
MYM00096471,2006-04-03,TMAX,321
MYM00096471,2006-04-03,TMIN,228
MYM00096471,2009-07-31,TMIN,223
MYM00096471,2009-07-31,TMAX,316
MYM00096471,2013-06-07,TMAX,343
MYM00096471,2013-06-07,TMIN,247
MYM00096471,2010-01-06,TMIN,243
MYM00096471,2010-01-06,TMAX,322
MYM00096471,2006-08-04,TMAX,338
MYM00096471,2006-07-04,TMAX,332
MYM00096471,2006-01-27,TMAX,303
MYM00096471,2008-06-10,TMAX,313
MYM00096471,2009-12-22,TMIN,236
MYM00096471,2010-12-18,TMIN,240
MYM00096471,2015-05-20,TMAX,357
MYM00096471,2008-06-03,TMAX,330
MYM00096471,2005-12-06,TMAX,320
MYM00096471,2009-11-23,TMAX,322
MYM00096471,2011-02-01,TMAX,311
MYM00096471,2009-04-28,TMIN,241
MYM00096471,2009-04-28,TMAX,332
MYM00096471,2011-04-24,TMIN,238
MYM00096471,2008-09-09,TMAX,324
MYM00096471,2008-12-19,TMIN,240
MYM00096471,2011-02-01,TMIN,229
MYM00096471,2014-05-31,TMIN,241
MYM00096471,2005-11-10,TMAX,321
MYM00096471,2011-11-27,TMAX,343
MYM00096471,2008-12-19,TMAX,326
MYM00096471,2009-08-04,TMAX,335
MYM00096471,2009-08-04,TMIN,249
MYM00096471,2011-05-20,TMAX,336
MYM00096471,2008-02-18,TMIN,223
MYM00096471,2013-12-25,TMIN,234
MYM00096471,2010-10-22,TMIN,246
MYM00096471,2010-10-11,TMAX,305
MYM00096471,2010-12-29,TMAX,324
MYM00096471,2010-08-24,TMAX,331
MYM00096471,2010-11-23,TMIN,232
MYM00096471,2014-04-19,TMIN,248
MYM00096471,2009-10-09,TMIN,230
MYM00096471,2011-06-15,TMAX,317
MYM00096471,2006-03-06,TMIN,225
MYM00096471,2006-03-06,TMAX,321
MYM00096471,2010-11-05,TMAX,333
MYM00096471,2007-08-14,TMIN,242
MYM00096471,2009-06-05,TMIN,238
MYM00096471,2008-03-10,TMIN,236
MYM00096471,2015-02-23,TMIN,236
MYM00096471,2011-11-12,TMAX,334
MYM00096471,2010-05-22,TMAX,330
MYM00096471,2010-04-03,TMAX,343
MYM00096471,2007-11-03,TMAX,320
MYM00096471,2009-09-01,TMAX,301
MYM00096471,2013-01-09,TMAX,327
MYM00096471,2014-08-19,TMIN,240
MYM00096471,2010-05-30,TMIN,250
MYM00096471,2005-03-27,TMAX,325
MYM00096471,2015-09-05,TMIN,244
MYM00096471,2014-07-10,TMIN,251
MYM00096471,2011-03-20,TMAX,310
MYM00096471,2012-03-23,TMAX,321
MYM00096471,2015-02-07,TMIN,238
MYM00096471,2007-07-15,TMAX,332
MYM00096471,2007-08-01,TMIN,236
MYM00096471,2013-07-07,TMIN,237
MYM00096471,2011-10-17,TMAX,341
MYM00096471,2007-06-11,TMIN,252
MYM00096471,2005-02-28,TMAX,328
MYM00096471,2008-08-01,TMIN,230
MYM00096471,2010-10-08,TMIN,243
MYM00096471,2007-12-20,TMAX,306
MYM00096471,2009-04-26,TMAX,343
MYM00096471,2009-05-21,TMIN,236
MYM00096471,2015-07-05,TMIN,240
MYM00096471,2011-12-31,TMIN,244
MYM00096471,2008-03-06,TMIN,227
MYM00096471,2006-09-14,TMAX,328
MYM00096471,2007-01-06,TMIN,245
MYM00096471,2013-07-28,TMIN,236
MYM00096471,2015-07-05,TMAX,323
MYM00096471,2007-12-23,TMIN,229
MYM00096471,2008-03-06,TMAX,306
MYM00096471,2013-03-07,TMIN,248
MYM00096471,2008-12-05,TMIN,247
MYM00096471,2013-10-01,TMIN,226
MYM00096471,2007-12-23,TMAX,303
MYM00096471,2007-08-01,TMAX,297
MYM00096471,2008-04-26,TMIN,235
MYM00096471,2007-07-21,TMIN,245
MYM00096471,2008-05-29,TMAX,320
MYM00096471,2011-07-03,TMIN,232
MYM00096471,2013-12-30,TMIN,236
MYM00096471,2008-12-04,TMAX,326
MYM00096471,2006-11-29,TMAX,327
MYM00096471,2010-07-12,TMAX,328
MYM00096471,2006-07-07,TMIN,248
MYM00096471,2009-03-22,TMIN,235
MYM00096471,2009-08-06,TMAX,334
MYM00096471,2008-07-21,TMIN,238
MYM00096471,2008-07-21,TMAX,325
MYM00096471,2009-10-13,TMAX,335
MYM00096471,2007-07-15,TMIN,239
MYM00096471,2010-11-05,TMIN,242
MYM00096471,2007-05-23,TMIN,250
MYM00096471,2006-03-25,TMAX,332
MYM00096471,2010-08-24,TMIN,236
MYM00096471,2006-03-25,TMIN,249
MYM00096471,2009-08-06,TMIN,235
MYM00096471,2008-01-13,TMAX,310
MYM00096471,2010-07-10,TMAX,323
MYM00096471,2008-06-18,TMAX,326
MYM00096471,2015-12-12,TMAX,324
MYM00096471,2013-05-29,TMIN,245
MYM00096471,2007-07-21,TMAX,330
MYM00096471,2012-04-03,TMAX,331
MYM00096471,2007-04-21,TMAX,332
MYM00096471,2008-11-23,TMAX,325
MYM00096471,2005-04-17,TMAX,327
MYM00096471,2010-09-09,TMAX,325
MYM00096471,2008-07-17,TMIN,233
MYM00096471,2008-09-28,TMIN,230
MYM00096471,2013-08-10,TMIN,236
MYM00096471,2013-04-08,TMAX,323
MYM00096471,2010-09-17,TMAX,324
MYM00096471,2011-05-27,TMAX,325
MYM00096471,2012-12-04,TMIN,244
MYM00096471,2015-04-21,TMIN,248
MYM00096471,2005-09-19,TMIN,230
MYM00096471,2005-02-28,TMIN,248
MYM00096471,2011-10-25,TMAX,342
MYM00096471,2007-07-01,TMAX,323
MYM00096471,2005-09-11,TMAX,320
MYM00096471,2012-01-20,TMAX,330
MYM00096471,2013-05-21,TMAX,337
MYM00096471,2008-10-04,TMAX,332
MYM00096471,2005-08-26,TMAX,315
MYM00096471,2012-11-11,TMAX,324
MYM00096471,2009-01-30,TMIN,240
MYM00096471,2013-02-05,TMIN,243
MYM00096471,2014-09-26,TMIN,237
MYM00096471,2009-01-09,TMAX,321
MYM00096471,2015-10-21,TMAX,325
MYM00096471,2009-09-11,TMAX,325
MYM00096471,2015-12-12,TMIN,250
MYM00096471,2015-09-23,TMIN,252
MYM00096471,2015-10-08,TMAX,320
MYM00096471,2006-07-07,TMAX,343
MYM00096471,2010-09-17,TMIN,239
MYM00096471,2007-07-01,TMIN,240
MYM00096471,2013-02-22,TMAX,312
MYM00096471,2013-04-08,TMIN,245
MYM00096471,2010-08-20,TMAX,324
MYM00096471,2008-07-17,TMAX,316
MYM00096471,2007-08-16,TMAX,313
MYM00096471,2006-01-26,TMIN,247
MYM00096471,2011-06-15,TMIN,240
MYM00096471,2007-07-11,TMAX,310
MYM00096471,2006-10-05,TMIN,230
MYM00096471,2006-10-05,TMAX,314
MYM00096471,2007-07-11,TMIN,238
MYM00096471,2013-08-23,TMIN,247
MYM00096471,2006-09-10,TMAX,300
MYM00096471,2015-08-24,TMIN,256
MYM00096471,2005-09-11,TMIN,231
MYM00096471,2010-10-19,TMAX,302
MYM00096471,2009-08-27,TMIN,233
MYM00096471,2015-05-29,TMAX,353
MYM00096471,2015-11-10,TMAX,324
MYM00096471,2009-01-20,TMAX,309
MYM00096471,2015-01-23,TMIN,228
MYM00096471,2009-02-27,TMAX,315
MYM00096471,2008-08-18,TMIN,239
MYM00096471,2011-12-04,TMAX,304
MYM00096471,2015-07-15,TMAX,330
MYM00096471,2009-10-12,TMIN,237
MYM00096471,2011-04-14,TMAX,323
MYM00096471,2013-06-11,TMAX,320
MYM00096471,2007-06-20,TMAX,322
MYM00096471,2007-05-05,TMAX,326
MYM00096471,2013-03-27,TMIN,247
MYM00096471,2013-01-29,TMAX,323
MYM00096471,2010-09-06,TMAX,318
MYM00096471,2008-12-04,TMIN,236
MYM00096471,2005-09-12,TMAX,320
MYM00096471,2008-05-29,TMIN,232
MYM00096471,2010-09-06,TMIN,239
MYM00096471,2006-10-11,TMAX,294
MYM00096471,2011-06-11,TMAX,295
MYM00096471,2006-08-22,TMAX,324
MYM00096471,2013-01-23,TMAX,311
MYM00096471,2009-01-24,TMAX,320
MYM00096471,2012-01-10,TMAX,321
MYM00096471,2005-12-12,TMAX,303
MYM00096471,2012-10-18,TMAX,324
MYM00096471,2007-11-13,TMAX,301
MYM00096471,2012-08-09,TMAX,336
MYM00096471,2011-12-23,TMIN,245
MYM00096471,2012-01-10,TMIN,242
MYM00096471,2007-04-25,TMAX,330
MYM00096471,2014-09-13,TMIN,248
MYM00096471,2011-11-12,TMIN,244
MYM00096471,2008-06-05,TMAX,330
MYM00096471,2008-11-26,TMIN,244
MYM00096471,2008-11-26,TMAX,322
MYM00096471,2015-11-10,TMIN,233
MYM00096471,2008-06-05,TMIN,243
MYM00096471,2011-09-21,TMAX,326
MYM00096471,2009-08-27,TMAX,332
MYM00096471,2013-10-18,TMIN,225
MYM00096471,2012-10-18,TMIN,237
MYM00096471,2014-08-07,TMIN,247
MYM00096471,2006-11-29,TMIN,237
MYM00096471,2008-08-18,TMAX,339
MYM00096471,2013-03-27,TMAX,335
MYM00096471,2010-05-11,TMIN,246
MYM00096471,2012-12-19,TMAX,326
MYM00096471,2012-01-03,TMAX,332
MYM00096471,2008-04-26,TMAX,315
MYM00096471,2010-06-22,TMAX,341
MYM00096471,2010-05-30,TMAX,340
MYM00096471,2005-10-28,TMAX,300
MYM00096471,2007-06-11,TMAX,333
MYM00096471,2013-05-28,TMIN,246
MYM00096471,2011-05-21,TMIN,250
MYM00096471,2006-04-17,TMIN,234
MYM00096471,2007-11-15,TMIN,238
MYM00096471,2009-09-01,TMIN,233
MYM00096471,2013-11-16,TMIN,237
MYM00096471,2007-01-06,TMAX,328
MYM00096471,2014-01-23,TMIN,221
MYM00096471,2013-06-11,TMIN,244
MYM00096471,2008-06-25,TMAX,314
MYM00096471,2010-02-12,TMIN,235
MYM00096471,2012-02-07,TMIN,238
MYM00096471,2007-02-13,TMIN,246
MYM00096471,2009-05-13,TMIN,242
MYM00096471,2012-02-07,TMAX,334
MYM00096471,2013-07-07,TMAX,331
MYM00096471,2009-05-27,TMAX,323
MYM00096471,2005-10-18,TMAX,322
MYM00096471,2007-05-23,TMAX,336
MYM00096471,2005-06-20,TMAX,334
MYM00096471,2015-05-19,TMIN,266
MYM00096471,2006-05-15,TMIN,235
MYM00096471,2009-11-25,TMAX,321
MYM00096471,2006-05-15,TMAX,320
MYM00096471,2009-11-25,TMIN,247
MYM00096471,2011-12-23,TMAX,324
MYM00096471,2008-12-05,TMAX,316
MYM00096471,2008-11-06,TMIN,247
MYM00096471,2009-01-09,TMIN,236
MYM00096471,2011-12-31,TMAX,317
MYM00096471,2014-09-05,TMIN,232
MYM00096471,2015-07-15,TMIN,246
MYM00096471,2005-06-20,TMIN,247
MYM00096471,2006-12-30,TMIN,235
MYM00096471,2011-09-07,TMIN,240
MYM00096471,2009-01-26,TMAX,306
MYM00096471,2013-08-03,TMIN,231
MYM00096471,2007-04-30,TMIN,236
MYM00096471,2015-04-21,TMAX,335
MYM00096471,2005-11-09,TMIN,242
MYM00096471,2009-04-29,TMAX,335
MYM00096471,2010-10-08,TMAX,300
MYM00096471,2006-12-04,TMAX,334
MYM00096471,2007-06-20,TMIN,242
MYM00096471,2011-03-22,TMAX,297
MYM00096471,2008-11-06,TMAX,322
MYM00096471,2009-11-08,TMAX,336
MYM00096471,2011-09-07,TMAX,340
MYM00096471,2010-07-10,TMIN,236
MYM00096471,2006-10-11,TMIN,229
MYM00096471,2005-11-23,TMIN,240
MYM00096471,2011-07-11,TMIN,238
MYM00096471,2009-07-08,TMIN,237
MYM00096471,2011-11-18,TMIN,234
MYM00096471,2015-05-19,TMAX,353
MYM00096471,2009-07-10,TMIN,237
MYM00096471,2011-05-27,TMIN,246
MYM00096471,2005-11-23,TMAX,320
MYM00096471,2015-11-22,TMAX,321
MYM00096471,2011-05-05,TMIN,248
MYM00096471,2011-05-05,TMAX,333
MYM00096471,2015-08-02,TMAX,325
MYM00096471,2015-09-05,TMAX,333
MYM00096471,2015-11-22,TMIN,251
MYM00096471,2013-07-01,TMAX,345
MYM00096471,2011-07-03,TMAX,325
MYM00096471,2013-02-05,TMAX,326
MYM00096471,2013-01-23,TMIN,245
MYM00096471,2011-10-03,TMIN,240
MYM00096471,2014-01-21,TMIN,225
MYM00096471,2012-03-17,TMAX,335
MYM00096471,2006-08-02,TMAX,330
MYM00096471,2010-02-20,TMAX,321
MYM00096471,2011-01-29,TMIN,230
MYM00096471,2009-02-17,TMAX,327
MYM00096471,2013-07-01,TMIN,239
MYM00096471,2014-05-26,TMIN,265
MYM00096471,2010-04-20,TMIN,256
MYM00096471,2008-05-21,TMIN,240
MYM00096471,2015-10-10,TMAX,338
MYM00096471,2011-01-29,TMAX,304
MYM00096471,2012-10-08,TMAX,324
MYM00096471,2012-06-17,TMAX,336
MYM00096471,2006-02-17,TMAX,312
MYM00096471,2007-10-19,TMIN,239
MYM00096471,2011-07-11,TMAX,341
MYM00096471,2007-01-20,TMIN,233
MYM00096471,2010-06-02,TMAX,321
MYM00096471,2009-05-13,TMAX,352
MYM00096471,2011-01-13,TMAX,324
MYM00096471,2008-03-23,TMAX,304
MYM00096471,2009-02-04,TMIN,228
MYM00096471,2008-08-15,TMAX,323
MYM00096471,2012-08-24,TMAX,331
MYM00096471,2015-08-01,TMIN,227
MYM00096471,2006-04-01,TMAX,325
MYM00096471,2008-05-27,TMIN,233
MYM00096471,2008-07-16,TMAX,315
MYM00096471,2009-08-18,TMAX,340
MYM00096471,2015-11-23,TMAX,327
MYM00096471,2007-03-24,TMAX,300
MYM00096471,2008-11-23,TMIN,241
MYM00096471,2009-08-31,TMAX,333
MYM00096471,2011-01-07,TMAX,321
MYM00096471,2013-08-26,TMIN,249
MYM00096471,2008-08-01,TMAX,325
MYM00096471,2012-07-14,TMAX,303
MYM00096471,2007-04-03,TMIN,241
