ID,Date,Element,Data_Value
ARM00087765,2010-09-09,TMAX,148
ARM00087765,2005-02-17,TMIN,74
ARM00087765,2011-11-17,TMAX,282
ARM00087765,2012-07-08,TMAX,81
ARM00087765,2015-09-15,TMIN,-22
ARM00087765,2011-09-02,TMIN,-10
ARM00087765,2011-01-27,TMIN,95
ARM00087765,2014-09-17,TMIN,-69
ARM00087765,2008-02-28,TMIN,114
ARM00087765,2013-03-21,TMAX,157
ARM00087765,2007-08-10,TMIN,-83
ARM00087765,2013-04-30,TMIN,55
ARM00087765,2011-10-29,TMIN,-56
ARM00087765,2015-09-15,TMAX,130
ARM00087765,2007-02-05,TMIN,119
ARM00087765,2008-12-03,TMAX,315
ARM00087765,2012-04-04,TMIN,22
ARM00087765,2008-01-15,TMAX,252
ARM00087765,2008-02-29,TMIN,160
ARM00087765,2011-01-26,TMIN,65
ARM00087765,2007-08-10,TMAX,62
ARM00087765,2011-09-02,TMAX,111
ARM00087765,2013-11-24,TMAX,158
ARM00087765,2013-03-21,TMIN,24
ARM00087765,2013-04-30,TMAX,150
ARM00087765,2011-01-26,TMAX,260
ARM00087765,2007-02-26,TMIN,7
ARM00087765,2010-04-04,TMIN,-15
ARM00087765,2010-06-09,TMIN,-40
ARM00087765,2010-05-20,TMIN,-50
ARM00087765,2006-10-24,TMIN,25
ARM00087765,2006-09-17,TMIN,-40
ARM00087765,2006-12-01,TMAX,205
ARM00087765,2012-11-12,TMIN,74
ARM00087765,2009-12-27,TMIN,54
ARM00087765,2007-09-10,TMAX,118
ARM00087765,2013-08-18,TMIN,-52
ARM00087765,2011-12-21,TMIN,66
ARM00087765,2007-12-10,TMIN,41
ARM00087765,2012-04-04,TMAX,208
ARM00087765,2014-08-27,TMIN,-20
ARM00087765,2007-09-10,TMIN,18
ARM00087765,2014-10-17,TMAX,131
ARM00087765,2007-11-27,TMIN,40
ARM00087765,2006-09-08,TMIN,15
ARM00087765,2009-07-03,TMIN,43
ARM00087765,2005-01-05,TMAX,245
ARM00087765,2007-01-26,TMIN,90
ARM00087765,2011-12-21,TMAX,157
ARM00087765,2006-10-11,TMAX,160
ARM00087765,2005-05-20,TMIN,-21
ARM00087765,2013-08-18,TMAX,130
ARM00087765,2012-06-27,TMAX,142
ARM00087765,2011-11-08,TMAX,160
ARM00087765,2012-06-27,TMIN,20
ARM00087765,2015-01-05,TMAX,278
ARM00087765,2012-02-13,TMIN,28
ARM00087765,2005-06-23,TMIN,1
ARM00087765,2011-01-27,TMAX,256
ARM00087765,2008-06-23,TMIN,-23
ARM00087765,2013-12-14,TMIN,16
ARM00087765,2006-12-01,TMIN,68
ARM00087765,2005-01-05,TMIN,90
ARM00087765,2011-11-08,TMIN,60
ARM00087765,2009-05-16,TMAX,105
ARM00087765,2008-01-15,TMIN,121
ARM00087765,2008-09-30,TMIN,51
ARM00087765,2009-08-21,TMIN,0
ARM00087765,2008-09-01,TMIN,0
ARM00087765,2007-01-26,TMAX,238
ARM00087765,2009-02-17,TMIN,85
ARM00087765,2007-02-05,TMAX,258
ARM00087765,2008-10-16,TMAX,205
ARM00087765,2009-11-25,TMAX,159
ARM00087765,2012-08-08,TMIN,-54
ARM00087765,2009-01-30,TMIN,127
ARM00087765,2007-06-11,TMAX,22
ARM00087765,2009-01-30,TMAX,249
ARM00087765,2010-02-17,TMAX,227
ARM00087765,2009-07-23,TMIN,-105
ARM00087765,2009-11-19,TMAX,106
ARM00087765,2008-02-19,TMIN,50
ARM00087765,2015-03-15,TMIN,-3
ARM00087765,2013-02-11,TMIN,116
ARM00087765,2012-06-30,TMIN,37
ARM00087765,2006-09-09,TMAX,98
ARM00087765,2013-02-11,TMAX,225
ARM00087765,2012-06-30,TMAX,76
ARM00087765,2006-09-28,TMAX,174
ARM00087765,2006-09-28,TMIN,19
ARM00087765,2011-01-15,TMAX,214
ARM00087765,2009-09-29,TMIN,-4
ARM00087765,2009-09-29,TMAX,157
ARM00087765,2008-12-07,TMIN,97
ARM00087765,2011-01-15,TMIN,75
ARM00087765,2011-01-06,TMIN,101
ARM00087765,2009-03-24,TMAX,246
ARM00087765,2006-06-10,TMIN,-92
ARM00087765,2005-09-14,TMIN,-51
ARM00087765,2007-06-11,TMIN,0
ARM00087765,2014-02-27,TMAX,262
ARM00087765,2012-08-06,TMIN,-28
ARM00087765,2015-03-14,TMIN,-47
ARM00087765,2007-08-04,TMAX,70
ARM00087765,2014-08-10,TMIN,5
ARM00087765,2008-02-18,TMIN,96
ARM00087765,2012-04-09,TMIN,-58
ARM00087765,2006-02-05,TMIN,100
ARM00087765,2010-02-17,TMIN,25
ARM00087765,2008-10-16,TMIN,-32
ARM00087765,2011-05-30,TMIN,-60
ARM00087765,2009-11-19,TMIN,40
ARM00087765,2014-06-27,TMIN,26
ARM00087765,2012-04-13,TMAX,213
ARM00087765,2006-02-05,TMAX,198
ARM00087765,2011-01-12,TMAX,223
ARM00087765,2011-12-17,TMIN,68
ARM00087765,2007-04-01,TMIN,49
ARM00087765,2007-04-01,TMAX,256
ARM00087765,2005-01-26,TMAX,260
ARM00087765,2012-04-13,TMIN,-14
ARM00087765,2008-12-26,TMIN,58
ARM00087765,2014-08-10,TMAX,66
ARM00087765,2012-08-06,TMAX,134
ARM00087765,2006-06-10,TMAX,68
ARM00087765,2005-01-26,TMIN,29
ARM00087765,2011-12-17,TMAX,310
ARM00087765,2011-05-30,TMAX,112
ARM00087765,2006-12-10,TMIN,90
ARM00087765,2015-09-11,TMIN,13
ARM00087765,2014-12-05,TMIN,64
ARM00087765,2011-01-06,TMAX,260
ARM00087765,2014-10-16,TMIN,-19
ARM00087765,2010-04-08,TMIN,48
ARM00087765,2011-09-03,TMIN,-20
ARM00087765,2006-02-04,TMAX,290
ARM00087765,2010-12-14,TMAX,250
ARM00087765,2008-04-03,TMIN,17
ARM00087765,2007-08-04,TMIN,-105
ARM00087765,2014-09-29,TMAX,120
ARM00087765,2009-11-25,TMIN,52
ARM00087765,2012-07-18,TMIN,-24
ARM00087765,2011-09-03,TMAX,92
ARM00087765,2009-03-24,TMIN,25
ARM00087765,2007-06-25,TMAX,78
ARM00087765,2007-11-28,TMIN,40
ARM00087765,2009-01-27,TMIN,13
ARM00087765,2013-10-21,TMIN,9
ARM00087765,2006-02-12,TMIN,85
ARM00087765,2005-02-17,TMAX,276
ARM00087765,2015-11-30,TMAX,254
ARM00087765,2013-10-21,TMAX,110
ARM00087765,2007-05-18,TMIN,-36
ARM00087765,2006-09-08,TMAX,105
ARM00087765,2006-02-23,TMIN,68
ARM00087765,2005-03-09,TMIN,64
ARM00087765,2015-08-16,TMIN,-3
ARM00087765,2014-12-05,TMAX,272
ARM00087765,2010-09-09,TMIN,23
ARM00087765,2010-12-14,TMIN,35
ARM00087765,2006-07-12,TMIN,-5
ARM00087765,2005-09-06,TMIN,12
ARM00087765,2008-12-30,TMAX,260
ARM00087765,2008-12-26,TMAX,268
ARM00087765,2013-01-06,TMAX,222
ARM00087765,2007-06-25,TMIN,-45
ARM00087765,2013-02-23,TMIN,109
ARM00087765,2006-01-09,TMAX,165
ARM00087765,2013-02-23,TMAX,248
ARM00087765,2010-09-01,TMIN,-80
ARM00087765,2006-01-09,TMIN,75
ARM00087765,2009-02-13,TMAX,236
ARM00087765,2008-07-23,TMAX,67
ARM00087765,2007-11-14,TMIN,-8
ARM00087765,2009-03-23,TMIN,-13
ARM00087765,2009-02-13,TMIN,110
ARM00087765,2008-07-23,TMIN,8
ARM00087765,2009-04-07,TMIN,48
ARM00087765,2014-09-29,TMIN,-9
ARM00087765,2010-07-17,TMIN,-140
ARM00087765,2012-09-23,TMIN,-34
ARM00087765,2008-06-27,TMIN,72
ARM00087765,2008-02-29,TMAX,278
ARM00087765,2012-03-22,TMIN,20
ARM00087765,2008-02-28,TMAX,286
ARM00087765,2006-07-12,TMAX,65
ARM00087765,2014-06-23,TMIN,21
ARM00087765,2015-11-30,TMIN,15
ARM00087765,2008-12-30,TMIN,94
ARM00087765,2015-11-21,TMIN,31
ARM00087765,2005-08-23,TMIN,-1
ARM00087765,2006-02-01,TMAX,314
ARM00087765,2007-12-31,TMIN,88
ARM00087765,2008-09-10,TMAX,110
ARM00087765,2011-02-13,TMAX,184
ARM00087765,2010-05-10,TMIN,12
ARM00087765,2008-10-31,TMAX,242
ARM00087765,2008-10-31,TMIN,75
ARM00087765,2011-08-30,TMAX,61
ARM00087765,2007-10-07,TMIN,-47
ARM00087765,2005-02-07,TMIN,134
ARM00087765,2012-09-18,TMIN,-31
ARM00087765,2005-12-03,TMIN,60
ARM00087765,2005-07-09,TMAX,92
ARM00087765,2011-02-26,TMAX,256
ARM00087765,2010-05-10,TMAX,165
ARM00087765,2005-12-03,TMAX,225
ARM00087765,2005-07-09,TMIN,-3
ARM00087765,2009-06-23,TMAX,64
ARM00087765,2008-04-04,TMAX,251
ARM00087765,2008-04-04,TMIN,34
ARM00087765,2011-02-13,TMIN,50
ARM00087765,2008-08-17,TMAX,26
ARM00087765,2007-08-17,TMIN,-66
ARM00087765,2010-05-17,TMIN,-46
ARM00087765,2008-09-10,TMIN,-2
ARM00087765,2006-03-22,TMAX,185
ARM00087765,2005-02-28,TMAX,257
ARM00087765,2007-12-21,TMIN,49
ARM00087765,2008-07-22,TMAX,76
ARM00087765,2013-10-06,TMIN,-38
ARM00087765,2012-01-06,TMIN,58
ARM00087765,2010-09-18,TMAX,126
ARM00087765,2010-09-18,TMIN,-22
ARM00087765,2008-01-29,TMIN,128
ARM00087765,2005-01-28,TMAX,212
ARM00087765,2005-01-28,TMIN,90
ARM00087765,2008-01-29,TMAX,314
ARM00087765,2008-07-22,TMIN,-3
ARM00087765,2013-12-03,TMIN,36
ARM00087765,2009-06-30,TMIN,-5
ARM00087765,2009-06-30,TMAX,78
ARM00087765,2010-04-13,TMIN,-42
ARM00087765,2007-12-21,TMAX,256
ARM00087765,2007-08-17,TMAX,53
ARM00087765,2007-08-02,TMIN,-75
ARM00087765,2009-09-07,TMIN,-25
ARM00087765,2009-09-07,TMAX,66
ARM00087765,2006-03-22,TMIN,2
ARM00087765,2013-05-02,TMIN,40
ARM00087765,2014-03-04,TMIN,108
ARM00087765,2013-06-07,TMAX,111
ARM00087765,2012-03-01,TMIN,82
ARM00087765,2007-01-19,TMAX,265
ARM00087765,2012-08-19,TMAX,97
ARM00087765,2008-10-09,TMAX,208
ARM00087765,2006-02-14,TMAX,335
ARM00087765,2005-08-10,TMAX,101
ARM00087765,2005-04-07,TMAX,112
ARM00087765,2007-01-19,TMIN,55
ARM00087765,2006-02-14,TMIN,73
ARM00087765,2008-07-28,TMIN,22
ARM00087765,2008-10-09,TMIN,35
ARM00087765,2005-09-02,TMAX,82
ARM00087765,2008-07-28,TMAX,80
ARM00087765,2005-04-07,TMIN,8
ARM00087765,2014-12-18,TMIN,95
ARM00087765,2009-12-03,TMIN,-36
ARM00087765,2010-08-21,TMIN,-23
ARM00087765,2009-09-17,TMIN,-50
ARM00087765,2014-12-18,TMAX,236
ARM00087765,2009-09-17,TMAX,160
ARM00087765,2009-02-12,TMIN,42
ARM00087765,2012-03-01,TMAX,175
ARM00087765,2014-05-23,TMIN,-83
ARM00087765,2007-06-04,TMAX,137
ARM00087765,2007-06-04,TMIN,-82
ARM00087765,2012-01-29,TMIN,110
ARM00087765,2015-06-29,TMIN,46
ARM00087765,2008-08-17,TMIN,-16
ARM00087765,2012-01-29,TMAX,180
ARM00087765,2009-06-23,TMIN,-5
ARM00087765,2012-02-20,TMIN,20
ARM00087765,2014-05-28,TMAX,130
ARM00087765,2006-01-14,TMAX,272
ARM00087765,2008-09-15,TMIN,-21
ARM00087765,2012-02-20,TMAX,170
ARM00087765,2011-02-26,TMIN,40
ARM00087765,2014-05-28,TMIN,-28
ARM00087765,2013-02-04,TMIN,105
ARM00087765,2012-08-19,TMIN,30
ARM00087765,2010-03-20,TMIN,0
ARM00087765,2010-03-20,TMAX,206
ARM00087765,2013-02-04,TMAX,296
ARM00087765,2005-08-10,TMIN,-20
ARM00087765,2006-01-14,TMIN,88
ARM00087765,2011-02-17,TMAX,226
ARM00087765,2007-04-25,TMIN,34
ARM00087765,2015-06-25,TMIN,-20
ARM00087765,2011-11-07,TMAX,205
ARM00087765,2011-11-27,TMIN,65
ARM00087765,2011-11-27,TMAX,220
ARM00087765,2007-02-23,TMIN,43
ARM00087765,2015-04-14,TMAX,151
ARM00087765,2010-04-11,TMIN,30
ARM00087765,2010-04-11,TMAX,163
ARM00087765,2014-08-07,TMIN,16
ARM00087765,2012-03-18,TMIN,55
ARM00087765,2011-04-19,TMIN,-32
ARM00087765,2015-04-14,TMIN,-9
ARM00087765,2006-12-04,TMIN,5
ARM00087765,2015-03-12,TMIN,-14
ARM00087765,2011-02-02,TMIN,55
ARM00087765,2010-05-06,TMIN,6
ARM00087765,2008-01-26,TMAX,290
ARM00087765,2011-02-02,TMAX,220
ARM00087765,2010-05-06,TMAX,95
ARM00087765,2006-01-07,TMAX,177
ARM00087765,2006-01-07,TMIN,79
ARM00087765,2015-11-01,TMIN,-34
ARM00087765,2013-02-07,TMIN,86
ARM00087765,2007-09-18,TMIN,0
ARM00087765,2013-06-12,TMIN,60
ARM00087765,2006-03-20,TMIN,48
ARM00087765,2013-06-12,TMAX,116
ARM00087765,2006-03-20,TMAX,177
ARM00087765,2013-01-05,TMIN,83
ARM00087765,2009-01-21,TMIN,51
ARM00087765,2009-01-21,TMAX,320
ARM00087765,2010-01-18,TMIN,86
ARM00087765,2010-01-18,TMAX,194
ARM00087765,2008-12-31,TMIN,56
ARM00087765,2008-12-31,TMAX,258
ARM00087765,2007-07-12,TMIN,-44
ARM00087765,2015-03-17,TMIN,111
ARM00087765,2008-03-23,TMIN,20
ARM00087765,2005-03-23,TMIN,25
ARM00087765,2007-07-12,TMAX,52
ARM00087765,2008-07-16,TMAX,116
ARM00087765,2008-07-16,TMIN,55
ARM00087765,2015-10-22,TMIN,-21
ARM00087765,2005-07-18,TMIN,-76
ARM00087765,2012-10-24,TMIN,38
ARM00087765,2013-09-26,TMAX,174
ARM00087765,2005-07-18,TMAX,97
ARM00087765,2008-01-26,TMIN,133
ARM00087765,2008-04-23,TMIN,-44
ARM00087765,2007-11-29,TMAX,241
ARM00087765,2007-11-29,TMIN,60
ARM00087765,2010-12-30,TMAX,325
ARM00087765,2010-12-30,TMIN,125
ARM00087765,2007-09-18,TMAX,94
ARM00087765,2012-09-13,TMIN,12
ARM00087765,2008-01-07,TMAX,247
ARM00087765,2008-01-07,TMIN,120
ARM00087765,2007-08-02,TMAX,68
ARM00087765,2013-01-07,TMIN,50
ARM00087765,2010-01-03,TMIN,42
ARM00087765,2009-11-12,TMIN,48
ARM00087765,2009-11-12,TMAX,169
ARM00087765,2008-11-13,TMIN,26
ARM00087765,2008-11-13,TMAX,284
ARM00087765,2013-04-21,TMAX,205
ARM00087765,2013-04-21,TMIN,75
ARM00087765,2007-01-13,TMAX,258
ARM00087765,2012-07-25,TMIN,-5
ARM00087765,2008-02-01,TMIN,110
ARM00087765,2015-12-24,TMIN,59
ARM00087765,2012-09-01,TMIN,47
ARM00087765,2012-05-27,TMIN,50
ARM00087765,2007-05-21,TMIN,4
ARM00087765,2007-05-21,TMAX,97
ARM00087765,2011-11-07,TMIN,0
ARM00087765,2010-10-05,TMIN,-5
ARM00087765,2013-01-07,TMAX,165
ARM00087765,2013-08-06,TMAX,50
ARM00087765,2013-08-06,TMIN,7
ARM00087765,2006-05-12,TMIN,20
ARM00087765,2015-08-12,TMIN,-33
ARM00087765,2008-02-01,TMAX,290
ARM00087765,2013-12-12,TMAX,267
ARM00087765,2013-03-18,TMAX,200
ARM00087765,2013-12-05,TMIN,15
ARM00087765,2011-08-08,TMIN,-6
ARM00087765,2007-05-30,TMIN,-36
ARM00087765,2011-11-10,TMIN,0
ARM00087765,2007-11-13,TMIN,26
ARM00087765,2010-08-21,TMAX,104
ARM00087765,2006-01-28,TMAX,296
ARM00087765,2015-09-23,TMIN,38
ARM00087765,2013-03-18,TMIN,115
ARM00087765,2012-07-12,TMIN,35
ARM00087765,2011-08-25,TMIN,-45
ARM00087765,2012-01-17,TMIN,150
ARM00087765,2012-01-17,TMAX,290
ARM00087765,2014-10-20,TMIN,25
ARM00087765,2012-06-05,TMAX,74
ARM00087765,2006-10-10,TMIN,-10
ARM00087765,2007-05-13,TMIN,-60
ARM00087765,2006-01-28,TMIN,34
ARM00087765,2008-07-15,TMIN,20
ARM00087765,2008-11-29,TMIN,13
ARM00087765,2008-02-23,TMAX,291
ARM00087765,2006-09-29,TMIN,16
ARM00087765,2013-07-30,TMAX,150
ARM00087765,2008-12-07,TMAX,308
ARM00087765,2013-07-30,TMIN,-70
ARM00087765,2005-08-27,TMAX,62
ARM00087765,2011-09-28,TMIN,40
ARM00087765,2005-08-27,TMIN,18
ARM00087765,2014-06-09,TMIN,-2
ARM00087765,2014-10-25,TMAX,238
ARM00087765,2015-07-31,TMAX,99
ARM00087765,2009-01-29,TMAX,314
ARM00087765,2015-06-04,TMAX,72
ARM00087765,2013-11-13,TMIN,-14
ARM00087765,2009-01-29,TMIN,38
ARM00087765,2011-11-13,TMIN,72
ARM00087765,2011-11-13,TMAX,230
ARM00087765,2009-08-11,TMAX,135
ARM00087765,2013-10-01,TMIN,32
ARM00087765,2009-05-07,TMAX,146
ARM00087765,2009-08-11,TMIN,45
ARM00087765,2007-08-26,TMAX,50
ARM00087765,2010-10-18,TMAX,155
ARM00087765,2013-10-01,TMAX,120
ARM00087765,2010-10-18,TMIN,42
ARM00087765,2013-08-24,TMIN,-94
ARM00087765,2010-10-27,TMIN,65
ARM00087765,2005-11-15,TMAX,161
ARM00087765,2013-06-09,TMIN,-76
ARM00087765,2005-02-26,TMIN,31
ARM00087765,2012-07-10,TMIN,-71
ARM00087765,2015-08-19,TMIN,-25
ARM00087765,2005-11-15,TMIN,69
ARM00087765,2010-02-04,TMIN,40
ARM00087765,2009-12-17,TMAX,230
ARM00087765,2009-12-17,TMIN,85
ARM00087765,2012-02-08,TMIN,66
ARM00087765,2006-10-16,TMIN,-33
ARM00087765,2014-04-17,TMAX,94
ARM00087765,2014-04-28,TMIN,-49
ARM00087765,2012-09-30,TMAX,110
ARM00087765,2011-05-29,TMIN,-14
ARM00087765,2008-11-11,TMIN,7
ARM00087765,2007-01-08,TMAX,288
ARM00087765,2012-09-30,TMIN,40
ARM00087765,2007-01-08,TMIN,106
ARM00087765,2009-12-06,TMIN,40
ARM00087765,2006-09-29,TMAX,140
ARM00087765,2012-07-26,TMAX,78
ARM00087765,2007-08-26,TMIN,-66
ARM00087765,2012-07-26,TMIN,-20
ARM00087765,2013-12-29,TMAX,229
ARM00087765,2005-06-14,TMIN,-130
ARM00087765,2013-04-14,TMIN,10
ARM00087765,2005-01-19,TMAX,262
ARM00087765,2014-10-16,TMAX,143
ARM00087765,2005-06-14,TMAX,27
ARM00087765,2009-03-31,TMIN,-30
ARM00087765,2005-06-09,TMAX,49
ARM00087765,2009-12-24,TMIN,26
ARM00087765,2005-06-09,TMIN,-38
ARM00087765,2013-08-23,TMIN,-93
ARM00087765,2013-04-03,TMAX,218
ARM00087765,2013-04-03,TMIN,-1
ARM00087765,2010-11-07,TMIN,25
ARM00087765,2010-11-07,TMAX,156
ARM00087765,2007-07-23,TMIN,2
ARM00087765,2011-11-17,TMIN,90
ARM00087765,2006-01-12,TMIN,45
ARM00087765,2006-01-12,TMAX,160
ARM00087765,2006-02-16,TMIN,108
ARM00087765,2012-11-03,TMIN,57
ARM00087765,2007-02-15,TMAX,152
ARM00087765,2009-05-07,TMIN,14
ARM00087765,2015-06-28,TMIN,-23
ARM00087765,2006-10-11,TMIN,25
ARM00087765,2008-02-12,TMIN,143
ARM00087765,2011-09-28,TMAX,145
ARM00087765,2012-01-20,TMAX,282
ARM00087765,2006-12-31,TMAX,255
ARM00087765,2015-04-12,TMIN,-24
ARM00087765,2012-01-20,TMIN,125
ARM00087765,2008-02-12,TMAX,304
ARM00087765,2015-06-04,TMIN,14
ARM00087765,2009-07-28,TMIN,-115
ARM00087765,2008-04-05,TMIN,-20
ARM00087765,2014-07-23,TMIN,1
ARM00087765,2012-04-10,TMIN,-45
ARM00087765,2005-01-19,TMIN,37
ARM00087765,2008-04-05,TMAX,200
ARM00087765,2006-09-12,TMAX,92
ARM00087765,2012-12-30,TMAX,203
ARM00087765,2015-06-28,TMAX,90
ARM00087765,2013-11-15,TMIN,42
ARM00087765,2006-09-12,TMIN,-26
ARM00087765,2011-05-18,TMIN,-26
ARM00087765,2006-12-31,TMIN,80
ARM00087765,2011-05-18,TMAX,116
ARM00087765,2009-07-28,TMAX,90
ARM00087765,2006-02-01,TMIN,90
ARM00087765,2010-06-12,TMIN,24
ARM00087765,2015-01-20,TMIN,100
ARM00087765,2015-10-15,TMIN,14
ARM00087765,2015-10-15,TMAX,111
ARM00087765,2013-12-16,TMIN,76
ARM00087765,2015-09-18,TMIN,-5
ARM00087765,2007-05-17,TMIN,46
ARM00087765,2012-11-24,TMIN,45
ARM00087765,2008-04-16,TMAX,145
ARM00087765,2008-01-21,TMIN,35
ARM00087765,2015-11-15,TMAX,209
ARM00087765,2008-04-16,TMIN,-23
ARM00087765,2014-09-14,TMAX,150
ARM00087765,2007-10-31,TMAX,128
ARM00087765,2010-10-07,TMIN,0
ARM00087765,2005-12-31,TMIN,60
ARM00087765,2012-07-17,TMAX,120
ARM00087765,2012-07-17,TMIN,-44
ARM00087765,2007-10-31,TMIN,-20
ARM00087765,2006-08-08,TMIN,-10
ARM00087765,2014-09-14,TMIN,-26
ARM00087765,2012-08-18,TMIN,5
ARM00087765,2008-01-21,TMAX,232
ARM00087765,2010-12-29,TMIN,104
ARM00087765,2011-06-17,TMIN,15
ARM00087765,2012-07-30,TMIN,-100
ARM00087765,2007-06-21,TMIN,-1
ARM00087765,2006-10-22,TMAX,196
ARM00087765,2006-10-22,TMIN,36
ARM00087765,2012-05-02,TMIN,69
ARM00087765,2015-10-16,TMIN,-49
ARM00087765,2011-07-28,TMAX,49
ARM00087765,2011-10-31,TMIN,10
ARM00087765,2013-11-28,TMIN,67
ARM00087765,2014-08-12,TMIN,6
ARM00087765,2012-02-06,TMIN,80
ARM00087765,2008-08-24,TMIN,-36
ARM00087765,2006-11-29,TMIN,18
ARM00087765,2013-06-29,TMAX,57
ARM00087765,2013-06-29,TMIN,6
ARM00087765,2005-02-28,TMIN,106
ARM00087765,2006-04-30,TMIN,-23
ARM00087765,2008-08-24,TMAX,102
ARM00087765,2008-02-22,TMIN,55
ARM00087765,2013-05-17,TMAX,117
ARM00087765,2007-06-21,TMAX,30
ARM00087765,2013-05-17,TMIN,-75
ARM00087765,2006-11-25,TMIN,-42
ARM00087765,2012-05-21,TMIN,-42
ARM00087765,2012-09-22,TMIN,-52
ARM00087765,2014-07-16,TMAX,75
ARM00087765,2008-09-17,TMIN,-6
ARM00087765,2005-03-16,TMIN,83
ARM00087765,2007-07-26,TMIN,38
ARM00087765,2015-09-07,TMIN,22
ARM00087765,2010-06-12,TMAX,100
ARM00087765,2008-05-13,TMAX,170
ARM00087765,2008-05-13,TMIN,13
ARM00087765,2011-06-17,TMAX,75
ARM00087765,2011-04-21,TMIN,60
ARM00087765,2012-12-27,TMIN,-8
ARM00087765,2010-04-30,TMIN,20
ARM00087765,2006-04-22,TMIN,53
ARM00087765,2005-08-16,TMIN,-17
ARM00087765,2011-08-12,TMAX,70
ARM00087765,2006-09-10,TMIN,20
ARM00087765,2006-09-10,TMAX,72
ARM00087765,2015-03-03,TMIN,26
ARM00087765,2009-10-11,TMIN,14
ARM00087765,2010-10-27,TMAX,235
ARM00087765,2011-12-07,TMIN,48
ARM00087765,2011-08-12,TMIN,-15
ARM00087765,2007-12-12,TMIN,22
ARM00087765,2011-04-21,TMAX,140
ARM00087765,2008-05-16,TMIN,40
ARM00087765,2011-10-10,TMAX,134
ARM00087765,2008-11-22,TMIN,58
ARM00087765,2014-10-02,TMIN,36
ARM00087765,2014-10-02,TMAX,171
ARM00087765,2015-04-03,TMIN,61
ARM00087765,2012-08-18,TMAX,105
ARM00087765,2013-04-27,TMIN,88
ARM00087765,2008-09-22,TMIN,23
ARM00087765,2015-04-03,TMAX,188
ARM00087765,2007-05-02,TMIN,40
ARM00087765,2014-07-16,TMIN,-1
ARM00087765,2008-09-17,TMAX,174
ARM00087765,2015-08-23,TMAX,87
ARM00087765,2008-11-22,TMAX,188
ARM00087765,2011-08-23,TMIN,20
ARM00087765,2008-04-17,TMAX,145
ARM00087765,2005-05-25,TMAX,93
ARM00087765,2005-05-25,TMIN,16
ARM00087765,2010-06-26,TMIN,-48
ARM00087765,2014-03-06,TMIN,-15
ARM00087765,2008-04-17,TMIN,59
ARM00087765,2013-10-18,TMAX,250
ARM00087765,2015-09-07,TMAX,123
ARM00087765,2005-03-16,TMAX,178
ARM00087765,2013-02-21,TMAX,257
ARM00087765,2008-12-03,TMIN,80
ARM00087765,2008-05-19,TMIN,30
ARM00087765,2008-09-30,TMAX,200
ARM00087765,2007-01-27,TMIN,4
ARM00087765,2005-10-28,TMIN,15
ARM00087765,2015-06-17,TMAX,91
ARM00087765,2014-03-27,TMAX,257
ARM00087765,2009-11-14,TMAX,144
ARM00087765,2009-11-14,TMIN,-5
ARM00087765,2012-06-23,TMIN,29
ARM00087765,2008-07-29,TMAX,66
ARM00087765,2008-07-29,TMIN,4
ARM00087765,2013-12-25,TMIN,116
ARM00087765,2008-03-13,TMIN,77
ARM00087765,2008-03-25,TMAX,251
ARM00087765,2010-02-07,TMIN,90
ARM00087765,2008-03-25,TMIN,51
ARM00087765,2013-12-25,TMAX,273
ARM00087765,2006-07-31,TMIN,-58
ARM00087765,2007-07-10,TMIN,-185
ARM00087765,2012-08-23,TMAX,75
ARM00087765,2012-10-15,TMIN,52
ARM00087765,2009-01-20,TMIN,73
ARM00087765,2010-10-15,TMIN,20
ARM00087765,2013-11-01,TMAX,155
ARM00087765,2012-10-15,TMAX,202
ARM00087765,2006-01-06,TMIN,85
ARM00087765,2010-02-12,TMAX,249
ARM00087765,2015-07-29,TMIN,1
ARM00087765,2014-02-14,TMIN,92
ARM00087765,2006-04-04,TMAX,223
ARM00087765,2011-05-04,TMIN,80
ARM00087765,2015-06-03,TMAX,117
ARM00087765,2014-09-07,TMAX,98
ARM00087765,2013-04-22,TMAX,193
ARM00087765,2007-11-04,TMAX,163
ARM00087765,2009-05-18,TMIN,36
ARM00087765,2015-01-08,TMAX,256
ARM00087765,2013-07-28,TMIN,-67
ARM00087765,2006-04-04,TMIN,40
ARM00087765,2013-04-22,TMIN,37
ARM00087765,2006-06-11,TMIN,-88
ARM00087765,2006-06-11,TMAX,39
ARM00087765,2014-08-20,TMIN,-26
ARM00087765,2006-11-03,TMIN,-30
ARM00087765,2005-10-28,TMAX,128
ARM00087765,2011-04-04,TMAX,166
ARM00087765,2011-04-04,TMIN,75
ARM00087765,2015-08-08,TMIN,6
ARM00087765,2005-11-27,TMAX,157
ARM00087765,2015-08-08,TMAX,61
ARM00087765,2014-08-20,TMAX,181
ARM00087765,2007-09-23,TMIN,-70
ARM00087765,2007-10-18,TMIN,-22
ARM00087765,2012-01-24,TMIN,60
ARM00087765,2007-04-06,TMIN,41
ARM00087765,2011-08-07,TMIN,-7
ARM00087765,2007-10-23,TMIN,-8
ARM00087765,2011-08-07,TMAX,71
ARM00087765,2013-06-16,TMAX,88
ARM00087765,2013-07-11,TMIN,-8
ARM00087765,2013-06-16,TMIN,-1
ARM00087765,2015-02-14,TMAX,270
ARM00087765,2006-04-01,TMIN,-36
ARM00087765,2006-03-12,TMIN,38
ARM00087765,2013-07-11,TMAX,100
ARM00087765,2006-07-20,TMAX,124
ARM00087765,2006-09-22,TMAX,124
ARM00087765,2013-04-08,TMIN,16
ARM00087765,2006-08-23,TMAX,193
ARM00087765,2013-09-30,TMAX,133
ARM00087765,2013-09-30,TMIN,-24
ARM00087765,2006-02-15,TMIN,70
ARM00087765,2006-02-15,TMAX,316
ARM00087765,2006-08-23,TMIN,-40
ARM00087765,2010-11-22,TMIN,-15
ARM00087765,2007-01-18,TMAX,265
ARM00087765,2015-06-10,TMIN,6
ARM00087765,2010-12-05,TMIN,-20
ARM00087765,2015-05-04,TMAX,111
ARM00087765,2011-04-09,TMAX,252
ARM00087765,2011-04-09,TMIN,-18
ARM00087765,2005-06-06,TMIN,38
ARM00087765,2005-08-30,TMIN,-3
ARM00087765,2012-02-11,TMIN,110
ARM00087765,2012-02-11,TMAX,284
ARM00087765,2011-12-23,TMIN,-44
ARM00087765,2005-06-06,TMAX,90
ARM00087765,2011-06-14,TMIN,-30
ARM00087765,2009-08-01,TMIN,-63
ARM00087765,2011-06-24,TMIN,-70
ARM00087765,2007-02-04,TMIN,140
ARM00087765,2015-05-04,TMIN,46
ARM00087765,2014-11-09,TMIN,62
ARM00087765,2006-08-07,TMAX,55
ARM00087765,2006-08-07,TMIN,0
ARM00087765,2007-02-04,TMAX,284
ARM00087765,2006-05-05,TMIN,2
ARM00087765,2006-05-05,TMAX,182
ARM00087765,2005-07-15,TMAX,64
ARM00087765,2005-07-15,TMIN,-81
ARM00087765,2013-10-08,TMAX,140
ARM00087765,2011-03-09,TMIN,70
ARM00087765,2011-03-09,TMAX,268
ARM00087765,2005-04-08,TMIN,32
ARM00087765,2012-04-08,TMIN,-10
ARM00087765,2007-12-30,TMIN,85
ARM00087765,2015-06-03,TMIN,44
ARM00087765,2012-11-20,TMIN,67
ARM00087765,2009-10-29,TMAX,120
ARM00087765,2007-09-24,TMIN,-68
ARM00087765,2013-03-16,TMIN,26
ARM00087765,2009-03-29,TMAX,150
ARM00087765,2009-03-29,TMIN,60
ARM00087765,2013-07-26,TMIN,-54
ARM00087765,2014-01-04,TMIN,65
ARM00087765,2013-07-26,TMAX,127
ARM00087765,2010-03-22,TMIN,65
ARM00087765,2014-01-01,TMAX,160
ARM00087765,2012-12-08,TMIN,70
ARM00087765,2010-03-22,TMAX,150
ARM00087765,2011-10-26,TMIN,30
ARM00087765,2009-03-12,TMIN,38
ARM00087765,2013-09-14,TMIN,-24
ARM00087765,2008-06-29,TMIN,63
ARM00087765,2013-12-22,TMIN,76
ARM00087765,2010-08-26,TMAX,85
ARM00087765,2008-02-15,TMIN,-17
ARM00087765,2010-08-26,TMIN,5
ARM00087765,2009-10-24,TMIN,-6
ARM00087765,2009-01-08,TMIN,24
ARM00087765,2009-10-29,TMIN,75
ARM00087765,2009-02-23,TMIN,25
ARM00087765,2015-11-16,TMIN,57
ARM00087765,2006-04-28,TMAX,221
ARM00087765,2014-05-19,TMIN,18
ARM00087765,2015-01-09,TMAX,251
ARM00087765,2015-12-14,TMAX,167
ARM00087765,2015-12-14,TMIN,36
ARM00087765,2015-11-16,TMAX,153
ARM00087765,2007-10-04,TMIN,47
ARM00087765,2014-01-11,TMIN,68
ARM00087765,2014-01-26,TMAX,230
ARM00087765,2014-01-26,TMIN,80
ARM00087765,2015-01-09,TMIN,112
ARM00087765,2006-11-19,TMIN,30
ARM00087765,2007-05-03,TMIN,42
ARM00087765,2009-03-03,TMIN,38
ARM00087765,2012-01-01,TMAX,315
ARM00087765,2012-09-06,TMIN,-16
ARM00087765,2008-08-14,TMAX,81
ARM00087765,2007-05-03,TMAX,116
ARM00087765,2008-08-14,TMIN,10
ARM00087765,2012-01-01,TMIN,138
ARM00087765,2006-04-28,TMIN,40
ARM00087765,2011-01-03,TMIN,110
ARM00087765,2007-10-04,TMAX,138
ARM00087765,2012-04-14,TMAX,130
ARM00087765,2010-05-02,TMIN,44
ARM00087765,2010-02-12,TMIN,63
ARM00087765,2011-01-03,TMAX,229
ARM00087765,2013-08-05,TMIN,10
ARM00087765,2008-04-27,TMIN,58
ARM00087765,2008-04-27,TMAX,125
ARM00087765,2005-09-21,TMIN,-44
ARM00087765,2006-09-13,TMIN,-37
ARM00087765,2006-06-08,TMAX,80
ARM00087765,2006-09-13,TMAX,89
ARM00087765,2006-10-14,TMAX,122
ARM00087765,2011-02-28,TMAX,277
ARM00087765,2008-12-10,TMIN,80
ARM00087765,2010-11-19,TMAX,153
ARM00087765,2005-09-29,TMAX,114
ARM00087765,2007-11-04,TMIN,42
ARM00087765,2011-09-10,TMIN,26
ARM00087765,2015-02-13,TMIN,-11
ARM00087765,2008-07-30,TMAX,82
ARM00087765,2008-07-30,TMIN,6
ARM00087765,2014-09-07,TMIN,4
ARM00087765,2014-03-19,TMIN,16
ARM00087765,2013-12-06,TMIN,67
ARM00087765,2006-12-20,TMIN,-11
ARM00087765,2010-11-19,TMIN,58
ARM00087765,2013-12-06,TMAX,222
ARM00087765,2011-09-10,TMAX,90
ARM00087765,2006-05-22,TMAX,85
ARM00087765,2006-05-22,TMIN,-78
ARM00087765,2006-03-09,TMIN,65
ARM00087765,2013-08-05,TMAX,61
ARM00087765,2014-02-17,TMIN,100
ARM00087765,2010-07-28,TMAX,62
ARM00087765,2014-01-08,TMAX,231
ARM00087765,2008-10-23,TMIN,41
ARM00087765,2006-02-25,TMAX,225
ARM00087765,2006-02-25,TMIN,80
ARM00087765,2011-10-17,TMAX,141
ARM00087765,2007-07-16,TMIN,-12
ARM00087765,2010-05-02,TMAX,220
ARM00087765,2007-07-16,TMAX,74
ARM00087765,2011-01-14,TMIN,13
ARM00087765,2009-03-19,TMIN,66
ARM00087765,2009-06-11,TMAX,100
ARM00087765,2006-09-06,TMAX,119
ARM00087765,2006-09-06,TMIN,-22
ARM00087765,2008-12-10,TMAX,262
ARM00087765,2009-03-19,TMAX,270
ARM00087765,2005-11-03,TMIN,30
ARM00087765,2005-11-03,TMAX,167
ARM00087765,2005-09-29,TMIN,-18
ARM00087765,2007-01-25,TMIN,54
ARM00087765,2007-01-25,TMAX,245
ARM00087765,2010-07-28,TMIN,5
ARM00087765,2014-05-19,TMAX,63
ARM00087765,2012-05-10,TMIN,16
ARM00087765,2008-06-30,TMAX,126
ARM00087765,2012-10-25,TMAX,120
ARM00087765,2011-05-12,TMIN,15
ARM00087765,2009-08-15,TMAX,48
ARM00087765,2011-12-26,TMAX,297
ARM00087765,2014-06-08,TMIN,-4
ARM00087765,2006-10-18,TMIN,33
ARM00087765,2010-12-06,TMIN,90
ARM00087765,2012-12-04,TMIN,70
ARM00087765,2010-12-06,TMAX,250
ARM00087765,2011-07-16,TMIN,-20
ARM00087765,2014-02-24,TMAX,256
ARM00087765,2009-02-18,TMAX,204
ARM00087765,2006-07-26,TMAX,81
ARM00087765,2007-10-17,TMIN,9
ARM00087765,2006-01-23,TMIN,58
ARM00087765,2011-07-16,TMAX,27
ARM00087765,2006-07-26,TMIN,0
ARM00087765,2014-08-14,TMIN,-62
ARM00087765,2011-11-11,TMIN,-10
ARM00087765,2014-11-15,TMIN,48
ARM00087765,2009-02-09,TMIN,42
ARM00087765,2006-08-28,TMIN,-66
ARM00087765,2006-11-14,TMAX,162
ARM00087765,2011-11-29,TMIN,7
ARM00087765,2009-08-15,TMIN,-5
ARM00087765,2014-06-08,TMAX,57
ARM00087765,2008-10-18,TMAX,215
ARM00087765,2008-10-18,TMIN,21
ARM00087765,2011-04-01,TMIN,3
ARM00087765,2007-11-22,TMIN,79
ARM00087765,2010-09-21,TMIN,18
ARM00087765,2010-09-21,TMAX,110
ARM00087765,2015-06-10,TMAX,59
ARM00087765,2006-10-05,TMIN,10
ARM00087765,2011-02-01,TMIN,0
ARM00087765,2013-09-03,TMIN,-41
ARM00087765,2006-11-14,TMIN,45
ARM00087765,2009-09-19,TMIN,-40
ARM00087765,2007-02-08,TMIN,-18
ARM00087765,2008-02-16,TMIN,32
ARM00087765,2012-10-25,TMIN,40
ARM00087765,2006-11-15,TMIN,30
ARM00087765,2012-11-05,TMIN,64
ARM00087765,2009-02-18,TMIN,126
ARM00087765,2006-11-15,TMAX,128
ARM00087765,2006-10-13,TMIN,-4
ARM00087765,2009-07-18,TMAX,119
ARM00087765,2006-10-18,TMAX,192
ARM00087765,2010-09-02,TMIN,-53
ARM00087765,2010-07-02,TMIN,-25
ARM00087765,2005-08-26,TMAX,75
ARM00087765,2006-10-23,TMIN,83
ARM00087765,2006-01-21,TMIN,55
ARM00087765,2014-07-27,TMAX,45
ARM00087765,2009-10-16,TMIN,-40
ARM00087765,2009-10-16,TMAX,193
ARM00087765,2006-04-18,TMAX,168
ARM00087765,2014-06-19,TMIN,-54
ARM00087765,2007-03-31,TMIN,-18
ARM00087765,2006-04-18,TMIN,-5
ARM00087765,2011-01-25,TMIN,70
ARM00087765,2011-01-25,TMAX,311
ARM00087765,2008-02-27,TMAX,307
ARM00087765,2014-07-27,TMIN,-32
ARM00087765,2014-12-28,TMAX,239
ARM00087765,2005-04-05,TMIN,10
ARM00087765,2008-02-10,TMAX,209
ARM00087765,2009-04-01,TMIN,-5
ARM00087765,2011-04-18,TMIN,58
ARM00087765,2014-07-01,TMIN,-49
ARM00087765,2015-01-25,TMIN,29
ARM00087765,2014-07-01,TMAX,101
ARM00087765,2014-12-28,TMIN,108
ARM00087765,2005-04-29,TMIN,34
ARM00087765,2010-04-23,TMIN,-53
ARM00087765,2005-04-05,TMAX,150
ARM00087765,2008-12-21,TMIN,20
ARM00087765,2011-05-23,TMIN,0
ARM00087765,2009-09-18,TMIN,25
ARM00087765,2005-12-22,TMIN,44
ARM00087765,2012-04-23,TMIN,1
ARM00087765,2007-01-22,TMAX,245
ARM00087765,2007-01-22,TMIN,62
ARM00087765,2012-04-23,TMAX,172
ARM00087765,2009-10-02,TMIN,35
ARM00087765,2009-12-15,TMIN,70
ARM00087765,2007-01-29,TMIN,103
ARM00087765,2005-03-19,TMAX,160
ARM00087765,2009-11-21,TMIN,40
ARM00087765,2006-04-10,TMAX,222
ARM00087765,2006-04-10,TMIN,-4
ARM00087765,2005-03-19,TMIN,10
ARM00087765,2009-10-02,TMAX,133
ARM00087765,2007-08-27,TMIN,4
ARM00087765,2007-01-29,TMAX,210
ARM00087765,2011-10-07,TMIN,-4
ARM00087765,2011-10-07,TMAX,112
ARM00087765,2014-04-13,TMIN,-35
ARM00087765,2005-10-29,TMIN,5
ARM00087765,2009-09-18,TMAX,149
ARM00087765,2014-06-19,TMAX,88
ARM00087765,2008-12-21,TMAX,170
ARM00087765,2010-04-22,TMIN,-20
ARM00087765,2007-01-18,TMIN,75
ARM00087765,2007-11-22,TMAX,268
ARM00087765,2013-05-04,TMIN,63
ARM00087765,2015-04-25,TMAX,224
ARM00087765,2013-11-14,TMIN,26
ARM00087765,2014-01-17,TMIN,61
ARM00087765,2013-11-14,TMAX,186
ARM00087765,2010-07-15,TMIN,-87
ARM00087765,2005-07-29,TMIN,17
ARM00087765,2006-06-01,TMAX,110
ARM00087765,2005-01-21,TMAX,285
ARM00087765,2005-07-29,TMAX,91
ARM00087765,2013-04-15,TMIN,30
ARM00087765,2010-05-14,TMIN,-38
ARM00087765,2010-09-28,TMAX,129
ARM00087765,2010-11-24,TMAX,180
ARM00087765,2011-09-21,TMAX,182
ARM00087765,2011-09-21,TMIN,-3
ARM00087765,2006-06-01,TMIN,0
ARM00087765,2008-11-10,TMIN,1
ARM00087765,2005-04-18,TMAX,174
ARM00087765,2005-04-18,TMIN,74
ARM00087765,2012-11-09,TMIN,36
ARM00087765,2014-12-25,TMIN,38
ARM00087765,2012-12-15,TMAX,150
ARM00087765,2013-11-19,TMIN,-29
ARM00087765,2010-05-14,TMAX,137
ARM00087765,2015-01-22,TMIN,110
ARM00087765,2015-01-22,TMAX,306
ARM00087765,2005-03-05,TMIN,60
ARM00087765,2010-07-20,TMIN,3
ARM00087765,2010-07-20,TMAX,71
ARM00087765,2008-06-30,TMIN,32
ARM00087765,2012-05-10,TMAX,148
ARM00087765,2008-03-22,TMIN,57
ARM00087765,2008-03-03,TMIN,78
ARM00087765,2008-01-09,TMAX,178
ARM00087765,2008-01-09,TMIN,94
ARM00087765,2008-07-31,TMIN,-55
ARM00087765,2008-07-31,TMAX,88
ARM00087765,2007-04-22,TMIN,-26
ARM00087765,2014-04-10,TMIN,38
ARM00087765,2009-09-15,TMIN,-68
ARM00087765,2006-05-11,TMIN,-13
ARM00087765,2014-03-23,TMAX,246
ARM00087765,2014-03-23,TMIN,84
ARM00087765,2006-05-11,TMAX,152
ARM00087765,2013-01-28,TMIN,97
ARM00087765,2012-12-02,TMIN,100
ARM00087765,2012-12-02,TMAX,169
ARM00087765,2005-07-08,TMIN,2
ARM00087765,2015-04-25,TMIN,15
ARM00087765,2010-05-12,TMAX,155
ARM00087765,2013-01-22,TMAX,300
ARM00087765,2011-02-03,TMAX,180
ARM00087765,2006-12-28,TMIN,52
ARM00087765,2013-05-14,TMAX,90
ARM00087765,2015-03-30,TMIN,-19
ARM00087765,2015-03-30,TMAX,173
ARM00087765,2011-03-02,TMIN,20
ARM00087765,2008-07-20,TMIN,-38
ARM00087765,2011-03-02,TMAX,268
ARM00087765,2012-06-26,TMIN,-64
ARM00087765,2008-07-20,TMAX,75
ARM00087765,2008-02-16,TMAX,228
ARM00087765,2006-07-11,TMAX,65
ARM00087765,2005-03-26,TMAX,223
ARM00087765,2008-03-10,TMIN,40
ARM00087765,2013-05-04,TMAX,125
ARM00087765,2010-04-27,TMAX,134
ARM00087765,2010-04-27,TMIN,25
ARM00087765,2014-02-22,TMIN,-2
ARM00087765,2011-09-11,TMIN,30
ARM00087765,2012-11-30,TMAX,162
ARM00087765,2009-07-18,TMIN,4
ARM00087765,2015-03-07,TMIN,106
ARM00087765,2015-03-07,TMAX,256
ARM00087765,2011-05-19,TMAX,115
ARM00087765,2012-11-05,TMAX,189
ARM00087765,2013-10-17,TMIN,11
ARM00087765,2010-05-12,TMIN,16
ARM00087765,2014-09-28,TMIN,15
ARM00087765,2006-12-08,TMIN,70
ARM00087765,2015-04-13,TMAX,216
ARM00087765,2006-12-08,TMAX,215
ARM00087765,2010-09-28,TMIN,-10
ARM00087765,2007-01-23,TMAX,184
ARM00087765,2011-04-16,TMAX,94
ARM00087765,2015-11-12,TMIN,6
ARM00087765,2010-11-24,TMIN,75
ARM00087765,2007-12-30,TMAX,194
ARM00087765,2011-04-16,TMIN,-41
ARM00087765,2006-12-15,TMAX,194
ARM00087765,2007-02-11,TMIN,138
ARM00087765,2011-02-03,TMIN,55
ARM00087765,2007-01-23,TMIN,80
ARM00087765,2007-02-11,TMAX,270
ARM00087765,2015-04-13,TMIN,-14
ARM00087765,2011-09-11,TMAX,86
ARM00087765,2015-11-12,TMAX,282
ARM00087765,2012-12-10,TMAX,249
ARM00087765,2006-12-15,TMIN,81
ARM00087765,2010-05-24,TMIN,32
ARM00087765,2008-09-08,TMIN,-21
ARM00087765,2012-12-10,TMIN,76
ARM00087765,2010-12-09,TMAX,142
ARM00087765,2011-08-29,TMAX,60
ARM00087765,2015-12-21,TMIN,90
ARM00087765,2006-07-01,TMIN,-10
ARM00087765,2007-03-10,TMIN,71
ARM00087765,2015-07-02,TMAX,93
ARM00087765,2011-07-23,TMIN,34
ARM00087765,2008-04-11,TMIN,-72
ARM00087765,2007-03-10,TMAX,155
ARM00087765,2012-08-14,TMIN,12
ARM00087765,2009-04-17,TMAX,202
ARM00087765,2009-07-25,TMAX,90
ARM00087765,2010-12-02,TMAX,140
ARM00087765,2010-12-02,TMIN,30
ARM00087765,2007-04-14,TMAX,162
ARM00087765,2008-01-13,TMAX,216
ARM00087765,2005-10-09,TMIN,-10
ARM00087765,2009-05-01,TMIN,-5
ARM00087765,2007-07-14,TMIN,-32
ARM00087765,2005-04-11,TMIN,0
ARM00087765,2009-11-10,TMIN,15
ARM00087765,2009-07-25,TMIN,-78
ARM00087765,2013-02-08,TMIN,136
ARM00087765,2005-04-11,TMAX,146
ARM00087765,2005-10-17,TMIN,20
ARM00087765,2007-11-01,TMIN,52
ARM00087765,2011-08-24,TMIN,-104
ARM00087765,2007-04-14,TMIN,29
ARM00087765,2015-07-02,TMIN,-38
ARM00087765,2007-12-06,TMIN,72
ARM00087765,2010-09-15,TMIN,10
ARM00087765,2013-05-11,TMIN,56
ARM00087765,2007-06-09,TMAX,61
ARM00087765,2013-08-26,TMIN,-68
ARM00087765,2005-11-17,TMIN,60
ARM00087765,2015-04-10,TMIN,1
ARM00087765,2010-07-11,TMIN,-29
ARM00087765,2005-11-17,TMAX,182
ARM00087765,2007-10-29,TMIN,25
ARM00087765,2013-05-11,TMAX,117
ARM00087765,2006-06-02,TMIN,-16
ARM00087765,2014-05-05,TMIN,58
ARM00087765,2013-09-17,TMAX,80
ARM00087765,2015-07-25,TMAX,115
ARM00087765,2012-02-17,TMAX,196
ARM00087765,2010-05-26,TMIN,-36
ARM00087765,2010-01-12,TMIN,45
ARM00087765,2009-12-12,TMIN,73
ARM00087765,2009-12-12,TMAX,263
ARM00087765,2006-06-02,TMAX,101
ARM00087765,2005-10-22,TMIN,-30
ARM00087765,2009-05-01,TMAX,185
ARM00087765,2007-12-06,TMAX,188
ARM00087765,2012-04-11,TMIN,-52
ARM00087765,2013-11-07,TMIN,49
ARM00087765,2005-08-13,TMAX,67
ARM00087765,2009-01-09,TMIN,25
ARM00087765,2010-05-19,TMAX,92
ARM00087765,2009-01-09,TMAX,286
ARM00087765,2015-12-09,TMIN,76
ARM00087765,2010-05-19,TMIN,15
ARM00087765,2011-06-25,TMAX,40
ARM00087765,2015-01-17,TMIN,98
ARM00087765,2006-09-16,TMIN,-42
ARM00087765,2005-05-14,TMIN,-3
ARM00087765,2006-09-16,TMAX,136
ARM00087765,2007-09-27,TMIN,42
ARM00087765,2010-02-15,TMIN,5
ARM00087765,2008-03-11,TMIN,25
ARM00087765,2008-03-11,TMAX,248
ARM00087765,2007-09-27,TMAX,124
ARM00087765,2008-12-24,TMIN,116
ARM00087765,2008-12-24,TMAX,235
ARM00087765,2010-09-11,TMIN,18
ARM00087765,2011-09-06,TMIN,0
ARM00087765,2014-11-17,TMAX,274
ARM00087765,2011-05-06,TMIN,-20
ARM00087765,2013-06-22,TMIN,1
ARM00087765,2013-06-22,TMAX,70
ARM00087765,2011-01-16,TMIN,50
ARM00087765,2011-06-25,TMIN,-90
ARM00087765,2015-02-20,TMIN,68
ARM00087765,2006-06-25,TMIN,30
ARM00087765,2008-04-22,TMIN,-47
ARM00087765,2008-04-22,TMAX,155
ARM00087765,2008-05-19,TMAX,115
ARM00087765,2006-05-09,TMIN,4
ARM00087765,2008-01-31,TMAX,290
ARM00087765,2005-07-01,TMIN,20
ARM00087765,2007-11-18,TMIN,35
ARM00087765,2006-05-09,TMAX,100
ARM00087765,2008-01-31,TMIN,72
ARM00087765,2005-12-08,TMIN,52
ARM00087765,2005-12-08,TMAX,150
ARM00087765,2010-05-27,TMIN,-20
ARM00087765,2009-07-01,TMAX,77
ARM00087765,2010-06-29,TMAX,120
ARM00087765,2013-07-06,TMIN,-30
ARM00087765,2015-05-11,TMIN,-3
ARM00087765,2015-06-05,TMAX,86
ARM00087765,2009-07-01,TMIN,10
ARM00087765,2008-01-13,TMIN,92
ARM00087765,2014-09-18,TMAX,181
ARM00087765,2005-08-24,TMIN,16
ARM00087765,2013-12-24,TMIN,116
ARM00087765,2013-12-24,TMAX,280
ARM00087765,2013-05-21,TMIN,-15
ARM00087765,2009-05-08,TMAX,131
ARM00087765,2013-11-07,TMAX,109
ARM00087765,2009-03-10,TMAX,316
ARM00087765,2011-01-19,TMAX,153
ARM00087765,2009-04-17,TMIN,29
ARM00087765,2010-01-26,TMAX,300
ARM00087765,2006-03-14,TMIN,2
ARM00087765,2005-02-03,TMIN,104
ARM00087765,2014-02-21,TMAX,229
ARM00087765,2007-11-09,TMAX,150
ARM00087765,2007-11-09,TMIN,44
ARM00087765,2008-07-11,TMIN,2
ARM00087765,2014-05-08,TMIN,16
ARM00087765,2011-01-19,TMIN,65
ARM00087765,2007-07-06,TMAX,37
ARM00087765,2007-08-20,TMAX,80
ARM00087765,2006-02-20,TMAX,270
ARM00087765,2008-01-23,TMAX,268
ARM00087765,2006-02-20,TMIN,47
ARM00087765,2011-03-25,TMIN,30
ARM00087765,2014-04-02,TMIN,41
ARM00087765,2006-12-19,TMAX,157
ARM00087765,2011-03-25,TMAX,195
ARM00087765,2008-03-22,TMAX,233
ARM00087765,2008-01-23,TMIN,43
ARM00087765,2007-06-19,TMIN,-45
ARM00087765,2010-01-26,TMIN,132
ARM00087765,2007-04-28,TMIN,-65
ARM00087765,2011-11-23,TMAX,166
ARM00087765,2006-10-24,TMAX,174
ARM00087765,2009-08-08,TMIN,-11
ARM00087765,2012-01-03,TMIN,90
ARM00087765,2008-06-22,TMIN,-50
ARM00087765,2008-06-22,TMAX,36
ARM00087765,2014-09-09,TMAX,64
ARM00087765,2009-11-27,TMAX,210
ARM00087765,2009-05-14,TMAX,82
ARM00087765,2009-05-14,TMIN,-43
ARM00087765,2008-10-14,TMIN,-22
ARM00087765,2007-12-04,TMIN,-13
ARM00087765,2007-12-04,TMAX,151
ARM00087765,2010-10-04,TMIN,50
ARM00087765,2014-03-14,TMIN,64
ARM00087765,2014-03-14,TMAX,225
ARM00087765,2007-02-19,TMIN,22
ARM00087765,2006-10-07,TMAX,125
ARM00087765,2014-05-14,TMIN,28
ARM00087765,2015-05-28,TMIN,-32
ARM00087765,2009-11-27,TMIN,-10
ARM00087765,2015-05-28,TMAX,135
ARM00087765,2011-11-23,TMIN,70
ARM00087765,2014-09-09,TMIN,-1
ARM00087765,2014-07-05,TMAX,45
ARM00087765,2010-07-11,TMAX,97
ARM00087765,2010-01-04,TMIN,100
ARM00087765,2011-11-01,TMIN,51
ARM00087765,2012-02-16,TMIN,103
ARM00087765,2008-12-22,TMIN,64
ARM00087765,2011-10-20,TMAX,164
ARM00087765,2012-02-16,TMAX,239
ARM00087765,2013-10-07,TMIN,-44
ARM00087765,2015-07-25,TMIN,-30
ARM00087765,2007-06-03,TMIN,44
ARM00087765,2011-10-20,TMIN,55
ARM00087765,2013-08-12,TMAX,70
ARM00087765,2013-08-12,TMIN,-70
ARM00087765,2015-08-06,TMIN,36
ARM00087765,2015-08-02,TMIN,-4
ARM00087765,2007-02-21,TMAX,225
ARM00087765,2007-02-21,TMIN,36
ARM00087765,2013-07-24,TMIN,-74
ARM00087765,2011-05-01,TMIN,-38
ARM00087765,2006-08-02,TMIN,-67
ARM00087765,2006-08-02,TMAX,52
ARM00087765,2012-08-11,TMIN,-73
ARM00087765,2010-05-26,TMAX,75
ARM00087765,2010-08-25,TMIN,10
ARM00087765,2009-03-10,TMIN,128
ARM00087765,2011-05-01,TMAX,156
ARM00087765,2010-09-12,TMAX,126
ARM00087765,2010-09-12,TMIN,7
ARM00087765,2009-10-04,TMAX,165
ARM00087765,2008-07-26,TMIN,4
ARM00087765,2010-04-12,TMAX,128
ARM00087765,2005-01-08,TMAX,215
ARM00087765,2010-04-12,TMIN,40
ARM00087765,2005-12-09,TMIN,58
ARM00087765,2013-11-04,TMIN,6
ARM00087765,2013-05-22,TMIN,29
ARM00087765,2005-11-22,TMAX,170
ARM00087765,2010-05-16,TMIN,-59
ARM00087765,2005-09-15,TMIN,-40
ARM00087765,2008-10-11,TMIN,30
ARM00087765,2007-08-03,TMIN,-115
ARM00087765,2008-10-11,TMAX,163
ARM00087765,2013-03-27,TMAX,246
ARM00087765,2013-03-27,TMIN,-4
ARM00087765,2015-01-26,TMAX,273
ARM00087765,2009-05-23,TMIN,45
ARM00087765,2012-06-20,TMAX,81
ARM00087765,2006-07-13,TMIN,-18
ARM00087765,2009-05-23,TMAX,121
ARM00087765,2008-04-01,TMIN,-30
ARM00087765,2005-01-08,TMIN,120
ARM00087765,2009-10-04,TMIN,-10
ARM00087765,2011-11-01,TMAX,266
ARM00087765,2013-03-08,TMIN,74
ARM00087765,2015-03-16,TMIN,85
ARM00087765,2005-08-05,TMIN,-28
ARM00087765,2010-10-13,TMIN,55
ARM00087765,2006-02-26,TMAX,246
ARM00087765,2008-03-15,TMAX,274
ARM00087765,2010-09-30,TMAX,125
ARM00087765,2012-02-24,TMAX,224
ARM00087765,2012-02-24,TMIN,45
ARM00087765,2009-10-22,TMAX,124
ARM00087765,2010-01-11,TMAX,200
ARM00087765,2010-09-30,TMIN,-15
ARM00087765,2014-01-14,TMIN,114
ARM00087765,2007-05-12,TMAX,102
ARM00087765,2011-01-17,TMIN,50
ARM00087765,2008-02-21,TMIN,66
ARM00087765,2014-02-05,TMIN,36
ARM00087765,2014-02-05,TMAX,164
ARM00087765,2006-08-01,TMAX,45
ARM00087765,2005-12-24,TMIN,80
ARM00087765,2014-08-15,TMIN,-65
ARM00087765,2007-01-14,TMIN,39
ARM00087765,2015-11-04,TMAX,251
ARM00087765,2006-08-01,TMIN,-67
ARM00087765,2008-05-27,TMAX,64
ARM00087765,2008-02-21,TMAX,277
ARM00087765,2010-10-13,TMAX,240
ARM00087765,2009-12-02,TMAX,125
ARM00087765,2011-02-27,TMIN,-17
ARM00087765,2009-02-03,TMIN,66
ARM00087765,2013-06-26,TMIN,26
ARM00087765,2006-02-26,TMIN,82
ARM00087765,2009-06-25,TMIN,-93
ARM00087765,2008-12-12,TMIN,47
ARM00087765,2009-01-04,TMIN,55
ARM00087765,2007-09-30,TMAX,204
ARM00087765,2010-11-21,TMIN,54
ARM00087765,2008-10-10,TMAX,175
ARM00087765,2007-09-30,TMIN,-40
ARM00087765,2008-08-15,TMAX,70
ARM00087765,2009-02-03,TMAX,226
ARM00087765,2008-10-10,TMIN,-6
ARM00087765,2010-12-27,TMAX,237
ARM00087765,2014-12-08,TMIN,31
ARM00087765,2007-11-10,TMIN,-20
ARM00087765,2007-04-12,TMIN,44
ARM00087765,2012-01-16,TMIN,110
ARM00087765,2010-12-27,TMIN,101
ARM00087765,2009-12-02,TMIN,22
ARM00087765,2007-05-12,TMIN,-48
ARM00087765,2014-02-11,TMAX,259
ARM00087765,2014-02-11,TMIN,86
ARM00087765,2008-05-27,TMIN,-60
ARM00087765,2013-06-26,TMAX,110
ARM00087765,2011-02-18,TMIN,67
ARM00087765,2010-08-18,TMAX,50
ARM00087765,2015-02-08,TMIN,91
ARM00087765,2008-11-28,TMIN,72
ARM00087765,2005-03-21,TMIN,-1
ARM00087765,2015-02-08,TMAX,245
ARM00087765,2009-08-14,TMAX,55
ARM00087765,2008-09-13,TMIN,-36
ARM00087765,2009-08-14,TMIN,-18
ARM00087765,2008-02-04,TMAX,325
ARM00087765,2009-11-30,TMIN,30
ARM00087765,2015-06-21,TMAX,89
ARM00087765,2011-09-29,TMIN,2
ARM00087765,2006-09-26,TMIN,36
ARM00087765,2007-04-20,TMIN,41
ARM00087765,2005-12-04,TMAX,132
ARM00087765,2006-03-11,TMAX,218
ARM00087765,2007-02-20,TMIN,-8
ARM00087765,2008-11-28,TMAX,199
ARM00087765,2014-06-02,TMAX,116
ARM00087765,2014-10-24,TMIN,6
ARM00087765,2014-10-24,TMAX,237
ARM00087765,2015-12-21,TMAX,241
ARM00087765,2010-11-25,TMIN,3
ARM00087765,2006-03-11,TMIN,39
ARM00087765,2013-05-05,TMIN,-30
ARM00087765,2012-01-10,TMIN,62
ARM00087765,2013-04-09,TMAX,183
ARM00087765,2010-08-08,TMIN,-38
ARM00087765,2010-08-18,TMIN,0
ARM00087765,2008-08-12,TMIN,-22
ARM00087765,2009-10-09,TMIN,46
ARM00087765,2006-06-15,TMIN,-19
ARM00087765,2009-10-09,TMAX,200
ARM00087765,2006-05-02,TMIN,10
ARM00087765,2015-07-11,TMAX,54
ARM00087765,2012-03-26,TMIN,18
ARM00087765,2010-06-13,TMIN,5
ARM00087765,2012-03-26,TMAX,176
ARM00087765,2015-07-11,TMIN,-23
ARM00087765,2006-01-16,TMIN,-7
ARM00087765,2008-03-15,TMIN,131
ARM00087765,2006-09-26,TMAX,164
ARM00087765,2008-06-10,TMIN,38
ARM00087765,2011-07-24,TMAX,109
ARM00087765,2011-07-24,TMIN,9
ARM00087765,2011-06-04,TMAX,120
ARM00087765,2011-06-04,TMIN,-32
ARM00087765,2011-08-06,TMIN,2
ARM00087765,2008-02-04,TMIN,112
ARM00087765,2012-01-10,TMAX,187
ARM00087765,2011-02-11,TMAX,326
ARM00087765,2014-04-20,TMIN,8
ARM00087765,2012-09-29,TMAX,154
ARM00087765,2007-12-18,TMAX,262
ARM00087765,2015-11-25,TMAX,181
ARM00087765,2006-07-17,TMAX,94
ARM00087765,2006-08-30,TMAX,163
ARM00087765,2010-05-25,TMIN,-30
ARM00087765,2010-09-08,TMIN,5
ARM00087765,2010-09-08,TMAX,154
ARM00087765,2007-08-24,TMIN,-55
ARM00087765,2014-02-03,TMAX,169
ARM00087765,2005-08-31,TMIN,-8
ARM00087765,2014-02-03,TMIN,67
ARM00087765,2012-12-25,TMAX,150
ARM00087765,2005-08-31,TMAX,75
ARM00087765,2015-04-30,TMIN,15
ARM00087765,2007-04-09,TMAX,168
ARM00087765,2011-04-27,TMIN,52
ARM00087765,2011-04-27,TMAX,170
ARM00087765,2007-04-09,TMIN,28
ARM00087765,2011-01-29,TMIN,0
ARM00087765,2010-01-02,TMIN,80
ARM00087765,2009-10-06,TMIN,-75
ARM00087765,2013-05-26,TMIN,47
ARM00087765,2005-05-03,TMIN,33
ARM00087765,2014-01-24,TMIN,11
ARM00087765,2012-08-05,TMAX,138
ARM00087765,2012-08-05,TMIN,-76
ARM00087765,2015-06-05,TMIN,38
ARM00087765,2014-10-14,TMIN,-39
ARM00087765,2005-10-21,TMAX,155
ARM00087765,2015-03-16,TMAX,225
ARM00087765,2005-08-05,TMAX,52
ARM00087765,2005-10-21,TMIN,45
ARM00087765,2007-04-11,TMAX,100
ARM00087765,2013-02-20,TMIN,25
ARM00087765,2009-05-08,TMIN,65
ARM00087765,2009-12-20,TMIN,70
ARM00087765,2011-05-24,TMIN,30
ARM00087765,2006-05-20,TMIN,-63
ARM00087765,2012-04-26,TMIN,-24
ARM00087765,2008-07-14,TMIN,18
ARM00087765,2015-01-13,TMAX,195
ARM00087765,2014-01-18,TMIN,91
ARM00087765,2007-08-29,TMIN,-84
ARM00087765,2012-04-26,TMAX,99
ARM00087765,2012-07-05,TMIN,-22
ARM00087765,2015-01-13,TMIN,100
ARM00087765,2015-11-25,TMIN,60
ARM00087765,2006-08-30,TMIN,5
ARM00087765,2010-09-23,TMIN,-70
ARM00087765,2006-07-27,TMIN,3
ARM00087765,2005-05-03,TMAX,130
ARM00087765,2013-05-26,TMAX,130
ARM00087765,2011-11-04,TMIN,-4
ARM00087765,2011-11-22,TMIN,67
ARM00087765,2008-01-17,TMAX,255
ARM00087765,2006-05-31,TMIN,-19
ARM00087765,2014-09-18,TMIN,-59
ARM00087765,2009-12-22,TMAX,175
ARM00087765,2009-12-22,TMIN,68
ARM00087765,2013-05-09,TMIN,96
ARM00087765,2007-11-21,TMIN,110
ARM00087765,2005-11-23,TMAX,90
ARM00087765,2006-12-14,TMIN,68
ARM00087765,2009-11-05,TMIN,8
ARM00087765,2014-12-15,TMAX,197
ARM00087765,2013-04-29,TMIN,-10
ARM00087765,2008-08-15,TMIN,30
ARM00087765,2013-04-29,TMAX,160
ARM00087765,2006-02-03,TMIN,95
ARM00087765,2007-11-10,TMAX,138
ARM00087765,2009-01-04,TMAX,300
ARM00087765,2006-02-03,TMAX,295
ARM00087765,2008-10-03,TMAX,112
ARM00087765,2012-05-08,TMIN,10
ARM00087765,2007-11-21,TMAX,295
ARM00087765,2007-12-18,TMIN,35
ARM00087765,2012-09-29,TMIN,30
ARM00087765,2008-01-17,TMIN,26
ARM00087765,2012-07-18,TMAX,105
ARM00087765,2008-10-03,TMIN,0
ARM00087765,2008-05-09,TMAX,142
ARM00087765,2011-04-12,TMAX,140
ARM00087765,2011-04-12,TMIN,65
ARM00087765,2014-01-10,TMIN,56
ARM00087765,2007-03-03,TMIN,-10
ARM00087765,2008-10-17,TMAX,222
ARM00087765,2008-10-17,TMIN,-28
ARM00087765,2010-05-25,TMAX,105
ARM00087765,2009-01-23,TMAX,294
ARM00087765,2014-08-03,TMAX,76
ARM00087765,2009-01-23,TMIN,78
ARM00087765,2012-06-10,TMIN,-98
ARM00087765,2007-11-12,TMAX,112
ARM00087765,2007-11-12,TMIN,24
ARM00087765,2006-01-15,TMAX,180
ARM00087765,2006-01-15,TMIN,38
ARM00087765,2006-11-11,TMAX,260
ARM00087765,2006-11-11,TMIN,56
ARM00087765,2008-09-03,TMIN,-12
ARM00087765,2006-05-24,TMIN,35
ARM00087765,2010-01-15,TMIN,6
ARM00087765,2008-03-20,TMIN,90
ARM00087765,2013-02-16,TMAX,210
ARM00087765,2008-05-09,TMIN,-85
ARM00087765,2008-11-16,TMIN,3
ARM00087765,2006-11-05,TMIN,61
ARM00087765,2007-04-03,TMIN,58
ARM00087765,2014-08-06,TMIN,2
ARM00087765,2012-05-31,TMIN,-11
ARM00087765,2015-07-13,TMIN,-49
ARM00087765,2009-10-28,TMAX,149
ARM00087765,2005-02-14,TMIN,110
ARM00087765,2015-07-13,TMAX,57
ARM00087765,2007-03-16,TMIN,41
ARM00087765,2008-03-29,TMAX,245
ARM00087765,2007-09-04,TMAX,65
ARM00087765,2015-10-06,TMAX,107
ARM00087765,2012-05-25,TMIN,-12
ARM00087765,2012-05-25,TMAX,116
ARM00087765,2011-06-05,TMIN,15
ARM00087765,2011-06-05,TMAX,76
ARM00087765,2007-10-27,TMIN,44
ARM00087765,2012-03-30,TMIN,21
ARM00087765,2007-05-22,TMIN,0
ARM00087765,2010-08-14,TMAX,54
ARM00087765,2013-11-20,TMAX,229
ARM00087765,2009-04-23,TMIN,10
ARM00087765,2009-04-23,TMAX,150
ARM00087765,2007-05-01,TMAX,128
ARM00087765,2007-02-17,TMIN,33
ARM00087765,2008-11-02,TMIN,-26
ARM00087765,2009-10-28,TMIN,80
ARM00087765,2007-05-01,TMIN,50
ARM00087765,2014-11-01,TMAX,86
ARM00087765,2015-02-16,TMIN,36
ARM00087765,2008-06-17,TMAX,108
ARM00087765,2008-12-14,TMIN,74
ARM00087765,2012-05-31,TMAX,97
ARM00087765,2010-08-07,TMIN,-53
ARM00087765,2014-08-02,TMAX,89
ARM00087765,2007-03-05,TMAX,216
ARM00087765,2010-08-07,TMAX,70
ARM00087765,2007-03-05,TMIN,82
ARM00087765,2009-05-06,TMIN,-10
ARM00087765,2007-09-26,TMIN,-16
ARM00087765,2006-10-31,TMIN,34
ARM00087765,2007-09-26,TMAX,200
ARM00087765,2015-09-21,TMAX,119
ARM00087765,2009-01-17,TMIN,3
ARM00087765,2009-05-06,TMAX,160
ARM00087765,2005-02-14,TMAX,265
ARM00087765,2006-11-06,TMIN,17
ARM00087765,2009-02-10,TMIN,115
ARM00087765,2006-07-08,TMAX,95
ARM00087765,2009-05-09,TMAX,124
ARM00087765,2012-04-16,TMIN,60
ARM00087765,2006-07-08,TMIN,10
ARM00087765,2015-02-16,TMAX,292
ARM00087765,2012-04-16,TMAX,130
ARM00087765,2007-12-29,TMAX,225
ARM00087765,2007-01-03,TMIN,-10
ARM00087765,2007-10-13,TMIN,20
ARM00087765,2010-02-23,TMIN,-20
ARM00087765,2008-03-16,TMAX,198
ARM00087765,2007-03-14,TMIN,51
ARM00087765,2007-07-29,TMIN,-53
ARM00087765,2008-07-13,TMIN,26
ARM00087765,2008-03-16,TMIN,84
ARM00087765,2011-07-22,TMIN,50
ARM00087765,2013-08-16,TMIN,15
ARM00087765,2009-04-15,TMIN,16
ARM00087765,2014-02-02,TMIN,80
ARM00087765,2015-09-30,TMIN,16
ARM00087765,2009-10-03,TMIN,-35
ARM00087765,2008-07-13,TMAX,96
ARM00087765,2005-05-19,TMAX,39
ARM00087765,2009-09-14,TMIN,6
ARM00087765,2014-01-16,TMIN,118
ARM00087765,2009-09-14,TMAX,115
ARM00087765,2015-09-30,TMAX,146
ARM00087765,2006-11-17,TMIN,-50
ARM00087765,2009-11-13,TMIN,8
ARM00087765,2009-10-31,TMAX,125
ARM00087765,2009-11-13,TMAX,168
ARM00087765,2005-05-19,TMIN,-21
ARM00087765,2007-07-29,TMAX,74
ARM00087765,2008-03-29,TMIN,69
ARM00087765,2015-04-24,TMIN,44
ARM00087765,2012-11-27,TMIN,20
ARM00087765,2007-10-13,TMAX,150
ARM00087765,2010-08-14,TMIN,-58
ARM00087765,2010-12-10,TMAX,70
ARM00087765,2008-02-07,TMAX,290
ARM00087765,2014-12-07,TMIN,85
ARM00087765,2005-10-24,TMAX,171
ARM00087765,2013-07-27,TMIN,-55
ARM00087765,2012-11-27,TMAX,228
ARM00087765,2005-10-24,TMIN,45
ARM00087765,2015-05-05,TMAX,112
ARM00087765,2015-05-05,TMIN,-9
ARM00087765,2008-02-07,TMIN,104
ARM00087765,2009-06-21,TMAX,40
ARM00087765,2008-06-28,TMIN,80
ARM00087765,2013-10-02,TMIN,-4
ARM00087765,2007-05-26,TMIN,-63
ARM00087765,2006-03-30,TMIN,-25
ARM00087765,2007-05-26,TMAX,120
ARM00087765,2006-03-30,TMAX,210
ARM00087765,2009-03-08,TMIN,20
ARM00087765,2014-09-19,TMAX,125
ARM00087765,2014-09-19,TMIN,54
ARM00087765,2007-03-14,TMAX,220
ARM00087765,2011-05-13,TMIN,18
ARM00087765,2008-06-17,TMIN,10
ARM00087765,2009-02-20,TMIN,12
ARM00087765,2007-04-04,TMIN,-8
ARM00087765,2012-03-12,TMAX,176
ARM00087765,2010-02-20,TMIN,12
ARM00087765,2012-03-12,TMIN,84
ARM00087765,2005-10-10,TMIN,64
ARM00087765,2005-10-10,TMAX,254
ARM00087765,2015-05-23,TMAX,90
ARM00087765,2006-02-18,TMIN,119
ARM00087765,2011-10-11,TMIN,-4
ARM00087765,2006-05-23,TMIN,-8
ARM00087765,2006-02-18,TMAX,260
ARM00087765,2010-08-05,TMAX,41
ARM00087765,2010-08-05,TMIN,-60
ARM00087765,2013-01-31,TMAX,294
ARM00087765,2014-12-10,TMIN,-6
ARM00087765,2006-05-23,TMAX,71
ARM00087765,2005-06-07,TMAX,68
ARM00087765,2014-11-11,TMIN,64
ARM00087765,2014-06-15,TMIN,3
ARM00087765,2014-11-11,TMAX,177
ARM00087765,2015-05-23,TMIN,-7
ARM00087765,2008-04-29,TMIN,-56
ARM00087765,2009-01-05,TMIN,128
ARM00087765,2011-06-30,TMAX,28
ARM00087765,2014-07-26,TMIN,-40
ARM00087765,2011-06-30,TMIN,-30
ARM00087765,2013-01-09,TMIN,35
ARM00087765,2015-04-08,TMAX,191
ARM00087765,2008-09-06,TMAX,80
ARM00087765,2011-08-11,TMAX,88
ARM00087765,2011-08-11,TMIN,10
ARM00087765,2013-07-12,TMAX,100
ARM00087765,2010-10-23,TMAX,153
ARM00087765,2010-10-23,TMIN,5
ARM00087765,2012-02-02,TMIN,17
ARM00087765,2010-11-17,TMAX,230
ARM00087765,2010-09-16,TMIN,-5
ARM00087765,2010-11-17,TMIN,84
ARM00087765,2007-12-14,TMIN,35
ARM00087765,2010-01-19,TMIN,45
ARM00087765,2013-08-25,TMAX,123
ARM00087765,2013-08-25,TMIN,-83
ARM00087765,2008-01-11,TMIN,27
ARM00087765,2011-01-20,TMIN,82
ARM00087765,2015-08-14,TMIN,-42
ARM00087765,2012-06-01,TMIN,-11
ARM00087765,2013-09-10,TMAX,89
ARM00087765,2013-09-10,TMIN,24
ARM00087765,2015-04-08,TMIN,71
ARM00087765,2014-07-26,TMAX,83
ARM00087765,2010-09-29,TMAX,130
ARM00087765,2010-09-29,TMIN,-75
ARM00087765,2012-10-14,TMIN,-40
ARM00087765,2011-01-10,TMAX,288
ARM00087765,2005-04-04,TMIN,-24
ARM00087765,2012-08-09,TMIN,-48
ARM00087765,2005-11-16,TMIN,81
ARM00087765,2008-09-23,TMIN,52
ARM00087765,2012-08-31,TMIN,-40
ARM00087765,2008-06-14,TMAX,84
ARM00087765,2014-07-15,TMIN,13
ARM00087765,2007-05-10,TMIN,-48
ARM00087765,2012-10-06,TMIN,-62
ARM00087765,2010-07-26,TMIN,30
ARM00087765,2005-11-20,TMIN,50
ARM00087765,2006-07-19,TMIN,12
ARM00087765,2007-04-19,TMAX,122
ARM00087765,2007-04-19,TMIN,48
ARM00087765,2011-12-02,TMIN,106
ARM00087765,2011-04-20,TMIN,20
ARM00087765,2007-05-10,TMAX,120
ARM00087765,2005-11-20,TMAX,150
ARM00087765,2005-07-14,TMIN,-54
ARM00087765,2012-12-22,TMAX,131
ARM00087765,2007-12-29,TMIN,102
ARM00087765,2007-05-29,TMIN,-68
ARM00087765,2007-03-13,TMIN,0
ARM00087765,2008-09-23,TMAX,198
ARM00087765,2009-02-10,TMAX,286
ARM00087765,2011-10-09,TMIN,6
ARM00087765,2011-04-20,TMAX,149
ARM00087765,2012-08-31,TMAX,115
ARM00087765,2005-04-04,TMAX,184
ARM00087765,2008-05-17,TMAX,140
ARM00087765,2009-07-06,TMIN,15
ARM00087765,2014-02-01,TMAX,160
ARM00087765,2013-12-13,TMIN,15
ARM00087765,2013-12-13,TMAX,260
ARM00087765,2009-01-05,TMAX,275
ARM00087765,2013-12-20,TMAX,288
ARM00087765,2006-02-09,TMIN,13
ARM00087765,2015-10-06,TMIN,6
ARM00087765,2010-11-09,TMIN,20
ARM00087765,2009-07-20,TMIN,-10
ARM00087765,2007-11-24,TMIN,28
ARM00087765,2012-06-29,TMIN,37
ARM00087765,2013-07-29,TMIN,-70
ARM00087765,2013-11-02,TMIN,1
ARM00087765,2011-01-10,TMIN,95
ARM00087765,2010-11-01,TMIN,35
ARM00087765,2005-10-18,TMIN,38
ARM00087765,2011-04-10,TMAX,240
ARM00087765,2011-04-10,TMIN,38
ARM00087765,2011-10-18,TMIN,-60
ARM00087765,2012-08-09,TMAX,150
ARM00087765,2011-10-09,TMAX,150
ARM00087765,2008-05-24,TMIN,5
ARM00087765,2008-09-06,TMIN,-34
ARM00087765,2009-03-26,TMIN,20
ARM00087765,2008-11-18,TMAX,234
ARM00087765,2009-04-20,TMIN,-3
ARM00087765,2015-03-18,TMIN,-7
ARM00087765,2010-03-04,TMAX,266
ARM00087765,2007-01-20,TMIN,111
ARM00087765,2008-01-06,TMAX,308
ARM00087765,2008-01-06,TMIN,39
ARM00087765,2010-03-04,TMIN,90
ARM00087765,2009-04-20,TMAX,160
ARM00087765,2006-11-09,TMIN,33
ARM00087765,2005-01-29,TMIN,40
ARM00087765,2006-05-17,TMAX,101
ARM00087765,2006-11-09,TMAX,251
ARM00087765,2015-12-23,TMAX,148
ARM00087765,2015-07-17,TMIN,-4
ARM00087765,2008-09-14,TMIN,20
ARM00087765,2015-07-17,TMAX,62
ARM00087765,2009-07-24,TMIN,-105
ARM00087765,2014-04-27,TMAX,147
ARM00087765,2014-07-20,TMIN,-24
ARM00087765,2006-02-13,TMIN,80
ARM00087765,2005-04-26,TMIN,-70
ARM00087765,2005-02-15,TMIN,80
ARM00087765,2015-05-29,TMIN,10
ARM00087765,2007-02-03,TMAX,315
ARM00087765,2013-02-14,TMIN,99
ARM00087765,2012-05-22,TMIN,-60
ARM00087765,2013-06-24,TMAX,81
ARM00087765,2011-05-05,TMAX,147
ARM00087765,2014-08-29,TMAX,143
ARM00087765,2008-04-14,TMIN,-74
ARM00087765,2007-08-12,TMIN,-42
ARM00087765,2008-01-27,TMIN,80
ARM00087765,2007-08-30,TMIN,-65
ARM00087765,2014-08-29,TMIN,-27
ARM00087765,2008-10-07,TMIN,28
ARM00087765,2005-08-22,TMAX,104
ARM00087765,2014-08-11,TMIN,5
ARM00087765,2005-09-22,TMAX,154
ARM00087765,2012-02-12,TMAX,253
ARM00087765,2005-08-22,TMIN,12
ARM00087765,2005-09-22,TMIN,-20
ARM00087765,2010-08-27,TMIN,0
ARM00087765,2007-09-07,TMAX,116
ARM00087765,2007-09-07,TMIN,31
ARM00087765,2009-07-24,TMAX,86
ARM00087765,2015-12-23,TMIN,43
ARM00087765,2007-02-03,TMIN,112
ARM00087765,2012-09-04,TMIN,37
ARM00087765,2005-05-11,TMIN,18
ARM00087765,2013-06-24,TMIN,-47
ARM00087765,2012-05-22,TMAX,95
ARM00087765,2011-05-05,TMIN,42
ARM00087765,2005-02-15,TMAX,270
ARM00087765,2013-05-19,TMIN,-84
ARM00087765,2010-04-16,TMIN,-7
ARM00087765,2013-06-14,TMIN,5
ARM00087765,2011-02-19,TMIN,78
ARM00087765,2005-04-09,TMAX,162
ARM00087765,2005-04-09,TMIN,20
ARM00087765,2010-10-03,TMIN,37
ARM00087765,2010-10-03,TMAX,154
ARM00087765,2013-03-19,TMIN,20
ARM00087765,2013-06-14,TMAX,126
ARM00087765,2006-06-29,TMAX,90
ARM00087765,2011-04-15,TMIN,-30
ARM00087765,2005-06-29,TMIN,-10
ARM00087765,2010-01-16,TMAX,285
ARM00087765,2015-04-27,TMAX,186
ARM00087765,2005-06-29,TMAX,49
ARM00087765,2006-09-21,TMAX,150
ARM00087765,2009-01-07,TMIN,93
ARM00087765,2011-02-15,TMIN,98
ARM00087765,2012-02-28,TMAX,156
ARM00087765,2010-02-16,TMAX,255
ARM00087765,2010-01-16,TMIN,105
ARM00087765,2014-03-21,TMAX,162
ARM00087765,2008-05-01,TMAX,140
ARM00087765,2010-12-17,TMIN,60
ARM00087765,2005-11-05,TMIN,-20
ARM00087765,2012-03-21,TMIN,26
ARM00087765,2010-12-17,TMAX,207
ARM00087765,2015-05-29,TMAX,126
ARM00087765,2011-09-13,TMIN,-34
ARM00087765,2005-01-29,TMAX,186
ARM00087765,2009-10-05,TMAX,120
ARM00087765,2009-10-05,TMIN,-10
ARM00087765,2009-10-17,TMIN,-36
ARM00087765,2014-02-07,TMIN,82
ARM00087765,2008-08-18,TMIN,0
ARM00087765,2005-06-10,TMIN,-5
ARM00087765,2010-04-24,TMAX,138
ARM00087765,2011-09-20,TMIN,-16
ARM00087765,2009-11-23,TMIN,40
ARM00087765,2009-11-23,TMAX,152
ARM00087765,2015-04-27,TMIN,52
ARM00087765,2011-09-20,TMAX,188
ARM00087765,2009-08-09,TMIN,-11
ARM00087765,2007-03-18,TMIN,96
ARM00087765,2010-04-24,TMIN,-60
ARM00087765,2009-09-10,TMIN,-36
ARM00087765,2013-10-04,TMAX,125
ARM00087765,2013-10-04,TMIN,46
ARM00087765,2008-09-14,TMAX,160
ARM00087765,2006-08-22,TMIN,6
ARM00087765,2010-04-16,TMAX,200
ARM00087765,2013-06-28,TMAX,96
ARM00087765,2008-10-07,TMAX,158
ARM00087765,2012-11-25,TMIN,-40
ARM00087765,2007-12-03,TMAX,210
ARM00087765,2006-06-26,TMIN,35
ARM00087765,2015-06-11,TMIN,19
ARM00087765,2005-03-17,TMIN,10
ARM00087765,2007-12-03,TMIN,80
ARM00087765,2005-01-31,TMIN,17
ARM00087765,2010-07-08,TMIN,0
ARM00087765,2008-06-28,TMAX,112
ARM00087765,2015-10-18,TMIN,-24
ARM00087765,2007-02-16,TMIN,-15
ARM00087765,2014-12-31,TMAX,164
ARM00087765,2007-10-26,TMIN,44
ARM00087765,2007-10-30,TMIN,33
ARM00087765,2010-04-28,TMIN,50
ARM00087765,2006-12-30,TMIN,73
ARM00087765,2010-04-28,TMAX,130
ARM00087765,2007-10-26,TMAX,110
ARM00087765,2010-07-09,TMIN,0
ARM00087765,2009-02-27,TMIN,95
ARM00087765,2010-07-09,TMAX,70
ARM00087765,2011-04-17,TMIN,-18
ARM00087765,2015-09-02,TMIN,-41
ARM00087765,2010-07-04,TMIN,-18
ARM00087765,2015-05-06,TMAX,106
ARM00087765,2013-01-12,TMIN,37
ARM00087765,2015-10-03,TMAX,100
ARM00087765,2015-10-03,TMIN,34
ARM00087765,2009-10-31,TMIN,38
ARM00087765,2006-05-25,TMAX,95
ARM00087765,2013-10-23,TMIN,-43
ARM00087765,2006-08-25,TMAX,178
ARM00087765,2008-03-19,TMAX,231
ARM00087765,2008-03-19,TMIN,21
ARM00087765,2015-03-20,TMAX,218
ARM00087765,2010-08-03,TMIN,-99
ARM00087765,2006-08-25,TMIN,-16
ARM00087765,2006-02-07,TMAX,282
ARM00087765,2006-02-07,TMIN,113
ARM00087765,2009-11-29,TMIN,30
ARM00087765,2009-11-29,TMAX,146
ARM00087765,2005-09-17,TMAX,180
ARM00087765,2015-02-26,TMIN,71
ARM00087765,2005-09-17,TMIN,-25
ARM00087765,2011-03-10,TMIN,125
ARM00087765,2010-10-17,TMAX,185
ARM00087765,2010-10-17,TMIN,-30
ARM00087765,2009-10-15,TMIN,-20
ARM00087765,2007-01-16,TMIN,68
ARM00087765,2008-08-31,TMAX,22
ARM00087765,2008-08-31,TMIN,0
ARM00087765,2011-03-16,TMIN,65
ARM00087765,2008-06-05,TMAX,116
ARM00087765,2015-03-20,TMIN,36
ARM00087765,2005-03-31,TMIN,45
ARM00087765,2009-05-10,TMIN,20
ARM00087765,2010-09-13,TMAX,122
ARM00087765,2010-06-11,TMIN,25
ARM00087765,2008-09-27,TMIN,9
ARM00087765,2008-09-27,TMAX,165
ARM00087765,2010-09-13,TMIN,5
ARM00087765,2014-10-27,TMAX,194
ARM00087765,2009-03-13,TMAX,226
ARM00087765,2008-12-04,TMIN,53
ARM00087765,2005-06-08,TMAX,60
ARM00087765,2015-01-31,TMAX,281
ARM00087765,2009-05-10,TMAX,106
ARM00087765,2015-01-31,TMIN,35
ARM00087765,2014-10-27,TMIN,-10
ARM00087765,2012-06-19,TMIN,12
ARM00087765,2006-05-07,TMIN,10
ARM00087765,2011-09-24,TMAX,153
ARM00087765,2009-04-25,TMIN,80
ARM00087765,2011-09-24,TMIN,39
ARM00087765,2009-06-28,TMIN,20
ARM00087765,2006-09-19,TMAX,165
ARM00087765,2014-05-30,TMIN,17
ARM00087765,2006-08-12,TMIN,1
ARM00087765,2007-03-24,TMIN,-28
ARM00087765,2013-06-04,TMAX,151
ARM00087765,2010-08-04,TMAX,47
ARM00087765,2010-08-04,TMIN,-70
ARM00087765,2010-07-07,TMAX,56
ARM00087765,2008-05-10,TMAX,132
ARM00087765,2005-12-30,TMAX,240
ARM00087765,2005-12-30,TMIN,61
ARM00087765,2011-03-05,TMIN,121
ARM00087765,2008-10-21,TMIN,2
ARM00087765,2010-07-04,TMAX,95
ARM00087765,2008-10-21,TMAX,120
ARM00087765,2005-03-31,TMAX,181
ARM00087765,2008-06-05,TMIN,5
ARM00087765,2008-05-21,TMIN,12
ARM00087765,2009-03-26,TMAX,220
ARM00087765,2008-05-10,TMIN,-80
ARM00087765,2015-06-26,TMIN,32
ARM00087765,2008-11-20,TMAX,258
ARM00087765,2010-12-12,TMIN,28
ARM00087765,2008-11-20,TMIN,45
ARM00087765,2008-12-04,TMAX,286
ARM00087765,2005-08-11,TMIN,-3
ARM00087765,2005-08-11,TMAX,97
ARM00087765,2009-03-13,TMIN,90
ARM00087765,2013-06-04,TMIN,90
ARM00087765,2014-08-17,TMIN,78
ARM00087765,2008-04-20,TMIN,82
ARM00087765,2008-05-21,TMAX,110
ARM00087765,2008-05-01,TMIN,-11
ARM00087765,2005-07-13,TMIN,-34
ARM00087765,2012-12-01,TMIN,25
ARM00087765,2007-12-09,TMIN,50
ARM00087765,2007-12-09,TMAX,132
ARM00087765,2014-10-13,TMIN,41
ARM00087765,2005-04-14,TMAX,167
ARM00087765,2015-07-04,TMIN,-49
ARM00087765,2015-07-04,TMAX,91
ARM00087765,2006-06-13,TMIN,26
ARM00087765,2006-06-13,TMAX,85
ARM00087765,2010-08-11,TMIN,-97
ARM00087765,2008-08-25,TMIN,29
ARM00087765,2007-07-28,TMIN,-50
ARM00087765,2015-02-03,TMIN,123
ARM00087765,2006-03-21,TMAX,185
ARM00087765,2006-03-21,TMIN,43
ARM00087765,2014-10-03,TMIN,51
ARM00087765,2014-10-03,TMAX,107
ARM00087765,2010-08-11,TMAX,128
ARM00087765,2012-03-09,TMAX,278
ARM00087765,2008-08-03,TMIN,7
ARM00087765,2007-12-20,TMIN,50
ARM00087765,2005-03-11,TMIN,90
ARM00087765,2007-12-20,TMAX,256
ARM00087765,2011-01-08,TMAX,240
ARM00087765,2006-09-25,TMAX,160
ARM00087765,2010-07-31,TMAX,58
ARM00087765,2012-10-17,TMIN,-18
ARM00087765,2009-08-31,TMIN,-32
ARM00087765,2006-10-30,TMAX,116
ARM00087765,2015-01-30,TMIN,59
ARM00087765,2010-12-03,TMIN,-15
ARM00087765,2012-11-16,TMIN,99
ARM00087765,2012-09-28,TMIN,-2
ARM00087765,2005-06-22,TMIN,9
ARM00087765,2013-02-10,TMAX,284
ARM00087765,2014-10-29,TMIN,1
ARM00087765,2014-11-23,TMAX,183
ARM00087765,2005-03-18,TMIN,-22
ARM00087765,2012-07-06,TMIN,-30
ARM00087765,2013-12-15,TMIN,59
ARM00087765,2013-10-20,TMAX,153
ARM00087765,2010-06-28,TMIN,42
ARM00087765,2013-02-10,TMIN,129
ARM00087765,2006-04-21,TMIN,40
ARM00087765,2014-03-28,TMAX,243
ARM00087765,2012-07-02,TMAX,50
ARM00087765,2013-07-19,TMIN,-105
ARM00087765,2012-07-02,TMIN,-14
ARM00087765,2014-03-28,TMIN,60
ARM00087765,2006-04-02,TMIN,-17
ARM00087765,2006-09-25,TMIN,21
ARM00087765,2010-04-09,TMIN,58
ARM00087765,2009-12-01,TMIN,38
ARM00087765,2011-01-08,TMIN,40
ARM00087765,2008-07-24,TMIN,-47
ARM00087765,2006-08-06,TMAX,86
ARM00087765,2006-08-06,TMIN,-24
ARM00087765,2007-12-02,TMIN,50
ARM00087765,2005-08-03,TMIN,5
ARM00087765,2007-07-21,TMAX,75
ARM00087765,2006-10-03,TMAX,136
ARM00087765,2005-08-29,TMAX,40
ARM00087765,2006-11-10,TMIN,78
ARM00087765,2005-08-29,TMIN,-15
ARM00087765,2007-11-02,TMIN,60
ARM00087765,2006-10-03,TMIN,15
ARM00087765,2013-07-05,TMAX,60
ARM00087765,2005-05-31,TMIN,39
ARM00087765,2007-11-02,TMAX,150
ARM00087765,2005-09-03,TMIN,14
ARM00087765,2005-04-20,TMIN,-32
ARM00087765,2010-12-18,TMIN,-15
ARM00087765,2014-09-15,TMIN,-51
ARM00087765,2012-12-07,TMIN,71
ARM00087765,2005-09-19,TMAX,175
ARM00087765,2013-09-04,TMIN,-16
ARM00087765,2012-07-04,TMAX,31
ARM00087765,2015-07-20,TMAX,30
ARM00087765,2009-08-23,TMIN,0
ARM00087765,2009-09-30,TMIN,-15
ARM00087765,2005-04-14,TMIN,-15
ARM00087765,2009-08-23,TMAX,160
ARM00087765,2009-02-11,TMAX,202
ARM00087765,2008-07-24,TMAX,72
ARM00087765,2006-11-28,TMIN,60
ARM00087765,2006-11-28,TMAX,182
ARM00087765,2010-09-17,TMIN,-70
ARM00087765,2008-08-25,TMAX,102
ARM00087765,2015-07-21,TMAX,145
ARM00087765,2010-07-31,TMIN,-2
ARM00087765,2010-07-24,TMIN,-12
ARM00087765,2012-05-16,TMIN,25
ARM00087765,2006-07-14,TMIN,-66
ARM00087765,2013-03-13,TMAX,164
ARM00087765,2014-09-02,TMIN,30
ARM00087765,2007-07-08,TMAX,-5
ARM00087765,2015-07-21,TMIN,-19
ARM00087765,2015-03-28,TMIN,62
ARM00087765,2006-10-08,TMAX,126
ARM00087765,2006-09-23,TMIN,-5
ARM00087765,2012-03-06,TMIN,9
ARM00087765,2013-03-13,TMIN,18
ARM00087765,2008-02-14,TMIN,89
ARM00087765,2010-08-23,TMIN,10
ARM00087765,2010-08-23,TMAX,80
ARM00087765,2005-08-03,TMAX,57
ARM00087765,2012-09-28,TMAX,172
ARM00087765,2009-08-28,TMAX,155
ARM00087765,2014-08-23,TMIN,18
ARM00087765,2007-11-30,TMIN,68
ARM00087765,2015-07-08,TMAX,81
ARM00087765,2008-02-25,TMAX,296
ARM00087765,2013-11-11,TMIN,68
ARM00087765,2014-07-04,TMAX,81
ARM00087765,2009-08-12,TMAX,115
ARM00087765,2008-07-18,TMAX,39
ARM00087765,2010-05-11,TMAX,173
ARM00087765,2013-07-04,TMAX,60
ARM00087765,2012-03-27,TMIN,-11
ARM00087765,2006-12-27,TMAX,142
ARM00087765,2008-07-18,TMIN,2
ARM00087765,2006-12-27,TMIN,25
ARM00087765,2007-02-10,TMIN,82
ARM00087765,2005-09-24,TMIN,30
ARM00087765,2013-11-11,TMAX,175
ARM00087765,2007-02-10,TMAX,270
ARM00087765,2005-09-24,TMAX,120
ARM00087765,2010-11-02,TMAX,250
ARM00087765,2010-11-02,TMIN,52
ARM00087765,2007-10-19,TMAX,156
ARM00087765,2012-10-16,TMIN,-18
ARM00087765,2007-10-19,TMIN,23
ARM00087765,2007-03-04,TMIN,30
ARM00087765,2011-10-25,TMIN,-45
ARM00087765,2009-12-14,TMIN,60
ARM00087765,2015-01-12,TMAX,212
ARM00087765,2007-02-12,TMAX,270
ARM00087765,2008-01-30,TMIN,108
ARM00087765,2007-02-12,TMIN,123
ARM00087765,2011-04-07,TMAX,209
ARM00087765,2008-05-06,TMAX,135
ARM00087765,2013-05-31,TMIN,34
ARM00087765,2011-04-07,TMIN,0
ARM00087765,2015-03-26,TMIN,44
ARM00087765,2007-07-15,TMIN,10
ARM00087765,2011-01-24,TMAX,328
ARM00087765,2011-01-24,TMIN,105
ARM00087765,2015-06-09,TMIN,9
ARM00087765,2007-07-15,TMAX,68
ARM00087765,2010-02-24,TMIN,30
ARM00087765,2008-02-25,TMIN,66
ARM00087765,2008-05-06,TMIN,32
ARM00087765,2006-10-15,TMIN,-6
ARM00087765,2008-02-20,TMIN,35
ARM00087765,2012-07-03,TMIN,-9
ARM00087765,2015-07-08,TMIN,34
ARM00087765,2008-02-20,TMAX,274
ARM00087765,2010-05-15,TMAX,90
ARM00087765,2015-08-25,TMIN,24
ARM00087765,2008-08-29,TMIN,21
ARM00087765,2012-12-06,TMIN,54
ARM00087765,2007-09-20,TMAX,90
ARM00087765,2007-09-20,TMIN,9
ARM00087765,2006-05-06,TMAX,130
ARM00087765,2007-12-22,TMIN,18
ARM00087765,2012-09-25,TMAX,156
ARM00087765,2012-09-25,TMIN,7
ARM00087765,2013-07-23,TMIN,-70
ARM00087765,2009-05-05,TMIN,2
ARM00087765,2010-03-16,TMAX,220
ARM00087765,2006-01-27,TMAX,300
ARM00087765,2015-11-10,TMIN,-9
ARM00087765,2006-01-27,TMIN,30
ARM00087765,2005-10-13,TMIN,20
ARM00087765,2008-10-28,TMIN,49
ARM00087765,2014-10-08,TMAX,141
ARM00087765,2008-10-28,TMAX,176
ARM00087765,2012-11-16,TMAX,210
ARM00087765,2014-05-06,TMAX,112
ARM00087765,2007-06-07,TMAX,114
ARM00087765,2009-02-11,TMIN,82
ARM00087765,2015-05-08,TMAX,134
ARM00087765,2010-11-23,TMAX,198
ARM00087765,2015-05-08,TMIN,16
ARM00087765,2014-04-03,TMIN,54
ARM00087765,2014-10-29,TMAX,128
ARM00087765,2010-03-16,TMIN,72
ARM00087765,2006-05-06,TMIN,26
ARM00087765,2014-06-25,TMAX,79
ARM00087765,2007-01-06,TMIN,55
ARM00087765,2015-10-11,TMIN,-32
ARM00087765,2011-01-18,TMIN,80
ARM00087765,2011-01-18,TMAX,150
ARM00087765,2012-12-06,TMAX,133
ARM00087765,2012-06-15,TMIN,-70
ARM00087765,2008-09-07,TMAX,80
ARM00087765,2005-04-12,TMIN,-12
ARM00087765,2014-02-26,TMIN,49
ARM00087765,2008-09-07,TMIN,-14
ARM00087765,2011-06-28,TMIN,35
ARM00087765,2010-11-23,TMIN,75
ARM00087765,2015-07-20,TMIN,-63
ARM00087765,2012-10-10,TMIN,0
ARM00087765,2013-03-30,TMIN,40
ARM00087765,2007-07-25,TMIN,10
ARM00087765,2012-06-02,TMIN,50
ARM00087765,2012-06-02,TMAX,100
ARM00087765,2013-03-30,TMAX,223
ARM00087765,2014-06-25,TMIN,-71
ARM00087765,2007-11-08,TMIN,15
ARM00087765,2006-10-30,TMIN,18
ARM00087765,2005-10-11,TMAX,150
ARM00087765,2011-04-22,TMAX,100
ARM00087765,2011-04-22,TMIN,6
ARM00087765,2007-11-08,TMAX,186
ARM00087765,2006-06-05,TMAX,78
ARM00087765,2006-03-04,TMIN,0
ARM00087765,2006-10-09,TMIN,30
ARM00087765,2011-04-30,TMIN,-61
ARM00087765,2009-03-27,TMAX,212
ARM00087765,2009-03-27,TMIN,42
ARM00087765,2011-02-20,TMIN,70
ARM00087765,2011-02-20,TMAX,264
ARM00087765,2009-12-16,TMAX,245
ARM00087765,2006-06-14,TMIN,-24
ARM00087765,2010-12-19,TMAX,144
ARM00087765,2010-12-19,TMIN,46
ARM00087765,2009-12-16,TMIN,30
ARM00087765,2009-06-08,TMAX,104
ARM00087765,2009-07-26,TMIN,-50
ARM00087765,2015-10-23,TMAX,141
ARM00087765,2006-07-10,TMIN,6
ARM00087765,2008-10-04,TMIN,18
ARM00087765,2008-07-09,TMAX,69
ARM00087765,2008-07-09,TMIN,-30
ARM00087765,2006-07-10,TMAX,70
ARM00087765,2008-01-28,TMIN,99
ARM00087765,2010-08-16,TMIN,-40
ARM00087765,2008-10-13,TMIN,50
ARM00087765,2009-07-31,TMIN,-27
ARM00087765,2012-03-19,TMAX,204
ARM00087765,2005-11-21,TMIN,86
ARM00087765,2008-10-13,TMAX,145
ARM00087765,2012-02-07,TMIN,118
ARM00087765,2012-02-07,TMAX,236
ARM00087765,2015-07-18,TMIN,-19
ARM00087765,2006-07-09,TMIN,10
ARM00087765,2008-01-03,TMIN,6
ARM00087765,2007-07-13,TMIN,-5
ARM00087765,2005-10-15,TMIN,20
ARM00087765,2005-10-15,TMAX,184
ARM00087765,2006-04-29,TMIN,-28
ARM00087765,2005-03-04,TMAX,235
ARM00087765,2015-07-26,TMIN,39
ARM00087765,2006-05-19,TMIN,-74
ARM00087765,2005-12-01,TMIN,4
ARM00087765,2007-07-11,TMIN,-134
ARM00087765,2006-06-14,TMAX,80
ARM00087765,2014-03-29,TMAX,196
ARM00087765,2015-07-26,TMAX,85
ARM00087765,2007-11-03,TMIN,70
ARM00087765,2009-07-26,TMAX,68
ARM00087765,2011-07-02,TMIN,-100
ARM00087765,2011-02-23,TMAX,215
ARM00087765,2011-02-23,TMIN,80
ARM00087765,2011-07-02,TMAX,50
ARM00087765,2006-08-03,TMIN,-12
ARM00087765,2007-11-03,TMAX,160
ARM00087765,2010-01-31,TMIN,-5
ARM00087765,2008-11-04,TMAX,194
ARM00087765,2012-03-19,TMIN,72
ARM00087765,2014-04-15,TMIN,106
ARM00087765,2012-01-22,TMAX,266
ARM00087765,2012-01-22,TMIN,115
ARM00087765,2013-02-01,TMAX,265
ARM00087765,2012-08-16,TMIN,34
ARM00087765,2010-04-01,TMIN,50
ARM00087765,2012-02-21,TMIN,4
ARM00087765,2009-11-16,TMIN,66
ARM00087765,2009-11-16,TMAX,150
ARM00087765,2010-04-01,TMAX,145
ARM00087765,2008-12-23,TMIN,44
ARM00087765,2005-11-19,TMIN,42
ARM00087765,2014-10-23,TMIN,7
ARM00087765,2011-06-12,TMAX,65
ARM00087765,2011-06-12,TMIN,-2
ARM00087765,2005-06-05,TMIN,18
ARM00087765,2013-08-10,TMIN,-43
ARM00087765,2006-06-05,TMIN,-1
ARM00087765,2011-12-14,TMIN,115
ARM00087765,2011-02-25,TMIN,37
ARM00087765,2005-07-13,TMAX,67
ARM00087765,2008-10-30,TMIN,-10
ARM00087765,2008-03-27,TMIN,-48
ARM00087765,2005-12-28,TMIN,98
ARM00087765,2015-04-26,TMAX,215
ARM00087765,2011-03-19,TMIN,-12
ARM00087765,2012-01-07,TMAX,338
ARM00087765,2007-08-22,TMAX,85
ARM00087765,2009-01-06,TMIN,90
ARM00087765,2008-04-10,TMIN,45
ARM00087765,2011-09-22,TMAX,142
ARM00087765,2008-04-10,TMAX,143
ARM00087765,2007-01-17,TMIN,90
ARM00087765,2011-09-22,TMIN,25
ARM00087765,2014-11-05,TMAX,149
ARM00087765,2012-09-11,TMAX,137
ARM00087765,2006-04-08,TMIN,-26
ARM00087765,2012-09-11,TMIN,-53
ARM00087765,2007-01-17,TMAX,295
ARM00087765,2014-11-05,TMIN,49
ARM00087765,2011-03-24,TMIN,-3
ARM00087765,2009-06-16,TMAX,85
ARM00087765,2005-10-04,TMIN,33
ARM00087765,2009-04-27,TMIN,-8
ARM00087765,2012-03-28,TMAX,196
ARM00087765,2012-03-28,TMIN,-11
ARM00087765,2007-04-21,TMAX,112
ARM00087765,2014-04-14,TMIN,5
ARM00087765,2013-02-01,TMIN,120
ARM00087765,2015-04-26,TMIN,19
ARM00087765,2008-03-28,TMIN,-33
ARM00087765,2007-08-22,TMIN,-57
ARM00087765,2008-08-19,TMIN,6
ARM00087765,2005-03-03,TMAX,227
ARM00087765,2006-07-09,TMAX,68
ARM00087765,2011-05-07,TMIN,-9
ARM00087765,2013-08-08,TMIN,4
ARM00087765,2012-06-07,TMIN,-117
ARM00087765,2015-05-01,TMAX,157
ARM00087765,2015-05-01,TMIN,46
ARM00087765,2015-05-10,TMIN,-13
ARM00087765,2014-12-13,TMIN,-9
ARM00087765,2011-05-11,TMIN,15
ARM00087765,2005-01-20,TMIN,50
ARM00087765,2010-04-14,TMIN,-71
ARM00087765,2014-11-29,TMAX,161
ARM00087765,2006-08-05,TMIN,-27
ARM00087765,2014-11-29,TMIN,11
ARM00087765,2012-12-12,TMIN,70
ARM00087765,2005-03-03,TMIN,105
ARM00087765,2014-07-19,TMAX,124
ARM00087765,2008-11-04,TMIN,90
ARM00087765,2014-05-18,TMIN,-11
ARM00087765,2010-10-11,TMIN,-12
ARM00087765,2009-07-11,TMIN,-70
ARM00087765,2014-05-18,TMAX,107
ARM00087765,2011-05-11,TMAX,115
ARM00087765,2015-01-11,TMAX,211
ARM00087765,2011-05-07,TMAX,160
ARM00087765,2007-06-05,TMAX,122
ARM00087765,2007-06-30,TMAX,86
ARM00087765,2007-12-26,TMIN,79
ARM00087765,2010-02-19,TMIN,70
ARM00087765,2014-05-20,TMIN,14
ARM00087765,2014-12-19,TMAX,176
ARM00087765,2015-06-15,TMIN,22
ARM00087765,2006-02-19,TMIN,40
ARM00087765,2005-08-09,TMIN,-44
ARM00087765,2005-09-19,TMIN,22
ARM00087765,2007-09-16,TMIN,14
ARM00087765,2012-11-10,TMIN,-14
ARM00087765,2006-12-16,TMIN,52
ARM00087765,2006-12-16,TMAX,140
ARM00087765,2007-03-07,TMAX,250
ARM00087765,2007-05-23,TMAX,110
ARM00087765,2007-05-23,TMIN,-15
ARM00087765,2008-07-06,TMAX,104
ARM00087765,2013-11-25,TMIN,-44
ARM00087765,2007-10-11,TMIN,50
ARM00087765,2007-04-10,TMIN,5
ARM00087765,2007-12-28,TMAX,274
ARM00087765,2007-12-28,TMIN,115
ARM00087765,2015-04-04,TMIN,88
ARM00087765,2007-05-11,TMAX,105
ARM00087765,2007-05-11,TMIN,-66
ARM00087765,2007-06-30,TMIN,-13
ARM00087765,2007-06-05,TMIN,-70
ARM00087765,2011-08-16,TMAX,60
ARM00087765,2007-05-08,TMIN,-64
ARM00087765,2013-05-24,TMAX,135
ARM00087765,2015-05-02,TMAX,123
ARM00087765,2008-05-07,TMAX,114
ARM00087765,2011-04-11,TMAX,221
ARM00087765,2011-04-11,TMIN,50
ARM00087765,2010-11-16,TMIN,25
ARM00087765,2013-06-25,TMIN,2
ARM00087765,2011-06-13,TMIN,-30
ARM00087765,2013-04-18,TMIN,-8
ARM00087765,2011-06-13,TMAX,65
ARM00087765,2014-03-20,TMIN,21
ARM00087765,2014-03-20,TMAX,206
ARM00087765,2011-12-06,TMIN,45
ARM00087765,2015-09-21,TMIN,20
ARM00087765,2013-05-24,TMIN,85
ARM00087765,2015-10-12,TMIN,21
ARM00087765,2005-09-28,TMAX,145
ARM00087765,2005-09-28,TMIN,22
ARM00087765,2015-09-25,TMIN,-4
ARM00087765,2015-10-12,TMAX,157
ARM00087765,2005-03-04,TMIN,99
ARM00087765,2005-09-13,TMAX,124
ARM00087765,2005-09-13,TMIN,-48
ARM00087765,2010-01-22,TMIN,52
ARM00087765,2010-10-10,TMIN,-28
ARM00087765,2015-08-13,TMIN,-10
ARM00087765,2006-06-18,TMIN,28
ARM00087765,2011-08-16,TMIN,-22
ARM00087765,2014-10-04,TMIN,37
ARM00087765,2008-03-01,TMIN,50
ARM00087765,2013-10-03,TMIN,26
ARM00087765,2007-07-13,TMAX,37
ARM00087765,2006-08-20,TMAX,134
ARM00087765,2009-07-08,TMIN,-5
ARM00087765,2006-08-20,TMIN,-14
ARM00087765,2008-03-01,TMAX,209
ARM00087765,2010-06-30,TMIN,26
ARM00087765,2006-12-03,TMIN,-33
ARM00087765,2009-08-28,TMIN,45
ARM00087765,2012-11-29,TMIN,86
ARM00087765,2012-11-29,TMAX,239
ARM00087765,2006-07-18,TMIN,22
ARM00087765,2006-07-18,TMAX,73
ARM00087765,2013-11-06,TMIN,36
ARM00087765,2010-06-30,TMAX,106
ARM00087765,2015-05-02,TMIN,-15
ARM00087765,2008-05-07,TMIN,-64
ARM00087765,2011-12-05,TMIN,9
ARM00087765,2015-08-13,TMAX,78
ARM00087765,2012-12-12,TMAX,155
ARM00087765,2006-06-18,TMAX,60
ARM00087765,2013-11-06,TMAX,152
ARM00087765,2005-07-07,TMIN,-6
ARM00087765,2010-02-16,TMIN,54
ARM00087765,2014-03-16,TMIN,56
ARM00087765,2006-09-03,TMIN,-45
ARM00087765,2012-04-07,TMIN,104
ARM00087765,2010-10-14,TMIN,-27
ARM00087765,2011-10-03,TMIN,-34
ARM00087765,2011-05-28,TMAX,110
ARM00087765,2011-06-23,TMIN,-25
ARM00087765,2015-08-22,TMIN,10
ARM00087765,2005-02-25,TMAX,272
ARM00087765,2010-10-14,TMAX,141
ARM00087765,2006-07-25,TMIN,17
ARM00087765,2014-04-24,TMIN,25
ARM00087765,2015-08-22,TMAX,106
ARM00087765,2005-07-02,TMIN,29
ARM00087765,2009-07-07,TMAX,68
ARM00087765,2014-04-24,TMAX,193
ARM00087765,2015-01-06,TMIN,76
ARM00087765,2007-11-11,TMIN,18
ARM00087765,2008-11-05,TMIN,84
ARM00087765,2006-10-26,TMIN,28
ARM00087765,2015-04-19,TMAX,132
ARM00087765,2007-11-11,TMAX,122
ARM00087765,2014-12-27,TMAX,241
ARM00087765,2005-02-19,TMAX,278
ARM00087765,2015-02-09,TMAX,170
ARM00087765,2010-12-01,TMAX,165
ARM00087765,2007-08-25,TMIN,-40
ARM00087765,2011-10-19,TMAX,160
ARM00087765,2011-06-29,TMAX,105
ARM00087765,2008-03-21,TMIN,105
ARM00087765,2008-08-16,TMIN,0
ARM00087765,2008-08-16,TMAX,70
ARM00087765,2011-04-26,TMIN,-6
ARM00087765,2015-03-11,TMIN,26
ARM00087765,2006-01-18,TMAX,299
ARM00087765,2009-10-10,TMAX,166
ARM00087765,2015-06-02,TMAX,125
ARM00087765,2006-01-18,TMIN,52
ARM00087765,2009-12-07,TMIN,80
ARM00087765,2014-01-09,TMAX,176
ARM00087765,2014-02-20,TMIN,11
ARM00087765,2014-01-09,TMIN,95
ARM00087765,2005-02-25,TMIN,104
ARM00087765,2015-06-02,TMIN,66
ARM00087765,2015-01-06,TMAX,210
ARM00087765,2011-10-19,TMIN,19
ARM00087765,2014-08-30,TMIN,29
ARM00087765,2014-08-30,TMAX,121
ARM00087765,2007-08-25,TMAX,65
ARM00087765,2006-08-10,TMIN,0
ARM00087765,2009-04-08,TMIN,22
ARM00087765,2009-07-07,TMIN,8
ARM00087765,2007-08-23,TMIN,-56
ARM00087765,2010-12-01,TMIN,42
ARM00087765,2008-12-02,TMIN,90
ARM00087765,2007-12-17,TMAX,281
ARM00087765,2009-04-18,TMIN,-15
ARM00087765,2009-01-24,TMAX,290
ARM00087765,2015-04-19,TMIN,51
ARM00087765,2007-06-10,TMAX,49
ARM00087765,2007-06-10,TMIN,-2
ARM00087765,2015-11-02,TMAX,235
ARM00087765,2015-11-02,TMIN,-23
ARM00087765,2010-11-29,TMAX,218
ARM00087765,2009-01-02,TMIN,29
ARM00087765,2009-01-02,TMAX,280
ARM00087765,2007-12-17,TMIN,43
ARM00087765,2009-09-06,TMAX,90
ARM00087765,2013-10-28,TMIN,-14
ARM00087765,2005-04-30,TMIN,40
ARM00087765,2009-09-06,TMIN,2
ARM00087765,2015-02-18,TMAX,226
ARM00087765,2014-10-22,TMAX,180
ARM00087765,2013-10-28,TMAX,226
ARM00087765,2015-02-18,TMIN,21
ARM00087765,2014-05-26,TMIN,52
ARM00087765,2006-05-14,TMIN,-28
ARM00087765,2005-08-04,TMAX,55
ARM00087765,2010-08-20,TMAX,122
ARM00087765,2005-07-02,TMAX,86
ARM00087765,2007-04-08,TMAX,166
ARM00087765,2008-02-03,TMAX,292
ARM00087765,2010-04-17,TMIN,70
ARM00087765,2015-09-22,TMIN,33
ARM00087765,2007-04-08,TMIN,-15
ARM00087765,2005-05-28,TMIN,25
ARM00087765,2006-04-03,TMAX,250
ARM00087765,2006-04-03,TMIN,30
ARM00087765,2009-11-24,TMIN,50
ARM00087765,2008-03-14,TMAX,274
ARM00087765,2008-03-14,TMIN,110
ARM00087765,2008-02-11,TMIN,93
ARM00087765,2014-12-22,TMIN,-12
ARM00087765,2006-05-30,TMAX,80
ARM00087765,2010-04-18,TMIN,40
ARM00087765,2010-04-18,TMAX,120
ARM00087765,2015-11-19,TMIN,-9
ARM00087765,2011-04-25,TMIN,3
ARM00087765,2007-01-07,TMIN,102
ARM00087765,2015-11-19,TMAX,101
ARM00087765,2012-12-03,TMIN,70
ARM00087765,2010-04-17,TMAX,150
ARM00087765,2010-08-15,TMIN,-54
ARM00087765,2010-11-29,TMIN,65
ARM00087765,2010-10-29,TMIN,5
ARM00087765,2010-08-20,TMIN,-40
ARM00087765,2010-02-22,TMAX,240
ARM00087765,2009-08-17,TMAX,50
ARM00087765,2007-03-30,TMAX,245
ARM00087765,2009-06-12,TMAX,82
ARM00087765,2009-06-12,TMIN,-83
ARM00087765,2009-05-22,TMIN,40
ARM00087765,2012-07-28,TMAX,70
ARM00087765,2011-12-20,TMIN,80
ARM00087765,2015-12-13,TMIN,86
ARM00087765,2011-12-20,TMAX,185
ARM00087765,2012-04-17,TMIN,72
ARM00087765,2013-11-30,TMIN,24
ARM00087765,2011-03-29,TMAX,200
ARM00087765,2008-09-19,TMIN,-32
ARM00087765,2011-03-29,TMIN,-21
ARM00087765,2014-04-26,TMAX,165
ARM00087765,2007-07-18,TMIN,10
ARM00087765,2006-01-05,TMIN,120
ARM00087765,2006-01-05,TMAX,195
ARM00087765,2008-09-19,TMAX,136
ARM00087765,2010-06-08,TMIN,-75
ARM00087765,2008-12-20,TMAX,195
ARM00087765,2006-03-07,TMAX,170
ARM00087765,2008-05-08,TMIN,-50
ARM00087765,2005-03-10,TMIN,60
ARM00087765,2014-09-23,TMAX,93
ARM00087765,2012-05-01,TMAX,142
ARM00087765,2006-03-07,TMIN,80
ARM00087765,2010-11-18,TMIN,51
ARM00087765,2012-05-01,TMIN,45
ARM00087765,2007-07-07,TMAX,12
ARM00087765,2014-12-29,TMIN,96
ARM00087765,2008-10-20,TMIN,34
ARM00087765,2010-02-14,TMIN,-30
ARM00087765,2013-12-19,TMIN,47
ARM00087765,2005-05-10,TMIN,6
ARM00087765,2014-12-29,TMAX,238
ARM00087765,2008-07-25,TMIN,-30
ARM00087765,2008-07-25,TMAX,78
ARM00087765,2005-05-10,TMAX,120
ARM00087765,2009-04-21,TMIN,8
ARM00087765,2008-10-20,TMAX,130
ARM00087765,2011-08-20,TMIN,-48
ARM00087765,2010-06-08,TMAX,65
ARM00087765,2007-10-25,TMIN,25
ARM00087765,2010-03-25,TMIN,10
ARM00087765,2015-08-03,TMIN,1
ARM00087765,2007-10-25,TMAX,197
ARM00087765,2010-04-29,TMIN,-40
ARM00087765,2010-02-25,TMIN,60
ARM00087765,2015-12-13,TMAX,174
ARM00087765,2010-11-18,TMAX,210
ARM00087765,2013-10-05,TMIN,-40
ARM00087765,2012-10-12,TMAX,200
ARM00087765,2013-11-10,TMIN,-17
ARM00087765,2015-09-08,TMAX,94
ARM00087765,2008-09-12,TMIN,-65
ARM00087765,2014-08-26,TMIN,-52
ARM00087765,2014-10-11,TMIN,21
ARM00087765,2010-09-24,TMAX,165
ARM00087765,2011-06-21,TMIN,-4
ARM00087765,2014-10-11,TMAX,146
ARM00087765,2011-10-08,TMIN,48
ARM00087765,2010-12-04,TMIN,60
ARM00087765,2009-05-30,TMAX,110
ARM00087765,2013-03-06,TMIN,46
ARM00087765,2013-03-06,TMAX,201
ARM00087765,2015-12-28,TMIN,101
ARM00087765,2012-07-01,TMAX,74
ARM00087765,2008-04-24,TMAX,185
ARM00087765,2007-02-22,TMIN,48
ARM00087765,2007-02-22,TMAX,170
ARM00087765,2008-10-12,TMIN,2
ARM00087765,2008-04-24,TMIN,-53
ARM00087765,2009-01-14,TMAX,222
ARM00087765,2015-12-28,TMAX,259
ARM00087765,2010-03-03,TMIN,53
ARM00087765,2014-06-18,TMIN,-29
ARM00087765,2007-08-23,TMAX,90
ARM00087765,2007-03-30,TMIN,-16
ARM00087765,2006-08-10,TMAX,36
ARM00087765,2007-07-09,TMIN,-188
ARM00087765,2006-04-25,TMIN,90
ARM00087765,2005-05-21,TMIN,8
ARM00087765,2009-07-13,TMIN,0
ARM00087765,2008-04-13,TMIN,-60
ARM00087765,2010-08-06,TMIN,-20
ARM00087765,2012-07-31,TMIN,-100
ARM00087765,2008-08-06,TMAX,30
ARM00087765,2012-07-11,TMIN,-2
ARM00087765,2015-06-20,TMIN,-24
ARM00087765,2007-04-07,TMIN,4
ARM00087765,2013-12-07,TMIN,21
ARM00087765,2008-08-06,TMIN,-18
ARM00087765,2011-11-16,TMAX,282
ARM00087765,2014-01-20,TMIN,137
ARM00087765,2011-11-16,TMIN,118
ARM00087765,2014-07-02,TMAX,76
ARM00087765,2007-04-07,TMAX,202
ARM00087765,2015-11-18,TMIN,19
ARM00087765,2014-06-01,TMIN,60
ARM00087765,2006-11-01,TMIN,42
ARM00087765,2013-03-28,TMIN,-4
ARM00087765,2013-09-15,TMIN,-11
ARM00087765,2012-11-13,TMIN,84
ARM00087765,2009-09-13,TMIN,25
ARM00087765,2010-09-24,TMIN,-84
ARM00087765,2014-02-10,TMIN,57
ARM00087765,2015-11-18,TMAX,116
ARM00087765,2015-04-07,TMIN,70
ARM00087765,2006-07-07,TMIN,12
ARM00087765,2008-11-01,TMAX,200
ARM00087765,2007-04-23,TMIN,10
ARM00087765,2005-11-28,TMAX,135
ARM00087765,2010-10-28,TMIN,44
ARM00087765,2010-10-28,TMAX,136
ARM00087765,2011-07-15,TMIN,-25
ARM00087765,2011-07-15,TMAX,54
ARM00087765,2011-07-05,TMIN,-115
ARM00087765,2010-05-04,TMIN,-10
ARM00087765,2010-05-18,TMAX,122
ARM00087765,2009-12-28,TMIN,50
ARM00087765,2008-09-16,TMAX,178
ARM00087765,2012-09-24,TMIN,-24
ARM00087765,2015-09-28,TMIN,27
ARM00087765,2008-09-16,TMIN,-15
ARM00087765,2015-12-08,TMIN,-19
ARM00087765,2015-12-08,TMAX,206
ARM00087765,2013-09-05,TMIN,33
ARM00087765,2012-05-09,TMIN,12
ARM00087765,2011-08-15,TMAX,71
ARM00087765,2012-11-18,TMAX,220
ARM00087765,2005-12-29,TMIN,65
ARM00087765,2005-05-17,TMAX,56
ARM00087765,2005-12-29,TMAX,236
ARM00087765,2013-07-13,TMAX,85
ARM00087765,2012-11-18,TMIN,52
ARM00087765,2007-04-23,TMAX,114
ARM00087765,2005-03-15,TMIN,98
ARM00087765,2012-08-15,TMAX,90
ARM00087765,2007-11-23,TMIN,5
ARM00087765,2012-08-15,TMIN,29
ARM00087765,2011-07-05,TMAX,82
ARM00087765,2008-08-11,TMAX,70
ARM00087765,2008-12-27,TMAX,260
ARM00087765,2006-07-03,TMIN,28
ARM00087765,2008-12-27,TMIN,120
ARM00087765,2014-05-15,TMAX,138
ARM00087765,2010-12-16,TMIN,89
ARM00087765,2014-05-15,TMIN,33
ARM00087765,2015-09-28,TMAX,103
ARM00087765,2010-12-16,TMAX,238
ARM00087765,2008-06-02,TMAX,68
ARM00087765,2008-06-02,TMIN,-30
ARM00087765,2012-02-05,TMIN,80
ARM00087765,2012-01-23,TMAX,250
ARM00087765,2014-10-21,TMIN,86
ARM00087765,2015-10-25,TMAX,127
ARM00087765,2005-11-28,TMIN,30
ARM00087765,2015-04-22,TMIN,-53
ARM00087765,2012-01-23,TMIN,75
ARM00087765,2006-07-03,TMAX,102
ARM00087765,2011-03-18,TMIN,-15
ARM00087765,2010-02-08,TMIN,75
ARM00087765,2005-11-11,TMIN,-2
ARM00087765,2007-09-29,TMIN,-50
ARM00087765,2005-06-02,TMAX,94
ARM00087765,2011-05-08,TMIN,-50
ARM00087765,2006-09-20,TMIN,27
ARM00087765,2006-09-11,TMIN,20
ARM00087765,2009-03-16,TMAX,231
ARM00087765,2009-03-16,TMIN,40
ARM00087765,2006-06-17,TMIN,20
ARM00087765,2014-12-11,TMIN,41
ARM00087765,2011-05-08,TMAX,127
ARM00087765,2006-06-17,TMAX,95
ARM00087765,2011-07-29,TMAX,40
ARM00087765,2014-12-11,TMAX,217
ARM00087765,2007-10-16,TMIN,33
ARM00087765,2012-05-15,TMAX,131
ARM00087765,2013-03-10,TMIN,108
ARM00087765,2010-03-13,TMIN,77
ARM00087765,2014-03-30,TMAX,129
ARM00087765,2010-03-13,TMAX,170
ARM00087765,2014-03-30,TMIN,10
ARM00087765,2011-06-07,TMIN,24
ARM00087765,2015-03-12,TMAX,271
ARM00087765,2011-10-01,TMAX,140
ARM00087765,2011-10-01,TMIN,6
ARM00087765,2011-09-18,TMIN,-25
ARM00087765,2005-11-24,TMIN,25
ARM00087765,2011-05-10,TMAX,160
ARM00087765,2014-12-24,TMAX,194
ARM00087765,2014-11-27,TMIN,37
ARM00087765,2012-01-21,TMIN,90
ARM00087765,2013-05-12,TMAX,100
ARM00087765,2006-01-22,TMAX,268
ARM00087765,2006-01-22,TMIN,102
ARM00087765,2013-05-12,TMIN,30
ARM00087765,2010-05-04,TMAX,125
ARM00087765,2011-05-10,TMIN,-20
ARM00087765,2011-10-12,TMIN,-45
ARM00087765,2009-10-27,TMIN,35
ARM00087765,2014-01-29,TMIN,106
ARM00087765,2008-06-19,TMAX,38
ARM00087765,2015-10-25,TMIN,26
ARM00087765,2011-12-30,TMIN,60
ARM00087765,2014-10-05,TMIN,-23
ARM00087765,2015-05-30,TMAX,90
ARM00087765,2013-04-11,TMIN,-11
ARM00087765,2013-04-11,TMAX,140
ARM00087765,2008-06-25,TMIN,3
ARM00087765,2014-06-13,TMIN,-41
ARM00087765,2006-09-20,TMAX,145
ARM00087765,2012-06-17,TMIN,-28
ARM00087765,2010-01-07,TMIN,-16
ARM00087765,2010-01-14,TMIN,-5
ARM00087765,2008-08-28,TMIN,0
ARM00087765,2014-03-02,TMIN,28
ARM00087765,2009-12-26,TMAX,165
ARM00087765,2006-02-02,TMAX,297
ARM00087765,2005-07-30,TMAX,95
ARM00087765,2008-02-08,TMIN,103
ARM00087765,2008-02-08,TMAX,280
ARM00087765,2007-03-22,TMIN,0
ARM00087765,2015-05-03,TMIN,-9
ARM00087765,2005-06-11,TMAX,50
ARM00087765,2006-03-29,TMIN,-30
ARM00087765,2006-03-29,TMAX,208
ARM00087765,2015-05-03,TMAX,105
ARM00087765,2006-12-18,TMIN,80
ARM00087765,2014-09-01,TMIN,20
ARM00087765,2014-09-01,TMAX,149
ARM00087765,2009-08-03,TMAX,120
ARM00087765,2014-09-11,TMIN,-29
ARM00087765,2006-02-02,TMIN,30
ARM00087765,2009-08-03,TMIN,0
ARM00087765,2011-06-01,TMAX,102
ARM00087765,2011-06-01,TMIN,-42
ARM00087765,2007-05-07,TMIN,-76
ARM00087765,2007-05-07,TMAX,100
ARM00087765,2008-04-26,TMAX,124
ARM00087765,2014-05-13,TMIN,35
ARM00087765,2014-05-02,TMIN,-13
ARM00087765,2008-04-26,TMIN,71
ARM00087765,2009-09-23,TMIN,-55
ARM00087765,2013-05-28,TMIN,10
ARM00087765,2014-08-05,TMIN,-10
ARM00087765,2014-01-30,TMAX,239
ARM00087765,2009-05-13,TMIN,-55
ARM00087765,2005-10-01,TMIN,-25
ARM00087765,2011-08-26,TMIN,-6
ARM00087765,2010-02-01,TMAX,210
ARM00087765,2011-11-06,TMIN,20
ARM00087765,2010-02-01,TMIN,65
ARM00087765,2005-10-01,TMAX,104
ARM00087765,2015-10-09,TMIN,-65
ARM00087765,2013-05-28,TMAX,72
ARM00087765,2009-03-18,TMIN,21
ARM00087765,2008-04-02,TMIN,-14
ARM00087765,2008-04-02,TMAX,227
ARM00087765,2005-09-05,TMAX,82
ARM00087765,2010-01-08,TMAX,202
ARM00087765,2010-01-08,TMIN,75
ARM00087765,2007-12-13,TMAX,162
ARM00087765,2009-07-12,TMAX,110
ARM00087765,2012-03-20,TMIN,100
ARM00087765,2005-09-05,TMIN,-15
ARM00087765,2006-03-19,TMIN,11
ARM00087765,2006-03-19,TMAX,198
ARM00087765,2009-09-23,TMAX,136
ARM00087765,2013-05-31,TMAX,101
ARM00087765,2009-04-26,TMAX,150
ARM00087765,2009-04-26,TMIN,-36
ARM00087765,2013-12-26,TMAX,212
ARM00087765,2013-12-26,TMIN,98
ARM00087765,2009-12-21,TMAX,224
ARM00087765,2007-10-01,TMIN,13
ARM00087765,2015-10-13,TMAX,131
ARM00087765,2007-08-31,TMAX,146
ARM00087765,2012-05-28,TMIN,56
ARM00087765,2007-08-31,TMIN,-55
ARM00087765,2015-12-11,TMIN,50
ARM00087765,2010-09-26,TMIN,0
ARM00087765,2015-10-13,TMIN,36
ARM00087765,2010-12-15,TMIN,44
ARM00087765,2005-12-27,TMIN,119
ARM00087765,2005-12-27,TMAX,290
ARM00087765,2011-02-14,TMIN,40
ARM00087765,2014-10-21,TMAX,173
ARM00087765,2005-05-26,TMIN,14
ARM00087765,2005-06-24,TMIN,-3
ARM00087765,2010-12-15,TMAX,240
ARM00087765,2009-12-26,TMIN,65
ARM00087765,2009-03-09,TMIN,80
ARM00087765,2014-06-28,TMAX,126
ARM00087765,2014-06-28,TMIN,-67
ARM00087765,2009-12-21,TMIN,76
ARM00087765,2007-04-16,TMAX,165
ARM00087765,2007-10-01,TMAX,183
ARM00087765,2007-04-16,TMIN,-5
ARM00087765,2014-03-18,TMIN,36
ARM00087765,2007-05-15,TMIN,22
ARM00087765,2007-05-15,TMAX,100
ARM00087765,2005-07-05,TMIN,-46
ARM00087765,2010-03-21,TMAX,180
ARM00087765,2005-08-01,TMIN,10
ARM00087765,2010-03-21,TMIN,32
ARM00087765,2005-08-01,TMAX,66
ARM00087765,2010-07-27,TMAX,97
ARM00087765,2012-01-30,TMAX,150
ARM00087765,2010-06-13,TMAX,90
ARM00087765,2006-07-07,TMAX,112
ARM00087765,2009-04-11,TMAX,240
ARM00087765,2009-02-05,TMIN,62
ARM00087765,2014-03-15,TMIN,54
ARM00087765,2014-03-15,TMAX,172
ARM00087765,2011-03-21,TMAX,185
ARM00087765,2015-12-15,TMIN,-29
ARM00087765,2007-01-11,TMAX,215
ARM00087765,2007-01-11,TMIN,84
ARM00087765,2005-07-05,TMAX,86
ARM00087765,2012-08-22,TMIN,24
ARM00087765,2005-10-23,TMIN,-12
ARM00087765,2015-12-11,TMAX,207
ARM00087765,2009-02-05,TMAX,232
ARM00087765,2013-01-19,TMAX,325
ARM00087765,2013-01-19,TMIN,170
ARM00087765,2015-02-23,TMIN,30
ARM00087765,2011-09-16,TMIN,-5
ARM00087765,2010-07-10,TMIN,14
ARM00087765,2011-09-16,TMAX,124
ARM00087765,2012-02-22,TMIN,40
ARM00087765,2012-08-21,TMAX,100
ARM00087765,2005-12-17,TMAX,206
ARM00087765,2012-08-21,TMIN,40
ARM00087765,2008-11-14,TMIN,69
ARM00087765,2011-05-25,TMIN,5
ARM00087765,2015-06-30,TMAX,101
ARM00087765,2007-01-31,TMIN,68
ARM00087765,2005-04-27,TMIN,-56
ARM00087765,2005-04-27,TMAX,156
ARM00087765,2005-10-19,TMIN,55
ARM00087765,2010-11-20,TMAX,155
ARM00087765,2009-03-25,TMIN,25
ARM00087765,2011-11-20,TMIN,46
ARM00087765,2013-09-27,TMIN,-7
ARM00087765,2010-03-11,TMIN,-5
ARM00087765,2015-06-30,TMIN,50
ARM00087765,2008-05-25,TMAX,102
ARM00087765,2008-05-25,TMIN,6
ARM00087765,2014-08-13,TMIN,-53
ARM00087765,2008-02-24,TMAX,286
ARM00087765,2006-05-01,TMIN,10
ARM00087765,2007-04-30,TMIN,-44
ARM00087765,2007-04-30,TMAX,167
ARM00087765,2008-05-05,TMIN,3
ARM00087765,2006-12-05,TMIN,4
ARM00087765,2006-12-05,TMAX,224
ARM00087765,2015-12-22,TMAX,163
ARM00087765,2014-07-08,TMAX,99
ARM00087765,2014-07-08,TMIN,-53
ARM00087765,2010-07-22,TMIN,-80
ARM00087765,2010-09-06,TMIN,-17
ARM00087765,2009-02-21,TMIN,-17
ARM00087765,2008-02-24,TMIN,118
ARM00087765,2009-04-02,TMIN,39
ARM00087765,2010-09-06,TMAX,155
ARM00087765,2014-04-25,TMIN,59
ARM00087765,2009-03-25,TMAX,250
ARM00087765,2012-04-24,TMAX,163
ARM00087765,2012-04-24,TMIN,-16
ARM00087765,2013-03-17,TMIN,72
ARM00087765,2005-02-24,TMIN,70
ARM00087765,2015-08-18,TMIN,23
ARM00087765,2007-07-03,TMIN,23
ARM00087765,2006-01-17,TMIN,70
ARM00087765,2015-08-18,TMAX,103
ARM00087765,2009-02-16,TMIN,60
ARM00087765,2011-05-25,TMAX,102
ARM00087765,2005-02-09,TMIN,90
ARM00087765,2007-06-01,TMIN,-7
ARM00087765,2011-11-20,TMAX,152
ARM00087765,2009-04-19,TMAX,178
ARM00087765,2009-07-10,TMIN,-77
ARM00087765,2015-05-15,TMIN,56
ARM00087765,2009-04-19,TMIN,12
ARM00087765,2008-09-11,TMAX,97
ARM00087765,2015-01-21,TMIN,111
ARM00087765,2013-08-21,TMAX,78
ARM00087765,2013-04-02,TMIN,-1
ARM00087765,2010-07-03,TMIN,-20
ARM00087765,2005-07-21,TMIN,-84
ARM00087765,2005-07-21,TMAX,91
ARM00087765,2008-06-11,TMIN,38
ARM00087765,2013-01-02,TMIN,86
ARM00087765,2008-06-11,TMAX,74
ARM00087765,2008-02-02,TMIN,108
ARM00087765,2010-04-10,TMIN,58
ARM00087765,2005-04-15,TMIN,13
ARM00087765,2010-04-10,TMAX,220
ARM00087765,2013-08-21,TMIN,0
ARM00087765,2015-05-09,TMAX,126
ARM00087765,2015-05-09,TMIN,20
ARM00087765,2009-01-10,TMAX,294
ARM00087765,2005-10-27,TMIN,-55
ARM00087765,2015-12-20,TMIN,12
ARM00087765,2013-08-11,TMAX,77
ARM00087765,2009-07-10,TMAX,85
ARM00087765,2011-09-27,TMIN,-12
ARM00087765,2013-08-11,TMIN,30
ARM00087765,2010-06-05,TMIN,75
ARM00087765,2010-04-20,TMAX,162
ARM00087765,2012-05-05,TMIN,7
ARM00087765,2012-05-05,TMAX,165
ARM00087765,2008-11-23,TMIN,50
ARM00087765,2011-07-14,TMAX,95
ARM00087765,2009-12-05,TMIN,68
ARM00087765,2011-10-04,TMIN,5
ARM00087765,2009-02-14,TMIN,91
ARM00087765,2011-10-04,TMAX,162
ARM00087765,2007-07-31,TMAX,78
ARM00087765,2007-07-31,TMIN,-64
ARM00087765,2008-01-22,TMIN,43
ARM00087765,2009-11-04,TMAX,110
ARM00087765,2006-07-04,TMIN,8
ARM00087765,2009-12-05,TMAX,255
ARM00087765,2010-03-10,TMIN,5
ARM00087765,2006-04-17,TMIN,-20
ARM00087765,2005-12-23,TMIN,30
ARM00087765,2006-04-12,TMIN,46
ARM00087765,2011-03-06,TMAX,315
ARM00087765,2010-02-21,TMIN,50
ARM00087765,2006-04-12,TMAX,125
ARM00087765,2007-10-08,TMIN,20
ARM00087765,2010-01-25,TMIN,48
ARM00087765,2007-10-14,TMIN,-37
ARM00087765,2011-12-11,TMAX,164
ARM00087765,2009-12-31,TMIN,72
ARM00087765,2014-05-03,TMIN,-7
ARM00087765,2014-12-06,TMAX,201
ARM00087765,2005-01-22,TMAX,170
ARM00087765,2008-08-26,TMAX,74
ARM00087765,2005-01-22,TMIN,40
ARM00087765,2008-11-14,TMAX,246
ARM00087765,2006-05-15,TMIN,-22
ARM00087765,2006-05-15,TMAX,180
ARM00087765,2010-09-04,TMAX,120
ARM00087765,2009-09-25,TMIN,-40
ARM00087765,2005-04-06,TMIN,14
ARM00087765,2010-09-04,TMIN,40
ARM00087765,2006-01-24,TMAX,236
ARM00087765,2009-09-25,TMAX,140
ARM00087765,2005-04-06,TMAX,110
ARM00087765,2010-08-30,TMAX,70
ARM00087765,2005-10-25,TMAX,140
ARM00087765,2006-01-24,TMIN,80
ARM00087765,2007-12-01,TMIN,41
ARM00087765,2014-12-06,TMIN,93
ARM00087765,2009-05-15,TMIN,-18
ARM00087765,2009-11-08,TMIN,5
ARM00087765,2013-01-24,TMAX,270
ARM00087765,2008-08-26,TMIN,25
ARM00087765,2011-02-15,TMAX,263
ARM00087765,2014-05-31,TMIN,42
ARM00087765,2012-03-14,TMIN,25
ARM00087765,2012-02-29,TMIN,60
ARM00087765,2015-03-19,TMIN,25
ARM00087765,2013-06-05,TMAX,128
ARM00087765,2006-09-15,TMIN,14
ARM00087765,2015-03-19,TMAX,248
ARM00087765,2008-09-24,TMIN,12
ARM00087765,2006-07-22,TMIN,-10
ARM00087765,2009-09-26,TMAX,100
ARM00087765,2008-04-09,TMAX,153
ARM00087765,2009-09-26,TMIN,-73
ARM00087765,2006-07-22,TMAX,54
ARM00087765,2008-08-09,TMIN,-42
ARM00087765,2012-10-09,TMIN,20
ARM00087765,2009-12-31,TMAX,178
ARM00087765,2005-06-18,TMIN,-52
ARM00087765,2014-10-31,TMIN,3
ARM00087765,2013-06-05,TMIN,45
ARM00087765,2005-06-18,TMAX,15
ARM00087765,2007-09-14,TMAX,74
ARM00087765,2014-07-17,TMIN,-3
ARM00087765,2007-09-14,TMIN,22
ARM00087765,2009-11-08,TMAX,105
ARM00087765,2007-12-01,TMAX,212
ARM00087765,2010-08-30,TMIN,-54
ARM00087765,2008-05-20,TMIN,10
ARM00087765,2009-11-02,TMIN,5
ARM00087765,2015-12-26,TMAX,268
ARM00087765,2005-01-27,TMAX,268
ARM00087765,2007-06-16,TMAX,62
ARM00087765,2010-12-31,TMAX,292
ARM00087765,2007-10-10,TMAX,142
ARM00087765,2005-06-15,TMIN,-82
ARM00087765,2015-06-13,TMAX,74
ARM00087765,2010-02-27,TMIN,45
ARM00087765,2006-03-05,TMAX,265
ARM00087765,2014-08-25,TMIN,-71
ARM00087765,2010-12-31,TMIN,124
ARM00087765,2007-10-10,TMIN,44
ARM00087765,2015-08-01,TMIN,3
ARM00087765,2015-08-01,TMAX,86
ARM00087765,2015-04-17,TMAX,110
ARM00087765,2015-04-17,TMIN,31
ARM00087765,2014-01-23,TMAX,139
ARM00087765,2006-03-05,TMIN,20
ARM00087765,2010-01-06,TMIN,37
ARM00087765,2015-12-26,TMIN,41
ARM00087765,2013-09-29,TMIN,-30
ARM00087765,2013-02-28,TMIN,5
ARM00087765,2007-06-16,TMIN,0
ARM00087765,2013-03-20,TMIN,50
ARM00087765,2013-03-20,TMAX,210
ARM00087765,2009-11-02,TMAX,143
ARM00087765,2009-07-15,TMIN,-90
ARM00087765,2009-01-12,TMIN,50
ARM00087765,2008-05-20,TMAX,52
ARM00087765,2010-12-20,TMIN,80
ARM00087765,2007-10-24,TMIN,0
ARM00087765,2006-03-31,TMIN,-33
ARM00087765,2012-05-29,TMAX,117
ARM00087765,2012-05-29,TMIN,55
ARM00087765,2009-01-26,TMIN,22
ARM00087765,2006-08-17,TMIN,-46
ARM00087765,2014-11-24,TMIN,41
ARM00087765,2009-01-10,TMIN,61
ARM00087765,2014-11-24,TMAX,146
ARM00087765,2013-11-18,TMIN,-24
ARM00087765,2009-01-12,TMAX,284
ARM00087765,2014-09-20,TMAX,131
ARM00087765,2013-08-07,TMIN,4
ARM00087765,2012-01-18,TMIN,77
ARM00087765,2007-06-17,TMIN,-16
ARM00087765,2012-08-04,TMIN,-76
ARM00087765,2007-06-17,TMAX,70
ARM00087765,2013-05-27,TMAX,127
ARM00087765,2013-11-18,TMAX,248
ARM00087765,2007-12-05,TMIN,-20
ARM00087765,2007-10-24,TMAX,220
ARM00087765,2009-10-19,TMIN,30
ARM00087765,2012-10-29,TMIN,-54
ARM00087765,2012-11-15,TMAX,274
ARM00087765,2005-03-08,TMIN,35
ARM00087765,2013-10-22,TMAX,115
ARM00087765,2011-09-08,TMIN,10
ARM00087765,2009-04-12,TMAX,222
ARM00087765,2007-04-05,TMIN,-10
ARM00087765,2009-12-13,TMIN,80
ARM00087765,2009-12-13,TMAX,254
ARM00087765,2011-05-16,TMIN,38
ARM00087765,2007-04-05,TMAX,263
ARM00087765,2012-01-08,TMIN,150
ARM00087765,2014-11-03,TMIN,-21
ARM00087765,2013-03-03,TMIN,70
ARM00087765,2010-03-29,TMAX,235
ARM00087765,2012-01-08,TMAX,298
ARM00087765,2007-01-10,TMIN,34
ARM00087765,2007-12-25,TMIN,111
ARM00087765,2015-10-24,TMIN,51
ARM00087765,2007-12-23,TMIN,50
ARM00087765,2010-02-22,TMIN,25
ARM00087765,2005-12-11,TMIN,50
ARM00087765,2005-02-01,TMIN,-26
ARM00087765,2010-10-16,TMIN,-47
ARM00087765,2012-01-28,TMIN,125
ARM00087765,2013-10-22,TMIN,27
ARM00087765,2012-01-28,TMAX,258
ARM00087765,2011-07-06,TMIN,-106
ARM00087765,2006-06-09,TMIN,-52
ARM00087765,2010-11-28,TMIN,15
ARM00087765,2011-05-31,TMIN,-52
ARM00087765,2008-05-29,TMAX,59
ARM00087765,2008-05-29,TMIN,-83
ARM00087765,2009-01-25,TMIN,15
ARM00087765,2013-07-14,TMAX,61
ARM00087765,2013-07-14,TMIN,4
ARM00087765,2005-08-28,TMIN,-15
ARM00087765,2011-04-24,TMIN,55
ARM00087765,2011-03-26,TMIN,10
ARM00087765,2008-05-30,TMIN,-63
ARM00087765,2011-03-26,TMAX,127
ARM00087765,2014-09-10,TMIN,-5
ARM00087765,2008-05-30,TMAX,52
ARM00087765,2008-09-29,TMIN,-20
ARM00087765,2015-08-10,TMAX,66
ARM00087765,2005-05-04,TMIN,-20
ARM00087765,2005-05-04,TMAX,113
ARM00087765,2015-08-10,TMIN,-19
ARM00087765,2005-11-04,TMIN,15
ARM00087765,2010-08-17,TMIN,-7
ARM00087765,2010-08-17,TMAX,74
ARM00087765,2010-11-04,TMIN,30
ARM00087765,2005-08-28,TMAX,65
ARM00087765,2014-07-28,TMIN,0
ARM00087765,2009-04-30,TMIN,6
ARM00087765,2009-04-30,TMAX,225
ARM00087765,2012-06-24,TMIN,-15
ARM00087765,2011-07-08,TMIN,-32
ARM00087765,2012-06-24,TMAX,100
ARM00087765,2010-07-05,TMIN,-3
ARM00087765,2012-10-05,TMIN,8
ARM00087765,2009-10-23,TMAX,80
ARM00087765,2014-08-01,TMIN,37
ARM00087765,2014-08-01,TMAX,101
ARM00087765,2009-04-11,TMIN,7
ARM00087765,2014-04-09,TMAX,138
ARM00087765,2014-04-09,TMIN,55
ARM00087765,2007-07-04,TMAX,86
ARM00087765,2005-11-01,TMIN,-22
ARM00087765,2012-03-03,TMIN,90
ARM00087765,2007-12-27,TMIN,92
ARM00087765,2014-06-03,TMAX,110
ARM00087765,2009-10-30,TMAX,120
ARM00087765,2009-10-30,TMIN,8
ARM00087765,2014-08-24,TMAX,117
ARM00087765,2005-08-18,TMIN,-44
ARM00087765,2007-12-27,TMAX,325
ARM00087765,2013-06-15,TMAX,80
ARM00087765,2013-06-15,TMIN,21
ARM00087765,2012-10-05,TMAX,97
ARM00087765,2014-11-14,TMIN,67
ARM00087765,2014-08-24,TMIN,17
ARM00087765,2010-06-04,TMIN,21
ARM00087765,2015-09-29,TMIN,-30
ARM00087765,2014-06-21,TMIN,-41
ARM00087765,2008-12-19,TMIN,118
ARM00087765,2008-12-19,TMAX,250
ARM00087765,2005-09-26,TMIN,-43
ARM00087765,2009-07-16,TMAX,118
ARM00087765,2009-07-16,TMIN,-85
ARM00087765,2010-12-08,TMIN,35
ARM00087765,2006-07-29,TMIN,-92
ARM00087765,2006-07-29,TMAX,49
ARM00087765,2006-12-02,TMIN,15
ARM00087765,2008-10-29,TMIN,45
ARM00087765,2014-09-05,TMIN,39
ARM00087765,2007-05-04,TMAX,120
ARM00087765,2015-08-31,TMAX,106
ARM00087765,2007-05-04,TMIN,60
ARM00087765,2015-08-31,TMIN,4
ARM00087765,2008-07-04,TMIN,-3
ARM00087765,2008-07-04,TMAX,133
ARM00087765,2012-05-20,TMAX,70
ARM00087765,2007-03-23,TMIN,0
ARM00087765,2005-12-14,TMIN,60
ARM00087765,2007-06-08,TMIN,3
ARM00087765,2005-01-03,TMIN,66
ARM00087765,2011-07-30,TMIN,-18
ARM00087765,2006-11-05,TMAX,195
ARM00087765,2006-06-23,TMAX,73
ARM00087765,2010-11-12,TMAX,215
ARM00087765,2006-12-25,TMAX,174
ARM00087765,2008-06-18,TMIN,26
ARM00087765,2011-11-25,TMAX,159
ARM00087765,2011-11-25,TMIN,67
ARM00087765,2011-12-10,TMIN,92
ARM00087765,2012-07-14,TMAX,106
ARM00087765,2013-04-19,TMAX,230
ARM00087765,2013-04-19,TMIN,-10
ARM00087765,2009-05-02,TMIN,-20
ARM00087765,2009-05-02,TMAX,186
ARM00087765,2008-05-02,TMAX,155
ARM00087765,2008-06-04,TMIN,10
ARM00087765,2008-06-18,TMAX,95
ARM00087765,2012-01-09,TMAX,220
ARM00087765,2009-02-16,TMAX,240
ARM00087765,2005-01-11,TMAX,233
ARM00087765,2005-01-11,TMIN,108
ARM00087765,2011-05-21,TMAX,51
ARM00087765,2008-03-07,TMAX,262
ARM00087765,2012-02-23,TMIN,-15
ARM00087765,2009-10-26,TMIN,-15
ARM00087765,2012-10-03,TMIN,7
ARM00087765,2012-07-14,TMIN,-25
ARM00087765,2006-12-25,TMIN,26
ARM00087765,2011-07-21,TMIN,29
ARM00087765,2009-04-12,TMIN,21
ARM00087765,2007-01-02,TMIN,-18
ARM00087765,2009-10-19,TMAX,162
ARM00087765,2013-10-19,TMIN,77
ARM00087765,2013-10-19,TMAX,240
ARM00087765,2013-03-12,TMIN,0
ARM00087765,2013-03-12,TMAX,174
ARM00087765,2013-07-21,TMAX,27
ARM00087765,2012-04-22,TMIN,1
ARM00087765,2013-07-18,TMIN,-50
ARM00087765,2011-03-31,TMAX,174
ARM00087765,2007-11-06,TMIN,18
ARM00087765,2007-06-29,TMAX,126
ARM00087765,2009-03-17,TMIN,70
ARM00087765,2007-06-29,TMIN,-7
ARM00087765,2013-10-29,TMIN,6
ARM00087765,2015-05-12,TMIN,-2
ARM00087765,2015-05-12,TMAX,161
ARM00087765,2008-09-26,TMAX,218
ARM00087765,2008-09-26,TMIN,-20
ARM00087765,2005-09-12,TMIN,-47
ARM00087765,2014-04-07,TMAX,162
ARM00087765,2013-04-23,TMIN,-23
ARM00087765,2007-09-01,TMIN,-46
ARM00087765,2013-10-29,TMAX,224
ARM00087765,2011-01-09,TMIN,65
ARM00087765,2015-07-22,TMIN,23
ARM00087765,2008-03-07,TMIN,73
ARM00087765,2009-03-01,TMAX,258
ARM00087765,2014-09-24,TMAX,48
ARM00087765,2009-03-02,TMAX,177
ARM00087765,2009-03-02,TMIN,2
ARM00087765,2015-01-18,TMIN,107
ARM00087765,2015-06-14,TMIN,11
ARM00087765,2015-01-18,TMAX,269
ARM00087765,2011-04-29,TMIN,-81
ARM00087765,2011-03-23,TMIN,-13
ARM00087765,2006-10-06,TMAX,120
ARM00087765,2005-12-18,TMIN,84
ARM00087765,2006-06-21,TMIN,20
ARM00087765,2005-12-18,TMAX,202
ARM00087765,2009-07-04,TMAX,97
ARM00087765,2005-01-06,TMAX,150
ARM00087765,2010-03-07,TMIN,75
ARM00087765,2014-06-11,TMAX,84
ARM00087765,2010-03-07,TMAX,265
ARM00087765,2010-03-19,TMIN,44
ARM00087765,2006-03-01,TMIN,40
ARM00087765,2009-04-02,TMAX,160
ARM00087765,2008-12-14,TMAX,308
ARM00087765,2010-11-12,TMIN,-10
ARM00087765,2014-10-06,TMIN,-21
ARM00087765,2015-07-03,TMIN,-65
ARM00087765,2009-01-14,TMIN,93
ARM00087765,2007-09-06,TMIN,50
ARM00087765,2015-11-26,TMIN,63
ARM00087765,2009-03-01,TMIN,106
ARM00087765,2009-07-04,TMIN,30
ARM00087765,2008-05-02,TMIN,-35
ARM00087765,2013-09-01,TMAX,95
ARM00087765,2010-07-12,TMIN,-65
ARM00087765,2006-09-07,TMIN,10
ARM00087765,2010-03-29,TMIN,-32
ARM00087765,2006-11-26,TMIN,36
ARM00087765,2007-03-19,TMAX,238
ARM00087765,2008-09-11,TMIN,-60
ARM00087765,2007-03-19,TMIN,142
ARM00087765,2015-11-29,TMIN,10
ARM00087765,2010-01-27,TMAX,254
ARM00087765,2010-06-01,TMIN,-30
ARM00087765,2007-03-25,TMAX,143
ARM00087765,2007-03-25,TMIN,61
ARM00087765,2015-12-20,TMAX,263
ARM00087765,2006-10-06,TMIN,22
ARM00087765,2015-07-28,TMIN,19
ARM00087765,2012-07-23,TMAX,70
ARM00087765,2015-06-14,TMAX,68
ARM00087765,2012-03-15,TMIN,25
ARM00087765,2014-08-28,TMIN,-60
ARM00087765,2006-04-15,TMIN,-34
ARM00087765,2010-01-27,TMIN,91
ARM00087765,2005-10-25,TMIN,15
ARM00087765,2007-08-20,TMIN,-40
ARM00087765,2006-12-11,TMIN,72
ARM00087765,2009-12-29,TMAX,145
ARM00087765,2007-03-08,TMAX,190
ARM00087765,2009-12-29,TMIN,27
ARM00087765,2007-03-08,TMIN,88
ARM00087765,2014-12-20,TMAX,164
ARM00087765,2013-02-27,TMIN,58
ARM00087765,2013-12-30,TMIN,83
ARM00087765,2008-07-07,TMIN,30
ARM00087765,2013-12-30,TMAX,178
ARM00087765,2007-08-07,TMAX,62
ARM00087765,2007-02-13,TMAX,258
ARM00087765,2015-08-24,TMIN,6
ARM00087765,2007-02-13,TMIN,119
ARM00087765,2006-03-15,TMIN,23
ARM00087765,2006-03-15,TMAX,170
ARM00087765,2013-07-01,TMIN,-36
ARM00087765,2015-09-14,TMIN,-12
ARM00087765,2006-05-03,TMIN,-45
ARM00087765,2006-12-09,TMIN,77
ARM00087765,2014-04-16,TMAX,106
ARM00087765,2008-05-11,TMAX,132
ARM00087765,2009-11-18,TMAX,115
ARM00087765,2009-11-18,TMIN,42
ARM00087765,2014-12-20,TMIN,20
ARM00087765,2012-11-23,TMIN,38
ARM00087765,2011-11-03,TMIN,22
ARM00087765,2011-10-24,TMAX,196
ARM00087765,2011-01-28,TMIN,35
ARM00087765,2015-07-10,TMAX,51
ARM00087765,2008-02-17,TMAX,212
ARM00087765,2007-08-01,TMAX,69
ARM00087765,2007-08-01,TMIN,-60
ARM00087765,2006-03-26,TMIN,10
ARM00087765,2014-11-18,TMAX,228
ARM00087765,2006-03-26,TMAX,170
ARM00087765,2006-03-17,TMAX,150
ARM00087765,2010-12-26,TMIN,60
ARM00087765,2006-05-29,TMIN,14
ARM00087765,2008-09-25,TMIN,40
ARM00087765,2006-05-29,TMAX,92
ARM00087765,2011-01-01,TMIN,149
ARM00087765,2006-08-26,TMIN,-73
ARM00087765,2006-08-26,TMAX,116
ARM00087765,2012-12-23,TMIN,80
ARM00087765,2010-07-13,TMAX,52
ARM00087765,2008-12-17,TMIN,-5
ARM00087765,2011-10-24,TMIN,-65
ARM00087765,2008-02-17,TMIN,115
ARM00087765,2006-03-17,TMIN,36
ARM00087765,2015-08-26,TMIN,42
ARM00087765,2009-04-14,TMIN,7
ARM00087765,2015-08-20,TMAX,157
ARM00087765,2015-08-20,TMIN,-24
ARM00087765,2015-11-20,TMIN,42
ARM00087765,2012-07-20,TMAX,92
ARM00087765,2015-09-19,TMIN,-71
ARM00087765,2013-03-15,TMIN,48
ARM00087765,2013-03-15,TMAX,141
ARM00087765,2005-12-21,TMAX,242
ARM00087765,2005-12-21,TMIN,68
ARM00087765,2008-11-03,TMAX,216
ARM00087765,2009-05-12,TMIN,-55
ARM00087765,2005-07-20,TMAX,90
ARM00087765,2005-07-20,TMIN,-92
ARM00087765,2013-08-27,TMIN,-45
ARM00087765,2006-01-02,TMIN,15
ARM00087765,2011-02-16,TMIN,100
ARM00087765,2013-02-15,TMIN,123
ARM00087765,2014-03-11,TMIN,80
ARM00087765,2010-07-25,TMIN,0
ARM00087765,2010-10-24,TMIN,4
ARM00087765,2010-10-25,TMIN,-55
ARM00087765,2012-08-13,TMIN,0
ARM00087765,2009-09-09,TMIN,-45
ARM00087765,2009-06-14,TMAX,102
ARM00087765,2008-11-19,TMIN,36
ARM00087765,2012-09-15,TMIN,39
ARM00087765,2008-05-11,TMIN,-62
ARM00087765,2005-09-16,TMIN,-31
ARM00087765,2005-07-11,TMIN,-30
ARM00087765,2005-03-22,TMIN,-10
ARM00087765,2011-11-15,TMIN,60
ARM00087765,2006-01-13,TMIN,23
ARM00087765,2015-10-07,TMIN,-9
ARM00087765,2012-08-20,TMIN,38
ARM00087765,2013-06-10,TMIN,0
ARM00087765,2013-06-17,TMAX,50
ARM00087765,2009-05-12,TMAX,59
ARM00087765,2013-06-17,TMIN,4
ARM00087765,2012-09-15,TMAX,114
ARM00087765,2008-06-24,TMAX,46
ARM00087765,2012-08-29,TMIN,14
ARM00087765,2007-10-28,TMIN,30
ARM00087765,2005-11-02,TMIN,79
ARM00087765,2007-02-14,TMIN,80
ARM00087765,2007-02-14,TMAX,184
ARM00087765,2007-10-28,TMAX,130
ARM00087765,2008-06-24,TMIN,-2
ARM00087765,2013-10-11,TMIN,9
ARM00087765,2007-08-14,TMIN,-18
ARM00087765,2011-02-16,TMAX,252
ARM00087765,2009-06-14,TMIN,-62
ARM00087765,2006-02-24,TMIN,67
ARM00087765,2013-05-23,TMIN,31
ARM00087765,2015-12-16,TMAX,201
ARM00087765,2009-10-07,TMIN,-14
ARM00087765,2008-11-08,TMAX,120
ARM00087765,2014-01-19,TMIN,99
ARM00087765,2012-04-19,TMAX,140
ARM00087765,2012-04-19,TMIN,64
ARM00087765,2005-08-12,TMAX,86
ARM00087765,2014-10-12,TMAX,127
ARM00087765,2014-10-12,TMIN,-13
ARM00087765,2005-08-12,TMIN,9
ARM00087765,2013-05-07,TMIN,-34
ARM00087765,2015-12-02,TMIN,51
ARM00087765,2013-12-23,TMAX,280
ARM00087765,2011-07-07,TMIN,-82
ARM00087765,2015-04-15,TMIN,24
ARM00087765,2010-11-11,TMIN,66
ARM00087765,2006-07-30,TMIN,-90
ARM00087765,2011-02-04,TMIN,80
ARM00087765,2009-08-27,TMIN,28
ARM00087765,2013-01-04,TMIN,99
ARM00087765,2007-02-27,TMAX,230
ARM00087765,2007-01-15,TMIN,58
ARM00087765,2007-02-27,TMIN,31
ARM00087765,2006-08-18,TMIN,-10
ARM00087765,2013-01-18,TMIN,131
ARM00087765,2008-03-18,TMIN,-11
ARM00087765,2011-12-08,TMAX,277
ARM00087765,2011-12-08,TMIN,126
ARM00087765,2008-06-15,TMIN,-55
ARM00087765,2006-01-29,TMAX,280
ARM00087765,2015-09-03,TMIN,-72
ARM00087765,2010-08-12,TMIN,-90
ARM00087765,2015-05-31,TMIN,29
ARM00087765,2010-08-12,TMAX,124
ARM00087765,2005-06-03,TMIN,2
ARM00087765,2015-10-14,TMAX,121
ARM00087765,2014-11-22,TMAX,211
ARM00087765,2014-11-22,TMIN,79
ARM00087765,2010-09-27,TMAX,147
ARM00087765,2014-07-14,TMIN,31
ARM00087765,2010-09-27,TMIN,20
ARM00087765,2010-04-25,TMIN,-39
ARM00087765,2010-04-25,TMAX,135
ARM00087765,2011-10-05,TMIN,10
ARM00087765,2007-01-15,TMAX,270
ARM00087765,2014-02-19,TMIN,52
ARM00087765,2015-12-16,TMIN,66
ARM00087765,2015-04-15,TMAX,139
ARM00087765,2013-01-04,TMAX,243
ARM00087765,2010-11-13,TMAX,202
ARM00087765,2009-05-11,TMIN,-47
ARM00087765,2005-04-21,TMAX,183
ARM00087765,2005-04-21,TMIN,-32
ARM00087765,2015-11-27,TMAX,168
ARM00087765,2011-10-28,TMAX,183
ARM00087765,2008-03-08,TMIN,106
ARM00087765,2014-06-04,TMIN,-4
ARM00087765,2005-09-23,TMIN,36
ARM00087765,2011-10-28,TMIN,40
ARM00087765,2014-06-04,TMAX,58
ARM00087765,2012-01-11,TMIN,68
ARM00087765,2006-06-07,TMIN,0
ARM00087765,2005-09-04,TMAX,84
ARM00087765,2005-09-04,TMIN,20
ARM00087765,2008-03-08,TMAX,266
ARM00087765,2012-11-01,TMIN,48
ARM00087765,2012-03-05,TMAX,198
ARM00087765,2007-10-12,TMIN,-40
ARM00087765,2015-10-08,TMIN,-64
ARM00087765,2011-12-15,TMIN,126
ARM00087765,2015-03-08,TMIN,73
ARM00087765,2005-09-23,TMAX,127
ARM00087765,2012-03-05,TMIN,64
ARM00087765,2005-06-28,TMAX,50
ARM00087765,2008-05-12,TMIN,13
ARM00087765,2012-12-26,TMIN,56
ARM00087765,2010-11-13,TMIN,-16
ARM00087765,2005-02-21,TMAX,273
ARM00087765,2010-07-13,TMIN,-70
ARM00087765,2010-02-05,TMIN,75
ARM00087765,2015-10-29,TMIN,17
ARM00087765,2010-11-05,TMAX,154
ARM00087765,2012-01-14,TMIN,92
ARM00087765,2010-11-05,TMIN,73
ARM00087765,2006-07-15,TMAX,64
ARM00087765,2006-07-15,TMIN,-66
ARM00087765,2013-01-03,TMAX,274
ARM00087765,2015-10-29,TMAX,146
ARM00087765,2006-02-06,TMIN,46
ARM00087765,2010-03-14,TMAX,174
ARM00087765,2006-10-25,TMIN,-38
ARM00087765,2010-03-14,TMIN,32
ARM00087765,2008-02-05,TMAX,326
ARM00087765,2008-02-05,TMIN,88
ARM00087765,2015-04-06,TMIN,58
ARM00087765,2015-02-17,TMAX,268
ARM00087765,2015-04-06,TMAX,181
ARM00087765,2015-02-17,TMIN,27
ARM00087765,2015-11-27,TMIN,49
ARM00087765,2012-03-31,TMIN,40
ARM00087765,2005-01-07,TMIN,86
ARM00087765,2009-08-18,TMIN,-30
ARM00087765,2013-03-23,TMIN,6
ARM00087765,2014-04-30,TMAX,132
ARM00087765,2014-04-30,TMIN,-27
ARM00087765,2014-11-26,TMIN,46
ARM00087765,2007-12-08,TMAX,192
ARM00087765,2005-01-04,TMAX,255
ARM00087765,2007-12-08,TMIN,36
ARM00087765,2007-07-19,TMAX,86
ARM00087765,2012-01-04,TMAX,310
ARM00087765,2012-12-13,TMIN,64
ARM00087765,2008-03-04,TMIN,85
ARM00087765,2012-01-04,TMIN,79
ARM00087765,2007-10-09,TMIN,69
ARM00087765,2009-03-22,TMAX,239
ARM00087765,2013-03-29,TMAX,254
ARM00087765,2013-03-29,TMIN,35
ARM00087765,2007-10-09,TMAX,173
ARM00087765,2013-07-20,TMAX,100
ARM00087765,2015-12-10,TMAX,224
ARM00087765,2007-07-17,TMIN,-4
ARM00087765,2009-02-07,TMIN,40
ARM00087765,2009-09-21,TMIN,-35
ARM00087765,2012-04-18,TMIN,80
ARM00087765,2008-08-27,TMIN,-2
ARM00087765,2006-05-18,TMAX,75
ARM00087765,2008-08-30,TMIN,0
ARM00087765,2005-08-17,TMAX,47
ARM00087765,2015-11-06,TMIN,16
ARM00087765,2015-11-06,TMAX,278
ARM00087765,2013-05-01,TMIN,58
ARM00087765,2005-12-15,TMAX,267
ARM00087765,2014-08-22,TMAX,141
ARM00087765,2009-07-14,TMAX,108
ARM00087765,2012-06-28,TMIN,20
ARM00087765,2012-06-28,TMAX,99
ARM00087765,2010-07-18,TMIN,-47
ARM00087765,2015-05-14,TMAX,186
ARM00087765,2005-07-22,TMIN,-84
ARM00087765,2010-08-19,TMIN,20
ARM00087765,2015-05-14,TMIN,41
ARM00087765,2009-03-22,TMIN,11
ARM00087765,2011-11-14,TMIN,40
ARM00087765,2008-12-29,TMIN,25
ARM00087765,2015-08-15,TMIN,-6
ARM00087765,2015-08-15,TMAX,66
ARM00087765,2015-09-04,TMIN,-57
ARM00087765,2006-05-18,TMIN,-15
ARM00087765,2008-08-27,TMAX,84
ARM00087765,2013-07-20,TMIN,-60
ARM00087765,2006-11-21,TMIN,50
ARM00087765,2011-10-02,TMIN,-34
ARM00087765,2013-10-31,TMAX,220
ARM00087765,2006-12-12,TMIN,92
ARM00087765,2012-02-15,TMIN,51
ARM00087765,2007-12-19,TMIN,54
ARM00087765,2006-12-12,TMAX,230
ARM00087765,2008-11-27,TMAX,246
ARM00087765,2012-03-13,TMIN,-10
ARM00087765,2012-12-05,TMIN,54
ARM00087765,2013-10-31,TMIN,36
ARM00087765,2012-12-05,TMAX,164
ARM00087765,2010-06-02,TMAX,110
ARM00087765,2008-11-27,TMIN,109
ARM00087765,2011-09-30,TMIN,-27
ARM00087765,2006-12-22,TMIN,64
ARM00087765,2010-06-07,TMAX,95
ARM00087765,2008-11-09,TMIN,64
ARM00087765,2008-03-26,TMAX,179
ARM00087765,2015-10-01,TMIN,33
ARM00087765,2015-10-01,TMAX,119
ARM00087765,2008-01-16,TMIN,-29
ARM00087765,2007-12-24,TMIN,97
ARM00087765,2005-05-30,TMIN,-6
ARM00087765,2006-12-22,TMAX,136
ARM00087765,2014-09-04,TMIN,8
ARM00087765,2007-12-19,TMAX,276
ARM00087765,2010-06-02,TMIN,-2
ARM00087765,2011-08-09,TMIN,16
ARM00087765,2005-01-04,TMIN,93
ARM00087765,2014-09-21,TMAX,133
ARM00087765,2015-11-08,TMAX,196
ARM00087765,2013-04-28,TMAX,160
ARM00087765,2010-09-10,TMAX,142
ARM00087765,2013-04-28,TMIN,-22
ARM00087765,2006-02-21,TMAX,270
ARM00087765,2006-02-21,TMIN,93
ARM00087765,2015-07-07,TMIN,31
ARM00087765,2015-04-21,TMIN,-47
ARM00087765,2010-09-10,TMIN,-26
ARM00087765,2010-08-10,TMIN,-48
ARM00087765,2010-12-07,TMIN,80
ARM00087765,2013-09-22,TMIN,-21
ARM00087765,2014-03-08,TMAX,203
ARM00087765,2013-04-07,TMIN,65
ARM00087765,2010-12-07,TMAX,225
ARM00087765,2006-07-16,TMIN,6
ARM00087765,2005-07-23,TMIN,-91
ARM00087765,2014-09-21,TMIN,41
ARM00087765,2008-08-05,TMIN,-4
ARM00087765,2009-09-24,TMIN,-50
ARM00087765,2006-09-24,TMIN,-9
ARM00087765,2005-08-17,TMIN,8
ARM00087765,2007-03-17,TMIN,75
ARM00087765,2010-03-30,TMAX,222
ARM00087765,2006-08-16,TMIN,-66
ARM00087765,2011-01-04,TMIN,90
ARM00087765,2013-09-08,TMIN,51
ARM00087765,2013-09-08,TMAX,115
ARM00087765,2006-11-04,TMAX,195
ARM00087765,2011-02-05,TMIN,1
ARM00087765,2010-09-07,TMAX,155
ARM00087765,2010-09-07,TMIN,-55
ARM00087765,2014-01-27,TMAX,235
ARM00087765,2007-05-16,TMIN,14
ARM00087765,2012-04-01,TMAX,220
ARM00087765,2010-03-30,TMIN,-5
ARM00087765,2012-04-01,TMIN,19
ARM00087765,2010-01-20,TMIN,128
ARM00087765,2005-09-18,TMAX,191
ARM00087765,2013-08-29,TMAX,140
ARM00087765,2010-04-21,TMIN,30
ARM00087765,2005-08-20,TMAX,80
ARM00087765,2015-02-05,TMIN,30
ARM00087765,2005-08-20,TMIN,-20
ARM00087765,2015-03-23,TMIN,53
ARM00087765,2007-09-09,TMIN,5
ARM00087765,2006-11-04,TMIN,-18
ARM00087765,2006-01-25,TMIN,10
ARM00087765,2009-06-19,TMAX,79
ARM00087765,2009-08-30,TMAX,104
ARM00087765,2009-08-18,TMAX,52
ARM00087765,2015-02-21,TMIN,34
ARM00087765,2013-01-21,TMIN,126
ARM00087765,2009-08-30,TMIN,24
ARM00087765,2011-05-09,TMIN,-50
ARM00087765,2007-08-18,TMAX,55
ARM00087765,2010-06-24,TMIN,-10
ARM00087765,2013-02-22,TMIN,89
ARM00087765,2006-12-11,TMAX,226
ARM00087765,2013-02-22,TMAX,253
ARM00087765,2006-07-02,TMAX,150
ARM00087765,2007-04-15,TMIN,39
ARM00087765,2006-07-02,TMIN,48
ARM00087765,2005-11-08,TMIN,49
ARM00087765,2008-02-06,TMIN,115
ARM00087765,2009-05-24,TMAX,120
ARM00087765,2012-01-27,TMIN,80
ARM00087765,2012-01-27,TMAX,276
ARM00087765,2008-02-06,TMAX,312
ARM00087765,2011-03-03,TMIN,-20
ARM00087765,2010-06-24,TMAX,52
ARM00087765,2012-05-04,TMIN,0
ARM00087765,2007-09-25,TMIN,-10
ARM00087765,2008-04-30,TMAX,136
ARM00087765,2005-06-30,TMIN,0
ARM00087765,2011-12-03,TMAX,172
ARM00087765,2013-04-16,TMIN,-5
ARM00087765,2007-08-05,TMIN,-90
ARM00087765,2006-12-07,TMIN,-6
ARM00087765,2011-09-19,TMIN,-25
ARM00087765,2015-05-21,TMIN,44
ARM00087765,2013-08-15,TMIN,-78
ARM00087765,2013-08-15,TMAX,126
ARM00087765,2015-05-21,TMAX,98
ARM00087765,2006-05-08,TMIN,-16
ARM00087765,2009-04-05,TMIN,70
ARM00087765,2009-07-14,TMIN,-97
ARM00087765,2005-01-15,TMIN,90
ARM00087765,2007-12-11,TMIN,10
ARM00087765,2009-06-22,TMIN,-12
ARM00087765,2007-09-11,TMIN,-15
ARM00087765,2013-08-03,TMAX,54
ARM00087765,2014-08-22,TMIN,13
ARM00087765,2015-03-24,TMIN,62
ARM00087765,2015-03-24,TMAX,247
ARM00087765,2008-08-30,TMAX,114
ARM00087765,2006-06-30,TMIN,-10
ARM00087765,2008-11-03,TMIN,68
ARM00087765,2005-06-30,TMAX,57
ARM00087765,2009-03-14,TMIN,89
ARM00087765,2008-01-02,TMIN,104
ARM00087765,2014-08-08,TMIN,-38
ARM00087765,2008-04-30,TMIN,-30
ARM00087765,2009-09-05,TMIN,-25
ARM00087765,2008-01-02,TMAX,205
ARM00087765,2013-05-03,TMIN,80
ARM00087765,2009-11-17,TMAX,112
ARM00087765,2013-07-17,TMAX,123
ARM00087765,2013-03-11,TMIN,108
ARM00087765,2009-04-05,TMAX,120
ARM00087765,2006-05-08,TMAX,155
ARM00087765,2009-11-17,TMIN,20
ARM00087765,2007-03-11,TMIN,101
ARM00087765,2011-02-12,TMAX,302
ARM00087765,2006-08-31,TMAX,96
ARM00087765,2010-05-29,TMIN,-81
ARM00087765,2006-08-31,TMIN,5
ARM00087765,2009-03-14,TMAX,210
ARM00087765,2005-04-23,TMIN,-32
ARM00087765,2014-07-18,TMIN,20
ARM00087765,2005-04-23,TMAX,169
ARM00087765,2008-12-05,TMIN,69
ARM00087765,2013-03-11,TMAX,176
ARM00087765,2008-08-05,TMAX,50
ARM00087765,2009-09-22,TMIN,-70
ARM00087765,2012-03-31,TMAX,246
ARM00087765,2015-03-22,TMIN,42
ARM00087765,2006-01-04,TMAX,236
ARM00087765,2014-07-21,TMAX,124
ARM00087765,2014-07-21,TMIN,26
ARM00087765,2007-11-16,TMAX,218
ARM00087765,2006-11-23,TMAX,199
ARM00087765,2006-11-23,TMIN,73
ARM00087765,2005-02-22,TMAX,264
ARM00087765,2005-02-22,TMIN,65
ARM00087765,2009-08-25,TMIN,48
ARM00087765,2007-11-16,TMIN,60
ARM00087765,2010-08-02,TMAX,54
ARM00087765,2010-08-02,TMIN,-105
ARM00087765,2013-12-08,TMAX,234
ARM00087765,2013-12-08,TMIN,10
ARM00087765,2010-03-18,TMIN,80
ARM00087765,2007-05-20,TMIN,-50
ARM00087765,2015-04-11,TMIN,-29
ARM00087765,2007-05-20,TMAX,130
ARM00087765,2005-10-26,TMIN,10
ARM00087765,2008-02-13,TMAX,251
ARM00087765,2008-05-23,TMAX,105
ARM00087765,2010-07-29,TMAX,60
ARM00087765,2006-01-04,TMIN,80
ARM00087765,2010-07-29,TMIN,6
ARM00087765,2013-03-01,TMAX,222
ARM00087765,2008-11-21,TMAX,248
ARM00087765,2009-02-15,TMAX,257
ARM00087765,2009-02-15,TMIN,54
ARM00087765,2012-09-14,TMIN,33
ARM00087765,2012-09-14,TMAX,146
ARM00087765,2014-02-18,TMIN,62
ARM00087765,2010-03-09,TMIN,5
ARM00087765,2009-08-24,TMIN,6
ARM00087765,2015-09-27,TMAX,102
ARM00087765,2005-10-26,TMAX,135
ARM00087765,2012-05-17,TMAX,88
ARM00087765,2005-12-16,TMIN,58
ARM00087765,2010-11-03,TMAX,240
ARM00087765,2008-11-21,TMIN,78
ARM00087765,2010-11-03,TMIN,60
ARM00087765,2011-02-22,TMAX,285
ARM00087765,2012-12-19,TMAX,131
ARM00087765,2013-12-17,TMAX,320
ARM00087765,2013-12-17,TMIN,103
ARM00087765,2012-12-28,TMIN,15
ARM00087765,2008-05-23,TMIN,34
ARM00087765,2012-05-17,TMIN,26
ARM00087765,2015-10-20,TMAX,181
ARM00087765,2010-06-14,TMIN,10
ARM00087765,2015-01-24,TMIN,108
ARM00087765,2010-04-26,TMIN,10
ARM00087765,2011-06-18,TMIN,12
ARM00087765,2011-06-18,TMAX,90
ARM00087765,2010-04-26,TMAX,130
ARM00087765,2011-08-28,TMIN,6
ARM00087765,2015-06-01,TMIN,26
ARM00087765,2006-01-30,TMIN,45
ARM00087765,2007-02-18,TMAX,160
ARM00087765,2007-02-18,TMIN,78
ARM00087765,2008-04-19,TMIN,82
ARM00087765,2011-08-28,TMAX,70
ARM00087765,2006-10-20,TMAX,175
ARM00087765,2008-08-01,TMAX,80
ARM00087765,2008-08-01,TMIN,-50
ARM00087765,2015-10-28,TMIN,51
ARM00087765,2015-03-25,TMIN,70
ARM00087765,2015-03-25,TMAX,215
ARM00087765,2009-08-04,TMAX,70
ARM00087765,2015-02-15,TMIN,40
ARM00087765,2012-02-19,TMAX,179
ARM00087765,2015-10-28,TMAX,201
ARM00087765,2010-01-01,TMIN,74
ARM00087765,2009-08-04,TMIN,-10
ARM00087765,2009-12-18,TMIN,-4
ARM00087765,2006-02-17,TMIN,52
ARM00087765,2008-02-13,TMIN,85
ARM00087765,2013-03-31,TMIN,84
ARM00087765,2006-04-14,TMIN,-67
ARM00087765,2006-04-14,TMAX,121
ARM00087765,2006-12-26,TMIN,70
ARM00087765,2012-02-27,TMIN,105
ARM00087765,2012-02-27,TMAX,160
ARM00087765,2009-11-03,TMIN,25
ARM00087765,2005-04-01,TMAX,136
ARM00087765,2006-12-26,TMAX,176
ARM00087765,2005-04-01,TMIN,-40
ARM00087765,2007-11-26,TMAX,202
ARM00087765,2012-10-04,TMAX,112
ARM00087765,2015-05-16,TMAX,162
ARM00087765,2015-10-20,TMIN,41
ARM00087765,2006-06-03,TMAX,95
ARM00087765,2007-11-26,TMIN,72
ARM00087765,2011-04-14,TMIN,20
ARM00087765,2011-04-14,TMAX,103
ARM00087765,2015-01-24,TMAX,271
ARM00087765,2012-05-11,TMIN,35
ARM00087765,2012-05-11,TMAX,105
ARM00087765,2006-06-03,TMIN,2
ARM00087765,2012-10-04,TMIN,28
ARM00087765,2008-07-10,TMAX,58
ARM00087765,2014-02-18,TMAX,276
ARM00087765,2015-09-27,TMIN,7
ARM00087765,2007-07-30,TMIN,-53
ARM00087765,2006-10-04,TMIN,28
ARM00087765,2006-02-22,TMAX,148
ARM00087765,2014-03-31,TMIN,11
ARM00087765,2009-08-26,TMIN,55
ARM00087765,2008-12-13,TMIN,68
ARM00087765,2009-07-30,TMIN,-60
ARM00087765,2009-10-13,TMAX,110
ARM00087765,2009-10-13,TMIN,-10
ARM00087765,2009-07-30,TMAX,96
ARM00087765,2014-02-09,TMIN,80
ARM00087765,2012-03-17,TMIN,55
ARM00087765,2012-03-17,TMAX,276
ARM00087765,2006-09-18,TMAX,150
ARM00087765,2006-09-18,TMIN,-30
ARM00087765,2015-09-05,TMAX,182
ARM00087765,2010-09-19,TMAX,112
ARM00087765,2010-09-19,TMIN,40
ARM00087765,2007-06-18,TMIN,-50
ARM00087765,2006-05-27,TMAX,90
ARM00087765,2006-05-27,TMIN,-60
ARM00087765,2012-07-15,TMIN,-55
ARM00087765,2006-04-20,TMAX,116
ARM00087765,2006-04-20,TMIN,40
ARM00087765,2009-02-01,TMIN,37
ARM00087765,2015-12-07,TMAX,211
ARM00087765,2009-12-08,TMAX,270
ARM00087765,2010-01-09,TMAX,166
ARM00087765,2010-01-09,TMIN,80
ARM00087765,2006-09-01,TMIN,-78
ARM00087765,2011-04-03,TMIN,17
ARM00087765,2009-12-08,TMIN,66
ARM00087765,2011-04-03,TMAX,190
ARM00087765,2010-12-24,TMIN,85
ARM00087765,2007-01-04,TMIN,80
ARM00087765,2010-02-18,TMIN,98
ARM00087765,2006-11-07,TMIN,-7
ARM00087765,2009-01-22,TMIN,57
ARM00087765,2009-01-22,TMAX,310
ARM00087765,2011-07-09,TMAX,140
ARM00087765,2006-03-23,TMAX,188
ARM00087765,2006-03-23,TMIN,20
ARM00087765,2011-07-09,TMIN,-30
ARM00087765,2005-02-02,TMIN,52
ARM00087765,2009-06-29,TMIN,20
ARM00087765,2013-08-04,TMIN,10
ARM00087765,2009-08-26,TMAX,120
ARM00087765,2011-09-26,TMIN,-12
ARM00087765,2015-09-05,TMIN,-35
ARM00087765,2007-04-26,TMIN,-48
ARM00087765,2009-01-16,TMIN,83
ARM00087765,2010-06-20,TMAX,60
ARM00087765,2008-06-20,TMIN,-4
ARM00087765,2015-06-22,TMIN,-79
ARM00087765,2015-06-22,TMAX,74
ARM00087765,2013-01-25,TMIN,77
ARM00087765,2009-09-28,TMIN,-42
ARM00087765,2015-07-15,TMIN,16
ARM00087765,2015-03-01,TMAX,292
ARM00087765,2015-03-01,TMIN,96
ARM00087765,2010-01-24,TMIN,115
ARM00087765,2014-01-15,TMIN,119
ARM00087765,2010-01-24,TMAX,290
ARM00087765,2010-06-15,TMAX,78
ARM00087765,2010-06-15,TMIN,8
ARM00087765,2015-08-17,TMIN,14
ARM00087765,2008-09-02,TMIN,-5
ARM00087765,2008-04-12,TMIN,-58
ARM00087765,2009-01-03,TMIN,58
ARM00087765,2010-10-02,TMIN,12
ARM00087765,2008-04-12,TMAX,96
ARM00087765,2008-11-06,TMIN,88
ARM00087765,2013-03-01,TMIN,15
ARM00087765,2008-07-21,TMIN,-28
ARM00087765,2009-12-18,TMAX,220
ARM00087765,2012-08-10,TMAX,80
ARM00087765,2010-06-20,TMIN,21
ARM00087765,2010-02-18,TMAX,148
ARM00087765,2014-12-03,TMAX,266
ARM00087765,2009-01-16,TMAX,231
ARM00087765,2007-04-26,TMAX,122
ARM00087765,2005-06-27,TMAX,75
ARM00087765,2006-10-04,TMAX,141
ARM00087765,2005-01-18,TMIN,39
ARM00087765,2014-04-05,TMIN,79
ARM00087765,2014-04-05,TMAX,157
ARM00087765,2008-03-30,TMIN,25
ARM00087765,2012-08-10,TMIN,-64
ARM00087765,2008-03-30,TMAX,183
ARM00087765,2014-03-12,TMIN,87
ARM00087765,2014-03-12,TMAX,185
ARM00087765,2012-11-02,TMIN,54
ARM00087765,2015-01-16,TMIN,71
ARM00087765,2015-01-16,TMAX,292
ARM00087765,2013-01-01,TMIN,50
ARM00087765,2015-02-25,TMIN,106
ARM00087765,2015-02-25,TMAX,286
ARM00087765,2014-05-22,TMIN,-20
ARM00087765,2008-01-12,TMIN,58
ARM00087765,2005-01-18,TMAX,260
ARM00087765,2007-10-02,TMIN,46
ARM00087765,2008-07-10,TMIN,2
ARM00087765,2011-03-14,TMIN,0
ARM00087765,2012-09-19,TMIN,0
ARM00087765,2009-12-04,TMIN,-5
ARM00087765,2013-03-02,TMIN,70
ARM00087765,2012-04-15,TMIN,68
ARM00087765,2012-04-15,TMAX,130
ARM00087765,2012-10-19,TMIN,-22
ARM00087765,2005-03-07,TMIN,30
ARM00087765,2009-09-01,TMIN,-57
ARM00087765,2009-09-01,TMAX,95
ARM00087765,2007-09-28,TMIN,-52
ARM00087765,2009-10-12,TMIN,30
ARM00087765,2007-01-09,TMIN,95
ARM00087765,2010-01-23,TMIN,5
ARM00087765,2007-01-09,TMAX,240
ARM00087765,2013-06-11,TMIN,-40
ARM00087765,2009-10-12,TMAX,108
ARM00087765,2014-05-16,TMAX,110
ARM00087765,2014-05-16,TMIN,19
ARM00087765,2006-09-04,TMIN,-44
ARM00087765,2009-09-04,TMAX,112
ARM00087765,2009-09-04,TMIN,-68
ARM00087765,2012-10-26,TMIN,57
ARM00087765,2012-10-19,TMAX,141
ARM00087765,2012-09-19,TMAX,82
ARM00087765,2014-05-07,TMIN,33
ARM00087765,2005-09-01,TMAX,72
ARM00087765,2012-06-21,TMIN,18
ARM00087765,2012-06-21,TMAX,73
ARM00087765,2014-08-19,TMAX,191
ARM00087765,2005-03-07,TMAX,154
ARM00087765,2015-05-19,TMIN,21
ARM00087765,2011-07-03,TMIN,-116
ARM00087765,2005-04-13,TMIN,10
ARM00087765,2009-06-18,TMIN,10
ARM00087765,2005-11-13,TMAX,244
ARM00087765,2006-05-16,TMAX,112
ARM00087765,2005-11-13,TMIN,31
ARM00087765,2012-01-05,TMIN,78
ARM00087765,2012-01-05,TMAX,312
ARM00087765,2015-09-09,TMAX,46
ARM00087765,2010-10-20,TMAX,155
ARM00087765,2011-12-19,TMIN,99
ARM00087765,2007-02-07,TMIN,52
ARM00087765,2011-12-19,TMAX,210
ARM00087765,2011-06-27,TMIN,-23
ARM00087765,2011-10-14,TMAX,156
ARM00087765,2011-10-14,TMIN,-38
ARM00087765,2015-02-04,TMIN,117
ARM00087765,2015-09-09,TMIN,-42
ARM00087765,2006-05-16,TMIN,40
ARM00087765,2014-07-22,TMIN,-9
ARM00087765,2009-02-25,TMIN,45
ARM00087765,2015-09-10,TMIN,-20
ARM00087765,2005-10-30,TMIN,-25
ARM00087765,2005-02-21,TMIN,40
ARM00087765,2012-02-04,TMAX,225
ARM00087765,2009-10-21,TMIN,8
ARM00087765,2006-06-28,TMIN,49
ARM00087765,2009-10-21,TMAX,156
ARM00087765,2009-02-25,TMAX,305
ARM00087765,2008-12-18,TMIN,21
ARM00087765,2014-01-31,TMAX,190
ARM00087765,2013-06-20,TMIN,-35
ARM00087765,2008-10-24,TMIN,2
ARM00087765,2013-06-03,TMIN,54
ARM00087765,2010-03-02,TMAX,320
ARM00087765,2014-10-10,TMIN,-33
ARM00087765,2008-12-16,TMAX,220
ARM00087765,2008-12-16,TMIN,80
ARM00087765,2005-09-30,TMIN,-40
ARM00087765,2012-06-03,TMAX,83
ARM00087765,2009-06-17,TMIN,35
ARM00087765,2010-03-02,TMIN,90
ARM00087765,2014-10-30,TMAX,76
ARM00087765,2010-12-28,TMIN,55
ARM00087765,2013-03-05,TMAX,237
ARM00087765,2007-06-27,TMIN,-60
ARM00087765,2007-03-06,TMIN,108
ARM00087765,2014-07-22,TMAX,73
ARM00087765,2009-02-26,TMIN,44
ARM00087765,2011-06-03,TMIN,-40
ARM00087765,2009-01-18,TMIN,35
ARM00087765,2006-04-05,TMAX,152
ARM00087765,2012-02-25,TMIN,85
ARM00087765,2006-04-05,TMIN,-2
ARM00087765,2006-08-24,TMIN,-44
ARM00087765,2011-06-03,TMAX,130
ARM00087765,2006-10-29,TMIN,10
ARM00087765,2011-01-13,TMAX,219
ARM00087765,2008-11-07,TMAX,110
ARM00087765,2013-04-05,TMAX,184
ARM00087765,2007-03-29,TMIN,-2
ARM00087765,2012-07-09,TMAX,57
ARM00087765,2007-03-29,TMAX,255
ARM00087765,2009-03-07,TMIN,59
ARM00087765,2006-08-15,TMIN,-70
ARM00087765,2006-08-15,TMAX,54
ARM00087765,2013-04-05,TMIN,12
ARM00087765,2009-02-26,TMAX,305
ARM00087765,2006-06-12,TMIN,12
ARM00087765,2005-05-16,TMAX,81
ARM00087765,2007-07-01,TMIN,-10
ARM00087765,2007-07-01,TMAX,70
ARM00087765,2013-09-23,TMIN,-70
ARM00087765,2014-09-08,TMIN,5
ARM00087765,2005-09-09,TMIN,-62
ARM00087765,2014-09-08,TMAX,101
ARM00087765,2011-05-02,TMAX,122
ARM00087765,2005-09-09,TMAX,114
ARM00087765,2014-11-13,TMIN,8
ARM00087765,2014-11-13,TMAX,171
ARM00087765,2009-03-11,TMIN,80
ARM00087765,2009-03-11,TMAX,300
ARM00087765,2006-11-24,TMIN,13
ARM00087765,2009-06-27,TMAX,78
ARM00087765,2009-06-27,TMIN,-24
ARM00087765,2015-11-09,TMAX,181
ARM00087765,2010-01-05,TMIN,68
ARM00087765,2010-01-05,TMAX,205
ARM00087765,2012-05-03,TMIN,85
ARM00087765,2007-01-01,TMIN,58
ARM00087765,2007-01-01,TMAX,231
ARM00087765,2005-07-04,TMIN,24
ARM00087765,2010-08-28,TMIN,-15
ARM00087765,2010-05-22,TMAX,115
ARM00087765,2011-09-07,TMIN,0
ARM00087765,2015-05-16,TMIN,102
ARM00087765,2010-09-05,TMIN,-23
ARM00087765,2011-03-14,TMAX,156
ARM00087765,2009-01-11,TMIN,80
ARM00087765,2014-03-24,TMAX,231
ARM00087765,2006-03-18,TMIN,50
ARM00087765,2012-01-31,TMAX,126
ARM00087765,2012-01-31,TMIN,60
ARM00087765,2015-07-16,TMIN,-13
ARM00087765,2015-07-16,TMAX,62
ARM00087765,2012-08-28,TMAX,73
ARM00087765,2012-08-28,TMIN,-30
ARM00087765,2011-07-27,TMAX,68
ARM00087765,2006-10-20,TMIN,39
ARM00087765,2007-06-06,TMAX,116
ARM00087765,2007-06-06,TMIN,-60
ARM00087765,2015-12-25,TMIN,9
ARM00087765,2008-11-24,TMIN,69
ARM00087765,2005-03-12,TMIN,124
ARM00087765,2010-02-28,TMIN,40
ARM00087765,2010-05-22,TMIN,-4
ARM00087765,2005-03-25,TMIN,40
ARM00087765,2012-08-24,TMIN,-54
ARM00087765,2015-01-29,TMIN,77
ARM00087765,2005-03-12,TMAX,228
ARM00087765,2010-08-28,TMAX,60
ARM00087765,2005-05-24,TMIN,7
ARM00087765,2010-07-30,TMAX,55
ARM00087765,2012-01-25,TMIN,76
ARM00087765,2014-12-30,TMIN,72
ARM00087765,2009-11-01,TMIN,-32
ARM00087765,2014-08-19,TMIN,-29
ARM00087765,2009-03-21,TMAX,242
ARM00087765,2014-12-30,TMAX,182
ARM00087765,2005-06-21,TMIN,2
ARM00087765,2008-09-09,TMIN,-20
ARM00087765,2007-06-22,TMAX,26
ARM00087765,2008-04-25,TMAX,202
ARM00087765,2010-12-13,TMIN,50
ARM00087765,2015-12-01,TMAX,246
ARM00087765,2015-12-01,TMIN,47
ARM00087765,2012-10-18,TMAX,240
ARM00087765,2015-04-09,TMAX,185
ARM00087765,2011-02-08,TMIN,51
ARM00087765,2008-09-09,TMAX,96
ARM00087765,2010-02-11,TMIN,34
ARM00087765,2009-06-18,TMAX,85
ARM00087765,2008-12-09,TMAX,264
ARM00087765,2015-04-09,TMIN,-29
ARM00087765,2010-03-01,TMIN,90
ARM00087765,2008-04-25,TMIN,-45
ARM00087765,2012-03-29,TMIN,-10
ARM00087765,2007-03-27,TMIN,-33
ARM00087765,2008-03-09,TMAX,158
ARM00087765,2010-07-30,TMIN,-5
ARM00087765,2015-07-06,TMIN,20
ARM00087765,2012-02-09,TMIN,16
ARM00087765,2008-12-09,TMIN,55
ARM00087765,2012-08-24,TMAX,67
ARM00087765,2014-06-10,TMAX,109
ARM00087765,2015-11-17,TMAX,151
ARM00087765,2005-04-16,TMIN,-45
ARM00087765,2011-08-31,TMIN,-23
ARM00087765,2014-06-12,TMIN,-26
ARM00087765,2007-11-07,TMAX,170
ARM00087765,2010-08-09,TMIN,-70
ARM00087765,2008-11-17,TMIN,56
ARM00087765,2008-05-03,TMIN,3
ARM00087765,2015-11-17,TMIN,27
ARM00087765,2008-03-09,TMIN,9
ARM00087765,2009-09-11,TMIN,-35
ARM00087765,2006-12-24,TMIN,16
ARM00087765,2011-03-04,TMIN,60
ARM00087765,2012-07-07,TMIN,-15
ARM00087765,2010-01-30,TMIN,10
ARM00087765,2015-06-07,TMIN,21
ARM00087765,2015-12-05,TMIN,80
ARM00087765,2008-05-31,TMIN,-66
ARM00087765,2010-03-06,TMIN,65
ARM00087765,2007-08-11,TMIN,-12
ARM00087765,2005-06-13,TMIN,-130
ARM00087765,2009-10-14,TMIN,10
ARM00087765,2011-05-03,TMIN,-48
ARM00087765,2011-09-01,TMIN,0
ARM00087765,2011-01-02,TMIN,127
ARM00087765,2011-01-02,TMAX,326
ARM00087765,2014-02-06,TMIN,56
ARM00087765,2008-10-27,TMIN,-25
ARM00087765,2005-09-07,TMAX,120
ARM00087765,2014-11-10,TMAX,236
ARM00087765,2010-03-27,TMIN,10
ARM00087765,2012-08-26,TMIN,-25
ARM00087765,2015-05-20,TMAX,141
ARM00087765,2012-10-22,TMAX,159
ARM00087765,2006-10-27,TMAX,225
ARM00087765,2012-12-21,TMIN,50
ARM00087765,2014-05-09,TMIN,26
ARM00087765,2007-11-15,TMIN,30
ARM00087765,2006-09-02,TMAX,93
ARM00087765,2006-09-30,TMIN,-13
ARM00087765,2006-09-30,TMAX,147
ARM00087765,2005-11-29,TMIN,15
ARM00087765,2009-03-06,TMIN,42
ARM00087765,2009-03-06,TMAX,199
ARM00087765,2008-05-28,TMIN,-76
ARM00087765,2006-03-24,TMAX,174
ARM00087765,2006-03-24,TMIN,21
ARM00087765,2006-12-06,TMAX,226
ARM00087765,2008-06-26,TMIN,8
ARM00087765,2009-09-08,TMAX,72
ARM00087765,2006-10-17,TMIN,-15
ARM00087765,2007-03-28,TMIN,-13
ARM00087765,2009-10-18,TMIN,-38
ARM00087765,2009-11-28,TMIN,-5
ARM00087765,2012-05-13,TMIN,-53
ARM00087765,2008-04-07,TMAX,148
ARM00087765,2012-05-13,TMAX,142
ARM00087765,2006-10-17,TMAX,197
ARM00087765,2013-02-02,TMIN,53
ARM00087765,2014-08-31,TMIN,-7
ARM00087765,2009-10-18,TMAX,185
ARM00087765,2006-04-06,TMIN,16
ARM00087765,2015-03-10,TMIN,6
ARM00087765,2008-07-05,TMIN,48
ARM00087765,2008-07-05,TMAX,102
ARM00087765,2013-01-08,TMIN,82
ARM00087765,2015-03-10,TMAX,274
ARM00087765,2009-11-28,TMAX,184
ARM00087765,2008-04-07,TMIN,75
ARM00087765,2010-04-06,TMIN,-15
ARM00087765,2010-10-12,TMIN,-15
ARM00087765,2009-02-28,TMAX,320
ARM00087765,2009-08-19,TMAX,38
ARM00087765,2009-02-28,TMIN,44
ARM00087765,2005-05-06,TMIN,-88
ARM00087765,2007-06-15,TMIN,-20
ARM00087765,2013-11-26,TMIN,10
ARM00087765,2014-05-27,TMIN,-4
ARM00087765,2005-04-19,TMIN,42
ARM00087765,2011-12-16,TMIN,137
ARM00087765,2012-12-09,TMIN,20
ARM00087765,2012-11-07,TMIN,90
ARM00087765,2010-09-20,TMAX,104
ARM00087765,2015-11-22,TMIN,-4
ARM00087765,2012-09-07,TMIN,-15
ARM00087765,2015-10-26,TMIN,41
ARM00087765,2006-12-21,TMIN,48
ARM00087765,2009-04-09,TMAX,230
ARM00087765,2005-12-10,TMIN,28
ARM00087765,2015-10-19,TMAX,225
ARM00087765,2006-04-11,TMAX,188
ARM00087765,2014-03-26,TMIN,46
ARM00087765,2015-10-19,TMIN,-44
ARM00087765,2010-09-20,TMIN,25
ARM00087765,2005-10-07,TMIN,8
ARM00087765,2009-04-09,TMIN,-10
ARM00087765,2009-09-03,TMIN,-85
ARM00087765,2013-08-02,TMIN,-76
ARM00087765,2013-08-02,TMAX,98
ARM00087765,2010-10-12,TMAX,270
ARM00087765,2008-11-30,TMIN,13
ARM00087765,2008-07-01,TMIN,-88
ARM00087765,2015-10-30,TMAX,134
ARM00087765,2006-07-28,TMAX,52
ARM00087765,2006-09-02,TMIN,-72
ARM00087765,2006-07-06,TMIN,-15
ARM00087765,2013-05-10,TMIN,70
ARM00087765,2009-08-19,TMIN,-20
ARM00087765,2013-05-10,TMAX,154
ARM00087765,2009-10-01,TMAX,170
ARM00087765,2012-05-07,TMAX,165
ARM00087765,2009-07-17,TMIN,-70
ARM00087765,2013-09-12,TMIN,-55
ARM00087765,2006-08-13,TMIN,10
ARM00087765,2006-08-13,TMAX,55
ARM00087765,2015-06-18,TMIN,-64
ARM00087765,2008-06-13,TMAX,84
ARM00087765,2015-06-18,TMAX,61
ARM00087765,2008-06-13,TMIN,36
ARM00087765,2009-10-01,TMIN,35
ARM00087765,2012-09-07,TMAX,192
ARM00087765,2010-08-24,TMAX,73
ARM00087765,2010-08-24,TMIN,15
ARM00087765,2012-09-02,TMIN,40
ARM00087765,2007-09-21,TMIN,5
ARM00087765,2015-09-24,TMIN,39
ARM00087765,2008-08-22,TMIN,-48
ARM00087765,2013-05-25,TMIN,23
ARM00087765,2009-02-04,TMIN,50
ARM00087765,2013-05-25,TMAX,146
ARM00087765,2010-08-01,TMIN,-105
ARM00087765,2014-09-30,TMAX,121
ARM00087765,2008-11-25,TMIN,3
ARM00087765,2014-09-30,TMIN,18
ARM00087765,2010-12-23,TMIN,103
ARM00087765,2011-03-07,TMAX,256
ARM00087765,2015-03-05,TMAX,250
ARM00087765,2015-03-05,TMIN,54
ARM00087765,2010-12-23,TMAX,263
ARM00087765,2010-05-30,TMIN,-50
ARM00087765,2007-09-22,TMIN,-35
ARM00087765,2014-02-28,TMAX,241
ARM00087765,2010-05-30,TMAX,105
ARM00087765,2014-07-31,TMIN,-24
ARM00087765,2015-09-24,TMAX,126
ARM00087765,2009-10-25,TMIN,10
ARM00087765,2014-12-14,TMIN,76
ARM00087765,2006-12-13,TMAX,205
ARM00087765,2005-01-12,TMIN,77
ARM00087765,2015-03-21,TMAX,207
ARM00087765,2015-09-13,TMAX,138
ARM00087765,2015-09-13,TMIN,-55
ARM00087765,2010-02-03,TMAX,228
ARM00087765,2010-02-03,TMIN,24
ARM00087765,2006-08-21,TMIN,-30
ARM00087765,2011-06-15,TMAX,80
ARM00087765,2011-12-13,TMIN,63
ARM00087765,2007-04-02,TMIN,79
ARM00087765,2014-12-12,TMIN,-5
ARM00087765,2007-04-02,TMAX,220
ARM00087765,2005-11-14,TMAX,227
ARM00087765,2009-01-28,TMIN,35
ARM00087765,2005-01-25,TMIN,4
ARM00087765,2012-12-18,TMAX,136
ARM00087765,2012-12-18,TMIN,56
ARM00087765,2009-08-06,TMAX,86
ARM00087765,2009-08-06,TMIN,-35
ARM00087765,2006-12-13,TMIN,97
ARM00087765,2005-09-08,TMIN,-21
ARM00087765,2014-12-14,TMAX,223
ARM00087765,2006-08-14,TMIN,-4
ARM00087765,2011-09-09,TMIN,28
ARM00087765,2007-06-23,TMIN,-30
ARM00087765,2011-09-09,TMAX,103
ARM00087765,2015-03-29,TMAX,240
ARM00087765,2015-03-29,TMIN,80
ARM00087765,2007-09-13,TMIN,34
ARM00087765,2015-11-05,TMIN,16
ARM00087765,2012-11-22,TMIN,0
ARM00087765,2007-09-12,TMIN,-6
ARM00087765,2009-12-19,TMAX,185
ARM00087765,2007-09-12,TMAX,128
ARM00087765,2009-12-19,TMIN,15
ARM00087765,2009-11-07,TMIN,5
ARM00087765,2014-09-16,TMAX,151
ARM00087765,2013-10-13,TMAX,183
ARM00087765,2012-10-21,TMIN,29
ARM00087765,2006-07-24,TMIN,10
ARM00087765,2006-01-11,TMIN,70
ARM00087765,2005-10-07,TMAX,175
ARM00087765,2011-02-24,TMIN,45
ARM00087765,2012-07-19,TMIN,15
ARM00087765,2006-01-11,TMAX,160
ARM00087765,2009-09-08,TMIN,-80
ARM00087765,2012-03-07,TMIN,10
ARM00087765,2013-01-13,TMAX,337
ARM00087765,2013-10-13,TMIN,37
ARM00087765,2010-06-22,TMIN,10
ARM00087765,2013-09-21,TMIN,-51
ARM00087765,2008-10-05,TMIN,30
ARM00087765,2011-03-07,TMIN,38
ARM00087765,2012-08-12,TMIN,0
ARM00087765,2012-08-12,TMAX,75
ARM00087765,2011-11-26,TMIN,1
ARM00087765,2009-03-28,TMAX,210
ARM00087765,2010-06-25,TMIN,0
ARM00087765,2010-08-13,TMAX,98
ARM00087765,2006-07-23,TMIN,-12
ARM00087765,2015-10-05,TMAX,135
ARM00087765,2008-08-23,TMIN,-46
ARM00087765,2011-03-15,TMAX,152
ARM00087765,2008-08-23,TMAX,124
ARM00087765,2009-03-28,TMIN,118
ARM00087765,2010-08-13,TMIN,-70
ARM00087765,2013-12-04,TMAX,170
ARM00087765,2006-03-06,TMAX,220
ARM00087765,2006-03-06,TMIN,70
ARM00087765,2012-06-06,TMIN,-104
ARM00087765,2015-10-05,TMIN,30
ARM00087765,2013-05-29,TMIN,18
ARM00087765,2007-07-24,TMAX,54
ARM00087765,2011-03-15,TMIN,31
ARM00087765,2005-02-05,TMIN,48
ARM00087765,2015-03-21,TMIN,17
ARM00087765,2006-04-11,TMIN,96
ARM00087765,2007-02-01,TMIN,50
ARM00087765,2005-01-10,TMIN,0
ARM00087765,2005-11-10,TMAX,228
ARM00087765,2014-09-12,TMAX,111
ARM00087765,2014-04-18,TMIN,16
ARM00087765,2009-01-13,TMAX,219
ARM00087765,2009-08-16,TMIN,-5
ARM00087765,2007-05-19,TMIN,-52
ARM00087765,2006-09-14,TMIN,-13
ARM00087765,2005-11-10,TMIN,64
ARM00087765,2009-08-16,TMAX,55
ARM00087765,2014-01-07,TMIN,85
ARM00087765,2006-04-24,TMAX,159
ARM00087765,2011-07-11,TMIN,36
ARM00087765,2013-05-20,TMIN,-25
ARM00087765,2013-02-19,TMIN,0
ARM00087765,2005-09-25,TMIN,-40
ARM00087765,2013-05-20,TMAX,126
ARM00087765,2006-04-24,TMIN,60
ARM00087765,2005-12-12,TMIN,35
ARM00087765,2011-07-11,TMAX,114
ARM00087765,2009-04-03,TMAX,124
ARM00087765,2014-09-12,TMIN,-9
ARM00087765,2012-04-06,TMIN,61
ARM00087765,2014-10-07,TMIN,48
ARM00087765,2009-09-12,TMIN,13
ARM00087765,2010-01-10,TMIN,84
ARM00087765,2006-10-28,TMAX,116
ARM00087765,2006-10-28,TMIN,33
ARM00087765,2014-10-19,TMIN,-11
ARM00087765,2005-10-02,TMIN,30
ARM00087765,2005-10-08,TMIN,40
ARM00087765,2009-12-23,TMAX,166
ARM00087765,2008-06-21,TMIN,-8
ARM00087765,2012-07-24,TMIN,-5
ARM00087765,2013-11-16,TMIN,-20
ARM00087765,2006-06-04,TMIN,10
ARM00087765,2013-12-02,TMAX,220
ARM00087765,2012-03-04,TMIN,100
ARM00087765,2008-10-25,TMIN,-10
ARM00087765,2008-10-25,TMAX,202
ARM00087765,2009-09-12,TMAX,180
ARM00087765,2008-01-10,TMIN,20
ARM00087765,2015-01-27,TMIN,110
ARM00087765,2009-11-15,TMIN,44
ARM00087765,2015-04-29,TMAX,178
ARM00087765,2014-10-07,TMAX,221
ARM00087765,2015-04-29,TMIN,26
ARM00087765,2013-12-02,TMIN,-13
ARM00087765,2014-02-04,TMIN,81
ARM00087765,2012-02-10,TMIN,16
ARM00087765,2013-03-24,TMIN,96
ARM00087765,2007-06-02,TMIN,30
ARM00087765,2005-01-16,TMIN,126
ARM00087765,2009-12-09,TMAX,221
ARM00087765,2015-03-02,TMAX,209
ARM00087765,2012-08-27,TMIN,4
ARM00087765,2009-12-09,TMIN,90
ARM00087765,2007-01-28,TMIN,52
ARM00087765,2007-01-28,TMAX,235
ARM00087765,2014-05-01,TMAX,122
ARM00087765,2014-05-01,TMIN,-13
ARM00087765,2008-07-12,TMIN,15
ARM00087765,2012-11-08,TMAX,215
ARM00087765,2006-08-09,TMAX,56
ARM00087765,2012-12-16,TMIN,69
ARM00087765,2006-08-09,TMIN,-6
ARM00087765,2011-07-12,TMIN,39
ARM00087765,2012-12-16,TMAX,148
ARM00087765,2011-03-22,TMIN,43
ARM00087765,2007-09-03,TMIN,-6
ARM00087765,2007-09-03,TMAX,131
ARM00087765,2011-03-22,TMAX,171
ARM00087765,2009-08-07,TMIN,-28
ARM00087765,2011-07-12,TMAX,82
ARM00087765,2006-06-19,TMAX,62
ARM00087765,2005-07-06,TMAX,55
ARM00087765,2007-10-06,TMIN,-10
ARM00087765,2009-07-05,TMAX,80
ARM00087765,2010-05-13,TMIN,-74
ARM00087765,2011-08-01,TMIN,-30
ARM00087765,2009-07-05,TMIN,5
ARM00087765,2010-05-09,TMIN,-4
ARM00087765,2012-01-12,TMIN,30
ARM00087765,2007-02-09,TMIN,23
ARM00087765,2009-10-08,TMIN,-14
ARM00087765,2014-04-04,TMAX,161
ARM00087765,2014-03-09,TMIN,46
ARM00087765,2005-07-06,TMIN,-51
ARM00087765,2014-03-09,TMAX,177
ARM00087765,2014-04-04,TMIN,46
ARM00087765,2009-03-20,TMIN,10
ARM00087765,2013-06-18,TMAX,53
ARM00087765,2011-08-27,TMIN,10
ARM00087765,2011-08-27,TMAX,86
ARM00087765,2006-02-28,TMAX,150
ARM00087765,2007-10-06,TMAX,100
ARM00087765,2015-11-24,TMAX,186
ARM00087765,2006-02-28,TMIN,84
ARM00087765,2015-11-24,TMIN,51
ARM00087765,2010-10-19,TMIN,66
ARM00087765,2007-06-12,TMAX,20
ARM00087765,2015-06-19,TMIN,-58
ARM00087765,2009-08-02,TMIN,-14
ARM00087765,2006-05-04,TMIN,-36
ARM00087765,2014-09-25,TMIN,-5
ARM00087765,2011-04-06,TMAX,230
ARM00087765,2010-10-30,TMIN,18
ARM00087765,2011-04-06,TMIN,-20
ARM00087765,2007-09-19,TMIN,-1
ARM00087765,2007-09-19,TMAX,90
ARM00087765,2008-07-17,TMIN,12
ARM00087765,2010-06-16,TMIN,6
ARM00087765,2006-01-19,TMAX,250
ARM00087765,2006-01-19,TMIN,56
ARM00087765,2008-07-17,TMAX,96
ARM00087765,2010-07-16,TMIN,-137
ARM00087765,2005-06-01,TMAX,145
ARM00087765,2006-06-06,TMIN,0
ARM00087765,2015-11-23,TMIN,26
ARM00087765,2008-12-01,TMIN,121
ARM00087765,2014-02-08,TMIN,116
ARM00087765,2013-11-23,TMAX,198
ARM00087765,2007-09-17,TMIN,23
ARM00087765,2005-10-05,TMIN,-32
ARM00087765,2010-01-21,TMIN,105
ARM00087765,2010-03-15,TMIN,48
ARM00087765,2012-02-26,TMIN,70
ARM00087765,2012-06-18,TMIN,-12
ARM00087765,2015-03-27,TMAX,231
ARM00087765,2015-03-27,TMIN,46
ARM00087765,2006-01-10,TMIN,58
ARM00087765,2011-10-21,TMAX,158
ARM00087765,2010-08-31,TMIN,-74
ARM00087765,2011-10-21,TMIN,47
ARM00087765,2010-08-31,TMAX,56
ARM00087765,2005-07-25,TMIN,-98
ARM00087765,2015-03-09,TMIN,15
ARM00087765,2007-08-16,TMAX,54
ARM00087765,2013-11-23,TMIN,46
ARM00087765,2009-07-09,TMIN,30
ARM00087765,2007-03-20,TMIN,-10
ARM00087765,2008-06-06,TMIN,20
ARM00087765,2007-03-20,TMAX,225
ARM00087765,2010-01-17,TMIN,72
ARM00087765,2013-07-02,TMAX,103
ARM00087765,2006-06-16,TMIN,-18
ARM00087765,2010-03-05,TMIN,70
ARM00087765,2014-07-09,TMAX,88
ARM00087765,2014-07-09,TMIN,-51
ARM00087765,2010-03-05,TMAX,247
ARM00087765,2010-01-17,TMAX,202
ARM00087765,2008-07-03,TMIN,-39
ARM00087765,2010-03-17,TMIN,96
ARM00087765,2006-06-22,TMAX,80
ARM00087765,2006-01-03,TMIN,30
ARM00087765,2011-06-02,TMIN,-25
ARM00087765,2007-11-17,TMIN,46
ARM00087765,2007-11-17,TMAX,142
ARM00087765,2012-06-09,TMIN,-115
ARM00087765,2011-08-21,TMAX,90
ARM00087765,2011-08-21,TMIN,-48
ARM00087765,2014-09-03,TMIN,40
ARM00087765,2008-01-25,TMAX,293
ARM00087765,2014-09-03,TMAX,124
ARM00087765,2006-01-03,TMAX,230
ARM00087765,2008-01-25,TMIN,145
ARM00087765,2007-05-14,TMAX,113
ARM00087765,2013-02-03,TMIN,17
ARM00087765,2011-07-25,TMIN,16
ARM00087765,2014-02-16,TMIN,46
ARM00087765,2008-05-26,TMAX,96
ARM00087765,2008-05-26,TMIN,-55
ARM00087765,2008-03-06,TMIN,13
ARM00087765,2011-07-25,TMAX,107
ARM00087765,2007-05-14,TMIN,-46
ARM00087765,2006-11-22,TMIN,1
ARM00087765,2012-11-11,TMIN,33
ARM00087765,2009-09-27,TMIN,-72
ARM00087765,2011-07-13,TMIN,40
ARM00087765,2009-01-19,TMIN,32
ARM00087765,2010-03-17,TMAX,220
ARM00087765,2007-08-09,TMIN,-111
ARM00087765,2014-10-09,TMAX,123
ARM00087765,2014-10-09,TMIN,-39
ARM00087765,2007-07-05,TMAX,40
ARM00087765,2011-08-14,TMIN,-32
ARM00087765,2015-02-07,TMIN,47
ARM00087765,2007-07-05,TMIN,-1
ARM00087765,2005-12-05,TMIN,18
ARM00087765,2013-12-18,TMAX,286
ARM00087765,2008-06-12,TMIN,30
ARM00087765,2012-12-11,TMAX,183
ARM00087765,2010-11-06,TMIN,80
ARM00087765,2010-02-10,TMIN,30
ARM00087765,2010-02-09,TMIN,90
ARM00087765,2007-06-20,TMAX,60
ARM00087765,2011-04-08,TMIN,-25
ARM00087765,2013-04-20,TMAX,237
ARM00087765,2014-08-09,TMAX,84
ARM00087765,2013-04-20,TMIN,-10
ARM00087765,2012-11-21,TMAX,230
ARM00087765,2006-07-21,TMAX,55
ARM00087765,2007-08-13,TMIN,-2
ARM00087765,2009-10-20,TMIN,-32
ARM00087765,2011-04-05,TMIN,83
ARM00087765,2009-03-15,TMIN,-18
ARM00087765,2007-09-05,TMAX,173
ARM00087765,2011-08-13,TMIN,-4
ARM00087765,2015-06-24,TMIN,-45
ARM00087765,2006-11-02,TMIN,48
ARM00087765,2008-03-24,TMAX,248
ARM00087765,2013-04-24,TMIN,-25
ARM00087765,2013-04-24,TMAX,218
ARM00087765,2011-08-13,TMAX,68
ARM00087765,2007-12-07,TMIN,96
ARM00087765,2012-03-24,TMAX,194
ARM00087765,2010-07-14,TMIN,-63
ARM00087765,2008-10-01,TMAX,170
ARM00087765,2012-03-24,TMIN,-5
ARM00087765,2015-09-20,TMAX,142
ARM00087765,2011-11-02,TMIN,58
ARM00087765,2011-11-02,TMAX,194
ARM00087765,2010-07-14,TMAX,55
ARM00087765,2013-03-14,TMIN,4
ARM00087765,2013-12-01,TMIN,56
ARM00087765,2015-09-20,TMIN,-25
ARM00087765,2014-05-12,TMIN,-23
ARM00087765,2007-09-05,TMIN,10
ARM00087765,2008-03-05,TMIN,35
ARM00087765,2008-03-05,TMAX,271
ARM00087765,2008-10-01,TMIN,43
ARM00087765,2008-07-27,TMAX,102
ARM00087765,2013-12-31,TMIN,76
ARM00087765,2008-10-06,TMIN,59
ARM00087765,2015-09-26,TMIN,-12
ARM00087765,2008-03-24,TMIN,15
ARM00087765,2013-10-12,TMAX,194
ARM00087765,2009-04-29,TMIN,-12
ARM00087765,2015-10-04,TMIN,44
ARM00087765,2013-07-16,TMIN,49
ARM00087765,2007-09-02,TMAX,130
ARM00087765,2010-03-26,TMIN,32
ARM00087765,2014-05-10,TMIN,-10
ARM00087765,2007-05-09,TMAX,124
ARM00087765,2010-12-25,TMIN,102
ARM00087765,2014-01-21,TMIN,112
ARM00087765,2007-09-02,TMIN,-25
ARM00087765,2015-08-09,TMIN,5
ARM00087765,2010-11-08,TMIN,30
ARM00087765,2015-11-03,TMIN,-24
ARM00087765,2015-05-07,TMIN,26
ARM00087765,2005-08-06,TMIN,-31
ARM00087765,2013-07-07,TMAX,49
ARM00087765,2007-05-09,TMIN,-20
ARM00087765,2005-08-06,TMAX,50
ARM00087765,2014-05-12,TMAX,116
ARM00087765,2006-05-21,TMIN,-90
ARM00087765,2008-08-20,TMAX,68
ARM00087765,2006-10-02,TMIN,-20
ARM00087765,2005-05-05,TMIN,-5
ARM00087765,2010-01-29,TMAX,211
ARM00087765,2010-01-29,TMIN,72
ARM00087765,2007-06-13,TMIN,-91
ARM00087765,2007-06-13,TMAX,18
ARM00087765,2009-02-02,TMIN,74
ARM00087765,2005-02-16,TMIN,70
ARM00087765,2011-05-14,TMIN,16
ARM00087765,2008-08-20,TMIN,-12
ARM00087765,2013-06-19,TMIN,-28
ARM00087765,2005-12-13,TMAX,304
ARM00087765,2007-04-24,TMAX,108
ARM00087765,2006-05-10,TMIN,-16
ARM00087765,2005-05-12,TMIN,15
ARM00087765,2012-06-16,TMIN,-50
ARM00087765,2012-06-16,TMAX,28
ARM00087765,2007-01-24,TMIN,47
ARM00087765,2013-08-14,TMIN,-85
ARM00087765,2010-05-21,TMIN,-43
ARM00087765,2009-09-16,TMIN,-50
ARM00087765,2007-04-24,TMIN,34
ARM00087765,2008-07-27,TMIN,12
ARM00087765,2009-07-22,TMIN,-90
ARM00087765,2012-05-26,TMIN,-6
ARM00087765,2005-04-22,TMAX,185
ARM00087765,2005-04-22,TMIN,-54
ARM00087765,2015-08-04,TMIN,9
ARM00087765,2006-05-21,TMAX,101
ARM00087765,2006-11-08,TMIN,-22
ARM00087765,2005-01-14,TMAX,260
ARM00087765,2007-05-05,TMIN,-50
ARM00087765,2007-05-05,TMAX,114
ARM00087765,2011-03-11,TMAX,185
ARM00087765,2005-01-14,TMIN,86
ARM00087765,2005-05-05,TMAX,83
ARM00087765,2011-10-16,TMIN,-21
ARM00087765,2011-09-12,TMIN,27
ARM00087765,2012-05-26,TMAX,90
ARM00087765,2008-01-08,TMIN,124
ARM00087765,2014-01-12,TMIN,80
ARM00087765,2009-07-22,TMAX,22
ARM00087765,2015-12-06,TMIN,125
ARM00087765,2015-12-06,TMAX,266
ARM00087765,2007-02-06,TMAX,216
ARM00087765,2010-04-19,TMIN,45
ARM00087765,2010-04-19,TMAX,120
ARM00087765,2010-03-26,TMAX,220
ARM00087765,2011-06-20,TMAX,83
ARM00087765,2011-03-20,TMIN,28
ARM00087765,2013-08-22,TMAX,42
ARM00087765,2005-08-08,TMIN,-72
ARM00087765,2013-08-19,TMAX,126
ARM00087765,2008-08-21,TMIN,-14
ARM00087765,2011-01-30,TMAX,272
ARM00087765,2011-01-30,TMIN,84
ARM00087765,2005-03-24,TMIN,65
ARM00087765,2013-01-23,TMAX,296
ARM00087765,2009-09-02,TMIN,-83
ARM00087765,2011-07-19,TMAX,35
ARM00087765,2015-01-23,TMIN,106
ARM00087765,2014-12-23,TMIN,71
ARM00087765,2011-07-19,TMIN,-61
ARM00087765,2007-07-27,TMIN,-40
ARM00087765,2014-06-30,TMIN,-54
ARM00087765,2007-07-27,TMAX,104
ARM00087765,2013-04-12,TMIN,-60
ARM00087765,2011-04-13,TMAX,135
ARM00087765,2011-04-13,TMIN,18
ARM00087765,2011-10-06,TMAX,145
ARM00087765,2012-07-16,TMIN,-55
ARM00087765,2012-08-17,TMIN,-3
ARM00087765,2005-08-08,TMAX,36
ARM00087765,2014-10-18,TMAX,136
ARM00087765,2014-10-18,TMIN,33
ARM00087765,2009-06-20,TMIN,-50
ARM00087765,2015-11-08,TMIN,52
ARM00087765,2008-03-26,TMIN,43
ARM00087765,2006-11-13,TMIN,26
ARM00087765,2012-04-25,TMAX,150
ARM00087765,2012-04-25,TMIN,-16
ARM00087765,2010-10-01,TMIN,-54
ARM00087765,2011-06-10,TMIN,23
ARM00087765,2009-04-04,TMIN,37
ARM00087765,2010-06-07,TMIN,-95
ARM00087765,2011-06-10,TMAX,104
ARM00087765,2005-03-24,TMAX,216
ARM00087765,2007-10-21,TMIN,45
ARM00087765,2015-07-19,TMIN,-4
ARM00087765,2009-12-10,TMIN,5
ARM00087765,2009-02-22,TMAX,229
ARM00087765,2012-05-24,TMIN,-66
ARM00087765,2008-08-04,TMIN,-3
ARM00087765,2006-10-19,TMAX,180
ARM00087765,2013-10-26,TMAX,202
ARM00087765,2013-10-26,TMIN,46
ARM00087765,2008-01-18,TMIN,9
ARM00087765,2008-08-04,TMAX,70
ARM00087765,2015-07-19,TMAX,32
ARM00087765,2014-07-06,TMIN,-74
ARM00087765,2012-09-27,TMIN,12
ARM00087765,2013-07-25,TMIN,-80
ARM00087765,2012-04-28,TMIN,28
ARM00087765,2006-05-13,TMIN,-4
ARM00087765,2009-11-22,TMIN,-20
ARM00087765,2009-02-19,TMIN,97
ARM00087765,2009-11-22,TMAX,135
ARM00087765,2014-08-18,TMIN,-44
ARM00087765,2009-01-01,TMIN,60
ARM00087765,2007-01-12,TMIN,65
ARM00087765,2013-11-29,TMIN,14
ARM00087765,2007-01-05,TMIN,48
ARM00087765,2014-12-16,TMIN,16
ARM00087765,2009-02-19,TMAX,212
ARM00087765,2013-02-13,TMAX,168
ARM00087765,2011-01-21,TMIN,96
ARM00087765,2015-12-29,TMIN,86
ARM00087765,2009-06-26,TMAX,83
ARM00087765,2009-06-26,TMIN,-85
ARM00087765,2005-05-18,TMIN,-28
ARM00087765,2010-07-19,TMIN,-10
ARM00087765,2013-09-07,TMIN,46
ARM00087765,2011-11-09,TMIN,18
ARM00087765,2013-08-22,TMIN,-43
ARM00087765,2012-06-14,TMAX,80
ARM00087765,2011-03-20,TMAX,214
ARM00087765,2013-05-08,TMAX,148
ARM00087765,2005-02-11,TMIN,131
ARM00087765,2012-09-27,TMAX,164
ARM00087765,2015-08-27,TMIN,16
ARM00087765,2014-06-29,TMAX,101
ARM00087765,2014-06-29,TMIN,-65
ARM00087765,2015-06-06,TMAX,72
ARM00087765,2009-11-06,TMAX,75
ARM00087765,2009-11-06,TMIN,-28
ARM00087765,2013-02-13,TMIN,105
ARM00087765,2005-02-18,TMAX,282
ARM00087765,2015-06-06,TMIN,22
ARM00087765,2013-05-08,TMIN,-16
ARM00087765,2005-02-18,TMIN,66
ARM00087765,2010-03-08,TMAX,220
ARM00087765,2012-09-21,TMIN,24
ARM00087765,2008-01-19,TMIN,68
ARM00087765,2008-06-03,TMIN,10
ARM00087765,2009-07-19,TMIN,40
ARM00087765,2010-12-21,TMIN,100
ARM00087765,2008-09-05,TMIN,-77
ARM00087765,2009-07-29,TMIN,-105
ARM00087765,2011-10-30,TMIN,10
ARM00087765,2009-02-22,TMIN,43
ARM00087765,2009-07-19,TMAX,74
ARM00087765,2011-06-20,TMIN,-4
ARM00087765,2007-10-15,TMAX,176
ARM00087765,2014-11-28,TMIN,56
ARM00087765,2011-05-17,TMIN,-30
ARM00087765,2011-05-17,TMAX,136
ARM00087765,2015-10-02,TMAX,95
ARM00087765,2015-10-02,TMIN,23
ARM00087765,2012-10-31,TMAX,179
ARM00087765,2015-12-19,TMIN,-27
ARM00087765,2011-02-09,TMIN,140
ARM00087765,2011-10-15,TMAX,150
ARM00087765,2011-10-15,TMIN,53
ARM00087765,2011-11-19,TMIN,-20
ARM00087765,2009-08-29,TMIN,44
ARM00087765,2007-01-30,TMIN,38
ARM00087765,2010-10-08,TMIN,19
ARM00087765,2010-05-03,TMIN,-18
ARM00087765,2009-08-29,TMAX,114
ARM00087765,2010-05-03,TMAX,151
ARM00087765,2015-01-03,TMIN,41
ARM00087765,2013-04-26,TMAX,181
ARM00087765,2013-04-26,TMIN,-50
ARM00087765,2005-05-27,TMIN,30
ARM00087765,2006-03-25,TMIN,-17
ARM00087765,2015-02-02,TMAX,275
ARM00087765,2007-06-24,TMIN,-10
ARM00087765,2005-10-14,TMIN,-24
ARM00087765,2015-02-02,TMIN,110
ARM00087765,2006-08-27,TMIN,-64
ARM00087765,2010-05-31,TMAX,105
ARM00087765,2014-02-13,TMAX,237
ARM00087765,2014-02-13,TMIN,73
ARM00087765,2013-04-13,TMIN,-24
ARM00087765,2007-05-27,TMAX,85
ARM00087765,2007-05-27,TMIN,-63
ARM00087765,2005-07-26,TMIN,-80
ARM00087765,2005-07-26,TMAX,127
ARM00087765,2012-03-25,TMAX,180
ARM00087765,2013-10-27,TMIN,-34
ARM00087765,2012-01-26,TMAX,281
ARM00087765,2011-06-26,TMIN,-78
ARM00087765,2009-12-25,TMIN,55
ARM00087765,2009-12-25,TMAX,180
ARM00087765,2006-05-28,TMAX,82
ARM00087765,2006-05-28,TMIN,-50
ARM00087765,2005-05-27,TMAX,70
ARM00087765,2008-09-04,TMIN,-95
ARM00087765,2010-10-26,TMIN,-16
ARM00087765,2006-01-08,TMIN,70
ARM00087765,2012-04-29,TMIN,30
ARM00087765,2012-01-26,TMIN,98
ARM00087765,2008-09-20,TMIN,-26
ARM00087765,2014-06-07,TMIN,9
ARM00087765,2005-02-10,TMAX,305
ARM00087765,2010-07-06,TMIN,-23
ARM00087765,2005-12-25,TMIN,45
ARM00087765,2012-09-03,TMIN,41
ARM00087765,2008-01-14,TMIN,66
ARM00087765,2015-09-14,TMAX,138
ARM00087765,2012-09-03,TMAX,158
ARM00087765,2005-02-08,TMIN,86
ARM00087765,2010-07-21,TMIN,-70
ARM00087765,2008-07-08,TMAX,86
ARM00087765,2008-07-08,TMIN,24
ARM00087765,2015-08-29,TMIN,10
ARM00087765,2011-09-14,TMIN,-44
ARM00087765,2011-06-15,TMIN,-20
ARM00087765,2011-09-25,TMAX,131
ARM00087765,2008-01-20,TMAX,290
ARM00087765,2008-01-20,TMIN,95
ARM00087765,2015-05-20,TMIN,11
ARM00087765,2005-01-12,TMAX,200
ARM00087765,2006-08-14,TMAX,56
ARM00087765,2007-03-09,TMIN,49
ARM00087765,2014-07-24,TMAX,71
ARM00087765,2005-11-14,TMIN,63
ARM00087765,2010-07-21,TMAX,39
ARM00087765,2014-11-30,TMIN,-44
ARM00087765,2010-07-06,TMAX,74
ARM00087765,2014-11-19,TMAX,132
ARM00087765,2005-02-10,TMIN,151
ARM00087765,2006-11-20,TMIN,0
ARM00087765,2010-06-03,TMIN,15
ARM00087765,2011-11-30,TMIN,-4
ARM00087765,2013-02-09,TMAX,346
ARM00087765,2014-06-14,TMIN,-26
ARM00087765,2006-11-20,TMAX,245
ARM00087765,2011-12-01,TMIN,48
ARM00087765,2011-02-07,TMIN,69
ARM00087765,2014-09-06,TMAX,92
ARM00087765,2009-03-05,TMIN,98
ARM00087765,2009-04-22,TMAX,170
ARM00087765,2012-05-30,TMIN,44
ARM00087765,2006-03-10,TMIN,-12
ARM00087765,2007-05-25,TMIN,-40
ARM00087765,2008-04-15,TMAX,152
ARM00087765,2008-04-15,TMIN,-77
ARM00087765,2009-04-22,TMIN,52
ARM00087765,2010-02-13,TMAX,238
ARM00087765,2007-09-08,TMIN,-10
ARM00087765,2010-02-13,TMIN,100
ARM00087765,2012-02-18,TMIN,120
ARM00087765,2006-09-27,TMIN,-26
ARM00087765,2010-05-31,TMIN,-30
ARM00087765,2005-07-19,TMIN,-61
ARM00087765,2014-05-21,TMIN,38
ARM00087765,2012-08-01,TMAX,90
ARM00087765,2012-04-27,TMIN,0
ARM00087765,2012-10-13,TMAX,202
ARM00087765,2015-03-13,TMIN,31
ARM00087765,2008-04-18,TMIN,65
ARM00087765,2015-03-13,TMAX,230
ARM00087765,2012-10-27,TMIN,-10
ARM00087765,2012-08-01,TMIN,-44
ARM00087765,2011-11-21,TMIN,60
ARM00087765,2010-11-27,TMIN,0
ARM00087765,2009-03-30,TMIN,52
ARM00087765,2011-12-09,TMIN,58
ARM00087765,2010-03-31,TMAX,215
ARM00087765,2012-12-29,TMAX,217
ARM00087765,2012-08-25,TMAX,57
ARM00087765,2010-03-31,TMIN,25
ARM00087765,2012-08-25,TMIN,-45
ARM00087765,2012-12-29,TMIN,95
ARM00087765,2011-01-31,TMAX,205
ARM00087765,2012-05-18,TMIN,-50
ARM00087765,2012-05-18,TMAX,78
ARM00087765,2009-08-22,TMIN,0
ARM00087765,2011-12-09,TMAX,270
ARM00087765,2009-08-22,TMAX,59
ARM00087765,2007-03-02,TMIN,-3
ARM00087765,2013-05-15,TMAX,94
ARM00087765,2007-10-15,TMIN,33
ARM00087765,2014-11-28,TMAX,196
ARM00087765,2010-06-23,TMIN,5
ARM00087765,2012-11-26,TMIN,26
ARM00087765,2015-01-15,TMIN,53
ARM00087765,2011-06-22,TMIN,-26
ARM00087765,2011-06-22,TMAX,80
ARM00087765,2010-06-23,TMAX,87
ARM00087765,2012-04-12,TMIN,-42
ARM00087765,2007-03-15,TMAX,227
ARM00087765,2013-05-15,TMIN,-63
ARM00087765,2007-03-15,TMIN,100
ARM00087765,2005-08-25,TMIN,27
ARM00087765,2005-08-25,TMAX,115
ARM00087765,2007-08-19,TMIN,-54
ARM00087765,2015-07-23,TMIN,69
ARM00087765,2010-09-14,TMIN,30
ARM00087765,2008-03-04,TMAX,272
ARM00087765,2005-04-28,TMAX,137
ARM00087765,2011-01-31,TMIN,70
ARM00087765,2005-04-28,TMIN,34
ARM00087765,2014-11-06,TMAX,131
ARM00087765,2005-07-27,TMIN,-38
ARM00087765,2015-02-19,TMIN,33
ARM00087765,2009-08-05,TMIN,-10
ARM00087765,2011-08-03,TMIN,18
ARM00087765,2014-02-15,TMAX,201
ARM00087765,2013-09-20,TMIN,0
ARM00087765,2009-01-15,TMIN,19
ARM00087765,2005-11-09,TMAX,280
ARM00087765,2015-11-13,TMAX,181
ARM00087765,2012-03-11,TMAX,271
ARM00087765,2011-10-23,TMIN,-65
ARM00087765,2010-05-08,TMIN,-40
ARM00087765,2010-10-22,TMIN,-45
ARM00087765,2012-03-11,TMIN,58
ARM00087765,2015-06-27,TMIN,-31
ARM00087765,2011-03-17,TMIN,35
ARM00087765,2011-03-17,TMAX,150
ARM00087765,2015-11-13,TMIN,71
ARM00087765,2008-08-13,TMIN,10
ARM00087765,2005-03-02,TMAX,253
ARM00087765,2005-03-02,TMIN,82
ARM00087765,2005-07-16,TMIN,-20
ARM00087765,2008-04-06,TMIN,3
ARM00087765,2008-04-06,TMAX,150
ARM00087765,2015-05-13,TMIN,56
ARM00087765,2014-01-02,TMIN,26
ARM00087765,2014-10-15,TMAX,205
ARM00087765,2012-06-12,TMAX,66
ARM00087765,2006-04-19,TMIN,40
ARM00087765,2010-06-03,TMAX,70
ARM00087765,2012-06-12,TMIN,0
ARM00087765,2015-09-26,TMAX,108
ARM00087765,2010-06-10,TMIN,10
ARM00087765,2014-11-02,TMIN,-11
ARM00087765,2006-11-16,TMIN,10
ARM00087765,2015-10-10,TMIN,-9
ARM00087765,2008-09-21,TMIN,2
ARM00087765,2006-04-27,TMIN,37
ARM00087765,2008-11-26,TMIN,80
ARM00087765,2008-11-26,TMAX,262
ARM00087765,2006-04-19,TMAX,115
ARM00087765,2015-09-06,TMIN,-32
ARM00087765,2014-01-28,TMIN,11
ARM00087765,2015-05-26,TMAX,110
ARM00087765,2014-01-28,TMAX,236
ARM00087765,2015-09-06,TMAX,181
ARM00087765,2007-05-31,TMIN,-35
ARM00087765,2010-09-25,TMIN,-20
ARM00087765,2012-10-23,TMAX,144
ARM00087765,2010-09-25,TMAX,151
ARM00087765,2015-06-27,TMAX,128
ARM00087765,2014-06-24,TMIN,15
ARM00087765,2009-11-11,TMIN,34
ARM00087765,2015-12-07,TMIN,11
ARM00087765,2014-05-08,TMAX,162
ARM00087765,2009-06-24,TMIN,-54
ARM00087765,2010-11-15,TMIN,76
ARM00087765,2013-03-22,TMIN,7
ARM00087765,2008-01-01,TMIN,95
ARM00087765,2010-08-29,TMIN,-60
ARM00087765,2010-05-01,TMIN,42
ARM00087765,2014-03-01,TMIN,16
ARM00087765,2005-12-26,TMAX,294
ARM00087765,2007-07-20,TMIN,4
ARM00087765,2013-02-26,TMIN,68
ARM00087765,2012-11-14,TMIN,98
ARM00087765,2014-10-26,TMAX,227
ARM00087765,2009-07-02,TMIN,20
ARM00087765,2007-03-12,TMAX,190
ARM00087765,2007-03-12,TMIN,86
ARM00087765,2015-04-02,TMIN,-3
ARM00087765,2008-12-08,TMAX,273
ARM00087765,2008-06-16,TMAX,126
ARM00087765,2011-07-17,TMIN,-31
ARM00087765,2010-11-15,TMAX,222
ARM00087765,2008-03-17,TMIN,95
ARM00087765,2013-12-11,TMIN,16
ARM00087765,2015-04-20,TMIN,46
ARM00087765,2009-03-04,TMAX,228
ARM00087765,2012-01-02,TMIN,66
ARM00087765,2009-05-03,TMIN,-12
ARM00087765,2009-03-04,TMIN,42
ARM00087765,2011-08-04,TMAX,84
ARM00087765,2006-03-27,TMIN,-4
ARM00087765,2010-03-24,TMIN,35
ARM00087765,2007-07-02,TMIN,-8
ARM00087765,2007-08-21,TMIN,-38
ARM00087765,2012-09-09,TMIN,-72
ARM00087765,2005-12-19,TMIN,58
ARM00087765,2008-03-31,TMIN,15
ARM00087765,2012-03-23,TMIN,0
ARM00087765,2009-12-11,TMIN,45
ARM00087765,2008-12-06,TMIN,78
ARM00087765,2005-12-19,TMAX,205
ARM00087765,2010-11-26,TMAX,210
ARM00087765,2010-02-06,TMIN,100
ARM00087765,2008-06-16,TMIN,-22
ARM00087765,2006-09-05,TMIN,-26
ARM00087765,2005-11-18,TMIN,60
ARM00087765,2011-11-18,TMAX,208
ARM00087765,2009-07-21,TMAX,87
ARM00087765,2005-05-07,TMAX,95
ARM00087765,2010-09-03,TMIN,10
ARM00087765,2010-12-22,TMIN,15
ARM00087765,2008-05-04,TMIN,-40
ARM00087765,2005-09-11,TMIN,-60
ARM00087765,2012-10-11,TMIN,64
ARM00087765,2015-10-21,TMAX,144
ARM00087765,2011-10-27,TMAX,210
ARM00087765,2006-03-13,TMIN,55
ARM00087765,2015-07-01,TMAX,95
ARM00087765,2015-07-01,TMIN,-44
ARM00087765,2015-07-30,TMAX,107
ARM00087765,2008-05-04,TMAX,158
ARM00087765,2006-03-13,TMAX,192
ARM00087765,2007-04-29,TMIN,-62
ARM00087765,2012-09-10,TMAX,173
ARM00087765,2011-10-27,TMIN,30
ARM00087765,2010-04-03,TMIN,-22
ARM00087765,2015-02-11,TMIN,100
ARM00087765,2015-02-11,TMAX,201
ARM00087765,2008-08-08,TMIN,-59
ARM00087765,2013-07-08,TMIN,-12
ARM00087765,2006-09-05,TMAX,115
ARM00087765,2005-06-17,TMAX,45
ARM00087765,2012-06-11,TMAX,104
ARM00087765,2005-10-06,TMIN,-32
ARM00087765,2005-11-18,TMAX,155
ARM00087765,2005-06-04,TMIN,16
ARM00087765,2010-06-27,TMAX,75
ARM00087765,2012-06-11,TMIN,-28
ARM00087765,2008-08-08,TMAX,36
ARM00087765,2011-11-18,TMIN,86
ARM00087765,2006-01-20,TMIN,-15
ARM00087765,2005-10-06,TMAX,174
ARM00087765,2006-01-20,TMAX,211
ARM00087765,2012-05-14,TMIN,50
ARM00087765,2005-05-07,TMIN,-52
ARM00087765,2011-03-01,TMIN,-10
ARM00087765,2007-07-02,TMAX,64
ARM00087765,2014-12-02,TMIN,-11
ARM00087765,2010-11-26,TMIN,55
ARM00087765,2015-10-17,TMIN,-14
ARM00087765,2007-05-28,TMIN,-96
ARM00087765,2011-03-27,TMIN,45
ARM00087765,2008-12-28,TMAX,203
ARM00087765,2013-06-02,TMIN,41
ARM00087765,2013-10-09,TMAX,138
ARM00087765,2010-04-07,TMIN,10
ARM00087765,2015-09-01,TMAX,91
ARM00087765,2013-09-11,TMIN,4
ARM00087765,2008-10-02,TMIN,47
ARM00087765,2008-10-02,TMAX,122
ARM00087765,2010-10-31,TMIN,55
ARM00087765,2006-11-12,TMAX,240
ARM00087765,2008-12-28,TMIN,73
ARM00087765,2009-04-28,TMIN,0
ARM00087765,2015-07-12,TMAX,56
ARM00087765,2014-06-26,TMIN,-51
ARM00087765,2007-03-01,TMIN,46
ARM00087765,2007-05-28,TMAX,53
ARM00087765,2014-08-16,TMIN,-12
ARM00087765,2008-10-08,TMIN,21
ARM00087765,2008-05-22,TMAX,94
ARM00087765,2005-06-16,TMIN,-31
ARM00087765,2011-08-17,TMAX,60
ARM00087765,2008-12-15,TMIN,130
ARM00087765,2006-04-07,TMIN,-54
ARM00087765,2006-04-07,TMAX,205
ARM00087765,2015-09-01,TMIN,8
ARM00087765,2005-10-20,TMAX,195
ARM00087765,2014-01-22,TMAX,188
ARM00087765,2014-06-26,TMAX,68
ARM00087765,2007-11-05,TMIN,51
ARM00087765,2007-06-14,TMIN,-62
ARM00087765,2011-08-17,TMIN,-36
ARM00087765,2014-08-16,TMAX,145
ARM00087765,2007-12-16,TMIN,45
ARM00087765,2013-05-16,TMIN,-66
ARM00087765,2007-11-05,TMAX,145
ARM00087765,2014-02-23,TMAX,271
ARM00087765,2015-12-17,TMIN,37
ARM00087765,2013-11-17,TMAX,260
ARM00087765,2007-05-06,TMAX,105
ARM00087765,2008-07-19,TMIN,-52
ARM00087765,2007-05-06,TMIN,-80
ARM00087765,2007-03-21,TMAX,190
ARM00087765,2005-02-04,TMAX,315
ARM00087765,2006-06-27,TMAX,110
ARM00087765,2007-03-21,TMIN,18
ARM00087765,2013-01-29,TMAX,279
ARM00087765,2007-02-25,TMAX,217
ARM00087765,2011-07-26,TMIN,21
ARM00087765,2011-08-22,TMIN,-50
ARM00087765,2013-01-16,TMIN,90
ARM00087765,2011-08-05,TMIN,0
ARM00087765,2012-08-02,TMIN,-14
ARM00087765,2006-06-27,TMIN,28
ARM00087765,2009-05-03,TMAX,186
ARM00087765,2011-08-05,TMAX,60
ARM00087765,2005-07-12,TMAX,86
ARM00087765,2011-07-10,TMIN,28
ARM00087765,2011-07-17,TMAX,22
ARM00087765,2007-02-25,TMIN,96
ARM00087765,2015-11-07,TMAX,277
ARM00087765,2012-08-02,TMAX,97
ARM00087765,2014-06-20,TMAX,61
ARM00087765,2013-02-17,TMIN,26
ARM00087765,2010-04-07,TMAX,201
ARM00087765,2009-04-16,TMIN,15
ARM00087765,2010-06-21,TMIN,8
ARM00087765,2012-09-17,TMAX,75
ARM00087765,2015-12-12,TMIN,81
ARM00087765,2015-08-30,TMIN,16
ARM00087765,2009-04-16,TMAX,226
ARM00087765,2015-04-18,TMIN,47
ARM00087765,2013-01-16,TMAX,318
ARM00087765,2015-12-04,TMIN,36
ARM00087765,2011-09-15,TMIN,-10
ARM00087765,2012-05-06,TMIN,50
ARM00087765,2014-02-25,TMAX,236
ARM00087765,2013-08-20,TMIN,3
ARM00087765,2015-02-24,TMIN,62
ARM00087765,2011-09-15,TMAX,150
ARM00087765,2013-10-25,TMAX,216
ARM00087765,2015-08-05,TMAX,86
ARM00087765,2010-04-05,TMIN,20
ARM00087765,2010-10-21,TMAX,135
ARM00087765,2005-01-13,TMIN,7
ARM00087765,2010-08-22,TMIN,2
ARM00087765,2007-01-21,TMIN,110
ARM00087765,2007-01-21,TMAX,255
ARM00087765,2011-03-30,TMAX,204
ARM00087765,2015-07-27,TMAX,64
ARM00087765,2015-07-24,TMAX,121
ARM00087765,2010-02-02,TMIN,52
ARM00087765,2012-11-14,TMAX,280
ARM00087765,2011-09-05,TMIN,-30
ARM00087765,2011-09-05,TMAX,50
ARM00087765,2015-07-24,TMIN,-34
ARM00087765,2006-06-24,TMIN,14
ARM00087765,2011-09-04,TMIN,-20
ARM00087765,2011-09-04,TMAX,63
ARM00087765,2012-02-14,TMIN,14
ARM00087765,2008-03-02,TMIN,38
ARM00087765,2011-12-18,TMIN,13
ARM00087765,2005-01-02,TMAX,280
ARM00087765,2011-03-30,TMIN,3
ARM00087765,2006-08-04,TMIN,1
ARM00087765,2006-08-04,TMAX,65
ARM00087765,2011-03-01,TMAX,285
ARM00087765,2007-11-25,TMIN,86
ARM00087765,2010-01-13,TMIN,60
ARM00087765,2012-05-19,TMIN,-50
ARM00087765,2012-05-19,TMAX,70
ARM00087765,2006-12-29,TMIN,102
ARM00087765,2005-10-03,TMAX,135
ARM00087765,2005-10-03,TMIN,48
ARM00087765,2005-01-02,TMIN,106
ARM00087765,2009-11-20,TMIN,35
ARM00087765,2010-06-17,TMIN,-15
ARM00087765,2009-02-08,TMIN,79
ARM00087765,2005-02-23,TMIN,14
ARM00087765,2015-03-31,TMAX,176
ARM00087765,2009-11-09,TMAX,92
ARM00087765,2011-11-28,TMIN,75
ARM00087765,2009-11-09,TMIN,-10
ARM00087765,2012-01-15,TMIN,159
ARM00087765,2012-01-15,TMAX,338
ARM00087765,2005-02-23,TMAX,238
ARM00087765,2006-02-08,TMAX,226
ARM00087765,2015-04-23,TMIN,-54
ARM00087765,2015-08-11,TMIN,-14
ARM00087765,2014-12-09,TMIN,94
ARM00087765,2006-03-03,TMAX,226
ARM00087765,2006-03-03,TMIN,38
ARM00087765,2015-01-10,TMIN,98
ARM00087765,2014-05-25,TMAX,114
ARM00087765,2007-10-03,TMIN,54
ARM00087765,2008-01-24,TMIN,119
ARM00087765,2006-01-01,TMAX,220
ARM00087765,2005-04-10,TMIN,60
ARM00087765,2015-08-07,TMIN,5
ARM00087765,2014-10-01,TMIN,-3
ARM00087765,2015-06-08,TMAX,70
ARM00087765,2013-09-24,TMAX,160
ARM00087765,2007-10-03,TMAX,170
ARM00087765,2013-09-24,TMIN,-25
ARM00087765,2006-01-01,TMIN,55
ARM00087765,2007-02-02,TMIN,60
ARM00087765,2013-01-11,TMAX,341
ARM00087765,2013-01-11,TMIN,170
ARM00087765,2011-01-11,TMAX,278
ARM00087765,2008-05-15,TMAX,150
ARM00087765,2015-01-10,TMAX,246
ARM00087765,2005-11-12,TMIN,30
ARM00087765,2009-11-26,TMIN,-10
ARM00087765,2012-02-14,TMAX,240
ARM00087765,2006-12-17,TMAX,150
ARM00087765,2015-06-08,TMIN,1
ARM00087765,2009-02-08,TMAX,215
ARM00087765,2012-10-08,TMIN,-34
ARM00087765,2012-10-08,TMAX,145
ARM00087765,2008-05-15,TMIN,40
ARM00087765,2008-06-08,TMIN,2
ARM00087765,2014-05-24,TMIN,-66
ARM00087765,2012-07-21,TMIN,28
ARM00087765,2015-05-17,TMAX,157
ARM00087765,2011-03-28,TMIN,-23
ARM00087765,2014-05-25,TMIN,-50
ARM00087765,2009-02-06,TMIN,64
ARM00087765,2011-02-06,TMIN,40
ARM00087765,2015-05-24,TMIN,6
ARM00087765,2009-06-24,TMAX,65
ARM00087765,2013-09-06,TMIN,51
ARM00087765,2015-04-01,TMIN,71
ARM00087765,2005-06-25,TMAX,118
ARM00087765,2008-04-21,TMIN,101
ARM00087765,2012-04-21,TMIN,-12
ARM00087765,2008-04-21,TMAX,194
ARM00087765,2010-05-07,TMIN,-4
ARM00087765,2010-03-12,TMIN,13
ARM00087765,2008-08-10,TMIN,10
ARM00087765,2010-07-01,TMAX,96
ARM00087765,2015-04-05,TMIN,6
ARM00087765,2005-04-10,TMAX,140
ARM00087765,2008-12-15,TMAX,304
ARM00087765,2008-08-10,TMAX,89
ARM00087765,2015-04-05,TMAX,191
ARM00087765,2010-03-12,TMAX,258
ARM00087765,2005-12-02,TMIN,93
ARM00087765,2007-05-24,TMAX,84
ARM00087765,2007-05-24,TMIN,-43
ARM00087765,2008-03-12,TMIN,20
ARM00087765,2007-04-17,TMIN,34
ARM00087765,2015-02-01,TMIN,26
ARM00087765,2005-12-02,TMAX,232
ARM00087765,2007-11-25,TMAX,224
ARM00087765,2006-08-11,TMIN,-1
ARM00087765,2015-07-30,TMIN,4
ARM00087765,2010-10-21,TMIN,-30
ARM00087765,2010-08-22,TMAX,105
ARM00087765,2012-10-11,TMAX,201
ARM00087765,2006-08-29,TMIN,-50
ARM00087765,2010-03-23,TMIN,60
ARM00087765,2014-04-21,TMIN,18
ARM00087765,2012-09-10,TMIN,-53
ARM00087765,2014-09-26,TMIN,10
ARM00087765,2007-04-29,TMAX,170
ARM00087765,2011-05-15,TMAX,168
ARM00087765,2008-06-01,TMIN,-50
ARM00087765,2011-05-15,TMIN,20
ARM00087765,2006-08-11,TMAX,47
ARM00087765,2015-08-21,TMAX,155
ARM00087765,2005-05-09,TMAX,126
ARM00087765,2010-06-27,TMIN,-45
ARM00087765,2012-10-02,TMAX,105
ARM00087765,2006-11-27,TMIN,2
ARM00087765,2008-05-18,TMIN,50
ARM00087765,2006-10-01,TMAX,129
ARM00087765,2006-02-11,TMIN,123
ARM00087765,2013-02-12,TMAX,190
ARM00087765,2005-09-10,TMIN,-86
ARM00087765,2010-11-10,TMIN,35
ARM00087765,2010-11-14,TMIN,10
ARM00087765,2013-06-30,TMAX,51
ARM00087765,2015-05-17,TMIN,36
ARM00087765,2014-01-06,TMAX,265
ARM00087765,2011-02-10,TMIN,120
ARM00087765,2005-09-10,TMAX,83
ARM00087765,2014-01-06,TMIN,95
ARM00087765,2013-06-08,TMIN,-74
ARM00087765,2015-04-01,TMAX,146
ARM00087765,2005-11-26,TMAX,156
ARM00087765,2005-06-25,TMIN,40
ARM00087765,2007-09-15,TMAX,50
ARM00087765,2013-04-17,TMAX,216
ARM00087765,2013-04-17,TMIN,10
ARM00087765,2007-09-15,TMIN,8
ARM00087765,2013-09-06,TMAX,106
ARM00087765,2007-04-17,TMAX,135
ARM00087765,2008-06-09,TMIN,14
ARM00087765,2013-07-31,TMAX,95
ARM00087765,2006-11-27,TMAX,215
ARM00087765,2005-10-16,TMIN,40
ARM00087765,2011-01-07,TMAX,240
ARM00087765,2011-02-10,TMAX,338
ARM00087765,2009-07-27,TMIN,-95
ARM00087765,2010-06-18,TMIN,-15
ARM00087765,2012-10-02,TMIN,7
ARM00087765,2006-10-01,TMIN,23
ARM00087765,2013-06-08,TMAX,77
ARM00087765,2012-12-14,TMAX,179
ARM00087765,2006-12-17,TMIN,64
ARM00087765,2012-12-14,TMIN,76
ARM00087765,2015-03-31,TMIN,15
ARM00087765,2008-12-08,TMIN,63
ARM00087765,2014-06-22,TMIN,5
ARM00087765,2012-05-23,TMAX,86
ARM00087765,2007-04-18,TMAX,130
ARM00087765,2013-07-31,TMIN,-57
ARM00087765,2009-04-10,TMIN,4
ARM00087765,2013-08-30,TMAX,130
ARM00087765,2010-06-17,TMAX,78
ARM00087765,2007-08-08,TMAX,20
ARM00087765,2007-08-06,TMIN,-70
ARM00087765,2005-10-20,TMIN,66
ARM00087765,2013-04-10,TMIN,18
ARM00087765,2011-12-12,TMIN,18
ARM00087765,2015-06-23,TMAX,71
ARM00087765,2013-09-19,TMAX,130
ARM00087765,2011-12-28,TMAX,332
ARM00087765,2008-05-14,TMAX,174
ARM00087765,2014-05-04,TMIN,54
ARM00087765,2013-06-21,TMAX,107
ARM00087765,2005-03-01,TMIN,85
ARM00087765,2014-03-07,TMAX,216
ARM00087765,2011-12-22,TMIN,19
ARM00087765,2013-01-27,TMIN,80
ARM00087765,2014-01-13,TMIN,75
ARM00087765,2012-02-03,TMAX,236
ARM00087765,2008-02-10,TMIN,50
ARM00087765,2008-12-25,TMIN,38
ARM00087765,2008-05-14,TMIN,90
ARM00087765,2009-04-28,TMAX,226
ARM00087765,2014-02-23,TMIN,18
ARM00087765,2009-08-13,TMAX,56
ARM00087765,2013-11-17,TMIN,-14
ARM00087765,2005-09-27,TMIN,-20
ARM00087765,2014-01-13,TMAX,320
ARM00087765,2012-02-03,TMIN,15
ARM00087765,2010-10-06,TMIN,50
ARM00087765,2012-03-08,TMIN,42
ARM00087765,2005-02-12,TMIN,134
ARM00087765,2005-02-12,TMAX,302
ARM00087765,2010-01-28,TMAX,241
ARM00087765,2005-12-06,TMIN,-3
ARM00087765,2014-09-22,TMAX,96
ARM00087765,2005-10-12,TMIN,6
ARM00087765,2009-04-24,TMIN,40
ARM00087765,2010-01-28,TMIN,128
ARM00087765,2006-04-23,TMIN,10
ARM00087765,2006-01-26,TMIN,20
ARM00087765,2011-12-22,TMAX,126
ARM00087765,2013-06-21,TMIN,-35
ARM00087765,2015-04-16,TMIN,37
ARM00087765,2014-06-17,TMIN,-43
ARM00087765,2011-05-26,TMIN,-6
ARM00087765,2006-04-13,TMIN,23
ARM00087765,2015-06-23,TMIN,-62
ARM00087765,2005-09-27,TMAX,212
ARM00087765,2013-05-18,TMIN,-86
ARM00087765,2007-08-06,TMAX,71
ARM00087765,2010-10-06,TMAX,151
ARM00087765,2014-05-29,TMIN,18
ARM00087765,2014-06-20,TMIN,-64
ARM00087765,2013-05-18,TMAX,109
ARM00087765,2014-09-22,TMIN,25
ARM00087765,2010-06-06,TMAX,125
ARM00087765,2013-04-10,TMAX,146
ARM00087765,2010-12-24,TMAX,180
