ID,Date,Element,Data_Value
CA008501900,2013-05-20,TMAX,200
CA008501900,2015-11-05,TMIN,-84
CA008501900,2008-06-06,TMIN,0
CA008501900,2006-05-04,TMIN,11
CA008501900,2007-09-29,TMIN,29
CA008501900,2005-08-15,TMIN,85
CA008501900,2010-07-17,TMIN,124
CA008501900,2013-12-11,TMAX,-156
CA008501900,2015-07-21,TMIN,65
CA008501900,2005-12-25,TMAX,-204
CA008501900,2009-09-27,TMIN,59
CA008501900,2007-01-10,TMAX,-76
CA008501900,2012-02-03,TMIN,-254
CA008501900,2006-07-19,TMAX,240
CA008501900,2006-06-03,TMAX,168
CA008501900,2005-08-14,TMAX,148
CA008501900,2014-05-25,TMAX,113
CA008501900,2007-02-10,TMAX,-128
CA008501900,2010-08-31,TMAX,182
CA008501900,2013-05-20,TMIN,-17
CA008501900,2006-07-08,TMIN,93
CA008501900,2007-06-11,TMAX,240
CA008501900,2012-11-22,TMIN,29
CA008501900,2006-10-06,TMAX,98
CA008501900,2007-12-11,TMAX,-144
CA008501900,2010-06-21,TMAX,207
CA008501900,2013-04-27,TMIN,-29
CA008501900,2013-09-06,TMIN,51
CA008501900,2013-11-03,TMAX,24
CA008501900,2014-11-08,TMAX,8
CA008501900,2010-07-17,TMAX,156
CA008501900,2015-12-23,TMAX,-120
CA008501900,2005-11-06,TMAX,20
CA008501900,2015-12-23,TMIN,-215
CA008501900,2012-11-22,TMAX,61
CA008501900,2007-08-18,TMIN,107
CA008501900,2013-04-27,TMAX,63
CA008501900,2005-02-16,TMAX,36
CA008501900,2012-04-22,TMAX,-8
CA008501900,2005-09-01,TMAX,200
CA008501900,2009-10-06,TMAX,54
CA008501900,2006-01-04,TMAX,-81
CA008501900,2005-10-21,TMAX,81
CA008501900,2013-09-12,TMAX,99
CA008501900,2010-10-15,TMAX,130
CA008501900,2010-02-15,TMIN,-2
CA008501900,2006-01-04,TMIN,-200
CA008501900,2009-09-14,TMAX,58
CA008501900,2015-08-16,TMAX,226
CA008501900,2005-05-21,TMIN,8
CA008501900,2009-09-27,TMAX,182
CA008501900,2006-07-08,TMAX,247
CA008501900,2014-09-05,TMAX,173
CA008501900,2008-09-22,TMAX,97
CA008501900,2013-08-23,TMAX,162
CA008501900,2010-06-27,TMAX,116
CA008501900,2007-05-04,TMAX,20
CA008501900,2014-06-25,TMAX,230
CA008501900,2014-02-17,TMIN,-230
CA008501900,2005-08-13,TMIN,92
CA008501900,2009-12-27,TMAX,-58
CA008501900,2006-12-26,TMIN,-139
CA008501900,2007-12-11,TMIN,-194
CA008501900,2007-02-10,TMIN,-306
CA008501900,2010-08-14,TMAX,248
CA008501900,2005-02-24,TMIN,-241
CA008501900,2010-06-21,TMIN,66
CA008501900,2008-06-23,TMIN,96
CA008501900,2012-11-12,TMAX,25
CA008501900,2009-03-12,TMAX,-18
CA008501900,2010-10-28,TMAX,87
CA008501900,2007-06-11,TMIN,88
CA008501900,2013-02-14,TMAX,-32
CA008501900,2014-11-17,TMIN,-160
CA008501900,2008-10-26,TMAX,119
CA008501900,2005-11-06,TMIN,-84
CA008501900,2006-03-24,TMIN,-45
CA008501900,2015-09-05,TMIN,50
CA008501900,2008-11-19,TMIN,-65
CA008501900,2005-10-21,TMIN,48
CA008501900,2005-03-05,TMIN,-205
CA008501900,2010-02-15,TMAX,30
CA008501900,2007-04-16,TMIN,-84
CA008501900,2012-01-08,TMIN,-276
CA008501900,2007-02-18,TMAX,-46
CA008501900,2010-04-06,TMAX,93
CA008501900,2008-11-19,TMAX,-34
CA008501900,2012-01-08,TMAX,-188
CA008501900,2007-02-18,TMIN,-159
CA008501900,2009-09-14,TMIN,33
CA008501900,2012-02-03,TMAX,-146
CA008501900,2005-03-08,TMAX,-129
CA008501900,2009-09-08,TMAX,141
CA008501900,2014-11-08,TMIN,-31
CA008501900,2009-01-24,TMIN,-226
CA008501900,2008-06-23,TMAX,237
CA008501900,2007-10-09,TMIN,-14
CA008501900,2010-04-13,TMIN,-8
CA008501900,2006-03-24,TMAX,23
CA008501900,2009-01-14,TMIN,-234
CA008501900,2012-11-12,TMIN,-93
CA008501900,2008-06-19,TMAX,246
CA008501900,2010-11-12,TMIN,-14
CA008501900,2006-06-21,TMAX,214
CA008501900,2010-11-12,TMAX,126
CA008501900,2012-05-29,TMAX,92
CA008501900,2005-08-14,TMIN,96
CA008501900,2012-01-12,TMAX,-212
CA008501900,2009-02-05,TMIN,-156
CA008501900,2012-09-16,TMIN,96
CA008501900,2012-09-16,TMAX,154
CA008501900,2013-08-26,TMAX,203
CA008501900,2012-01-12,TMIN,-273
CA008501900,2009-10-06,TMIN,24
CA008501900,2007-12-14,TMAX,-181
CA008501900,2005-12-25,TMIN,-274
CA008501900,2009-09-19,TMAX,93
CA008501900,2013-09-23,TMIN,38
CA008501900,2015-08-16,TMIN,77
CA008501900,2015-07-21,TMAX,148
CA008501900,2015-07-03,TMIN,130
CA008501900,2006-07-19,TMIN,125
CA008501900,2012-07-10,TMIN,130
CA008501900,2009-09-08,TMIN,51
CA008501900,2010-04-06,TMIN,-4
CA008501900,2006-12-26,TMAX,-72
CA008501900,2006-06-21,TMIN,93
CA008501900,2015-05-20,TMIN,-1
CA008501900,2006-02-05,TMAX,-44
CA008501900,2005-10-29,TMAX,82
CA008501900,2008-10-16,TMAX,65
CA008501900,2010-04-13,TMAX,30
CA008501900,2010-10-28,TMIN,26
CA008501900,2007-01-10,TMIN,-97
CA008501900,2010-03-14,TMAX,81
CA008501900,2008-05-02,TMIN,-17
CA008501900,2013-02-14,TMIN,-104
CA008501900,2012-11-25,TMAX,31
CA008501900,2007-07-20,TMAX,216
CA008501900,2006-10-15,TMAX,162
CA008501900,2010-12-17,TMAX,81
CA008501900,2013-05-09,TMIN,-1
CA008501900,2009-10-17,TMAX,41
CA008501900,2013-05-22,TMIN,32
CA008501900,2006-07-14,TMAX,176
CA008501900,2015-03-20,TMAX,-32
CA008501900,2005-02-09,TMAX,-117
CA008501900,2007-07-20,TMIN,121
CA008501900,2006-07-14,TMIN,108
CA008501900,2009-09-16,TMIN,-9
CA008501900,2013-04-02,TMAX,24
CA008501900,2013-12-02,TMIN,-154
CA008501900,2013-08-14,TMIN,54
CA008501900,2010-10-13,TMAX,70
CA008501900,2013-05-22,TMAX,119
CA008501900,2006-10-04,TMIN,26
CA008501900,2015-10-30,TMAX,57
CA008501900,2012-10-02,TMAX,134
CA008501900,2009-09-10,TMAX,232
CA008501900,2007-01-21,TMAX,-45
CA008501900,2011-03-23,TMIN,-121
CA008501900,2015-10-30,TMIN,-1
CA008501900,2007-03-17,TMAX,-96
CA008501900,2014-04-05,TMAX,-16
CA008501900,2007-01-21,TMIN,-202
CA008501900,2006-11-11,TMAX,47
CA008501900,2010-01-03,TMIN,-9
CA008501900,2013-08-14,TMAX,218
CA008501900,2013-04-02,TMIN,-52
CA008501900,2012-11-25,TMIN,6
CA008501900,2013-05-09,TMAX,120
CA008501900,2007-10-13,TMIN,-30
CA008501900,2009-03-11,TMIN,-163
CA008501900,2010-12-22,TMIN,-38
CA008501900,2013-12-25,TMAX,-185
CA008501900,2010-03-09,TMAX,-28
CA008501900,2015-07-23,TMIN,81
CA008501900,2013-12-25,TMIN,-272
CA008501900,2012-10-05,TMAX,91
CA008501900,2007-06-09,TMIN,63
CA008501900,2014-10-16,TMIN,17
CA008501900,2006-12-02,TMAX,-58
CA008501900,2013-02-09,TMIN,-257
CA008501900,2009-10-04,TMIN,-15
CA008501900,2010-12-22,TMAX,-7
CA008501900,2007-04-14,TMIN,-126
CA008501900,2009-11-27,TMAX,-2
CA008501900,2005-09-17,TMAX,218
CA008501900,2007-10-09,TMAX,56
CA008501900,2007-05-04,TMIN,-3
CA008501900,2006-10-04,TMAX,129
CA008501900,2007-04-05,TMIN,-45
CA008501900,2014-09-21,TMIN,86
CA008501900,2010-02-11,TMIN,-28
CA008501900,2015-03-22,TMAX,-12
CA008501900,2009-03-30,TMIN,-122
CA008501900,2015-04-25,TMIN,9
CA008501900,2010-01-03,TMAX,15
CA008501900,2007-01-23,TMAX,-151
CA008501900,2008-09-17,TMIN,38
CA008501900,2007-04-14,TMAX,22
CA008501900,2009-09-10,TMIN,50
CA008501900,2010-06-02,TMAX,168
CA008501900,2007-03-17,TMIN,-216
CA008501900,2009-03-28,TMIN,-19
CA008501900,2007-12-15,TMIN,-265
CA008501900,2005-08-13,TMAX,208
CA008501900,2009-01-30,TMAX,-184
CA008501900,2012-08-09,TMIN,128
CA008501900,2007-02-11,TMAX,-115
CA008501900,2008-06-19,TMIN,124
CA008501900,2007-02-11,TMIN,-163
CA008501900,2005-11-18,TMAX,-45
CA008501900,2011-06-19,TMIN,66
CA008501900,2005-08-31,TMAX,224
CA008501900,2005-08-31,TMIN,134
CA008501900,2009-01-11,TMAX,-163
CA008501900,2006-03-13,TMIN,-58
CA008501900,2007-05-23,TMAX,184
CA008501900,2009-07-23,TMAX,211
CA008501900,2009-01-26,TMIN,-275
CA008501900,2006-09-06,TMAX,159
CA008501900,2007-03-31,TMAX,-57
CA008501900,2012-12-02,TMAX,-20
CA008501900,2007-09-29,TMAX,65
CA008501900,2010-03-14,TMIN,-30
CA008501900,2008-11-14,TMIN,-108
CA008501900,2007-12-15,TMAX,-167
CA008501900,2008-05-03,TMIN,-6
CA008501900,2010-09-26,TMIN,20
CA008501900,2007-11-24,TMAX,-45
CA008501900,2012-01-14,TMIN,-244
CA008501900,2005-05-11,TMAX,160
CA008501900,2007-07-14,TMAX,266
CA008501900,2007-01-23,TMIN,-260
CA008501900,2009-01-26,TMAX,-225
CA008501900,2007-06-23,TMAX,150
CA008501900,2012-12-24,TMIN,-20
CA008501900,2009-09-16,TMAX,95
CA008501900,2010-02-17,TMIN,-8
CA008501900,2014-06-07,TMIN,27
CA008501900,2014-12-07,TMAX,-92
CA008501900,2014-06-07,TMAX,115
CA008501900,2008-04-01,TMIN,-187
CA008501900,2010-02-17,TMAX,16
CA008501900,2006-08-04,TMAX,218
CA008501900,2009-06-16,TMAX,253
CA008501900,2006-12-16,TMAX,17
CA008501900,2008-06-06,TMAX,194
CA008501900,2008-04-01,TMAX,-18
CA008501900,2013-07-18,TMIN,89
CA008501900,2009-08-02,TMAX,215
CA008501900,2012-12-24,TMAX,1
CA008501900,2008-10-14,TMIN,-28
CA008501900,2011-12-09,TMIN,-170
CA008501900,2005-01-06,TMAX,-234
CA008501900,2006-10-15,TMIN,26
CA008501900,2010-05-08,TMIN,32
CA008501900,2008-08-26,TMAX,198
CA008501900,2010-05-08,TMAX,78
CA008501900,2012-10-02,TMIN,91
CA008501900,2006-11-11,TMIN,-26
CA008501900,2014-05-13,TMIN,-14
CA008501900,2011-12-09,TMAX,-69
CA008501900,2012-08-09,TMAX,228
CA008501900,2013-09-23,TMAX,165
CA008501900,2007-05-23,TMIN,-11
CA008501900,2010-12-17,TMIN,-1
CA008501900,2010-06-02,TMIN,77
CA008501900,2008-03-17,TMAX,-77
CA008501900,2007-06-21,TMIN,95
CA008501900,2012-10-19,TMIN,9
CA008501900,2009-10-04,TMAX,66
CA008501900,2007-08-13,TMIN,105
CA008501900,2009-07-23,TMIN,106
CA008501900,2012-10-19,TMAX,102
CA008501900,2009-03-12,TMIN,-204
CA008501900,2013-09-04,TMIN,84
CA008501900,2007-06-21,TMAX,234
CA008501900,2014-02-28,TMAX,-139
CA008501900,2007-08-13,TMAX,188
CA008501900,2009-08-02,TMIN,119
CA008501900,2008-10-14,TMAX,104
CA008501900,2007-08-29,TMAX,259
CA008501900,2008-05-03,TMAX,198
CA008501900,2012-01-10,TMAX,-58
CA008501900,2006-12-02,TMIN,-110
CA008501900,2010-03-09,TMIN,-104
CA008501900,2010-08-31,TMIN,66
CA008501900,2010-10-13,TMIN,20
CA008501900,2012-11-23,TMAX,64
CA008501900,2014-04-12,TMIN,-79
CA008501900,2013-05-15,TMAX,38
CA008501900,2007-05-10,TMAX,99
CA008501900,2007-07-14,TMIN,140
CA008501900,2015-07-18,TMAX,119
CA008501900,2012-10-12,TMIN,9
CA008501900,2012-10-12,TMAX,61
CA008501900,2005-04-30,TMAX,126
CA008501900,2012-08-03,TMAX,295
CA008501900,2007-05-10,TMIN,13
CA008501900,2015-07-18,TMIN,83
CA008501900,2012-08-03,TMIN,139
CA008501900,2007-09-10,TMIN,27
CA008501900,2015-11-28,TMAX,-62
CA008501900,2014-05-30,TMAX,126
CA008501900,2012-04-30,TMIN,-28
CA008501900,2013-04-10,TMIN,-45
CA008501900,2013-04-10,TMAX,1
CA008501900,2014-05-30,TMIN,33
CA008501900,2008-05-27,TMIN,38
CA008501900,2008-03-16,TMAX,-52
CA008501900,2010-10-15,TMIN,19
CA008501900,2007-06-09,TMAX,296
CA008501900,2006-09-01,TMIN,90
CA008501900,2009-04-12,TMIN,-81
CA008501900,2013-05-15,TMIN,1
CA008501900,2013-12-17,TMAX,-174
CA008501900,2015-11-27,TMAX,7
CA008501900,2011-04-28,TMIN,-89
CA008501900,2012-04-30,TMAX,25
CA008501900,2012-03-11,TMAX,-110
CA008501900,2010-08-17,TMAX,231
CA008501900,2006-09-01,TMAX,137
CA008501900,2013-12-17,TMIN,-236
CA008501900,2014-04-12,TMAX,69
CA008501900,2012-04-22,TMIN,-48
CA008501900,2010-07-14,TMAX,255
CA008501900,2011-06-30,TMAX,191
CA008501900,2007-04-24,TMAX,66
CA008501900,2014-07-06,TMAX,107
CA008501900,2010-05-15,TMIN,3
CA008501900,2007-07-16,TMAX,263
CA008501900,2009-01-24,TMAX,-192
CA008501900,2007-07-16,TMIN,141
CA008501900,2014-12-12,TMAX,-15
CA008501900,2014-07-13,TMIN,94
CA008501900,2015-11-05,TMAX,3
CA008501900,2005-09-18,TMAX,123
CA008501900,2006-10-06,TMIN,10
CA008501900,2006-02-05,TMIN,-95
CA008501900,2013-11-03,TMIN,-50
CA008501900,2007-04-24,TMIN,-54
CA008501900,2012-11-23,TMIN,-6
CA008501900,2006-12-28,TMAX,-165
CA008501900,2010-07-14,TMIN,145
CA008501900,2014-12-12,TMIN,-87
CA008501900,2005-07-15,TMIN,87
CA008501900,2009-04-12,TMAX,-13
CA008501900,2014-11-01,TMIN,-67
CA008501900,2013-12-20,TMIN,-243
CA008501900,2011-06-15,TMIN,63
CA008501900,2014-11-01,TMAX,34
CA008501900,2006-12-28,TMIN,-220
CA008501900,2011-06-15,TMAX,130
CA008501900,2014-07-06,TMIN,72
CA008501900,2012-06-18,TMIN,164
CA008501900,2009-04-15,TMAX,-37
CA008501900,2013-03-12,TMAX,-25
CA008501900,2014-07-13,TMAX,130
CA008501900,2008-01-06,TMIN,-263
CA008501900,2006-09-02,TMIN,99
CA008501900,2010-08-18,TMIN,154
CA008501900,2012-03-11,TMIN,-265
CA008501900,2012-11-14,TMAX,29
CA008501900,2015-09-28,TMAX,235
CA008501900,2015-07-26,TMAX,256
CA008501900,2011-12-07,TMAX,-141
CA008501900,2013-12-02,TMAX,-77
CA008501900,2015-03-20,TMIN,-131
CA008501900,2012-11-14,TMIN,-66
CA008501900,2015-09-28,TMIN,136
CA008501900,2010-09-27,TMIN,53
CA008501900,2006-05-11,TMIN,47
CA008501900,2007-06-25,TMAX,175
CA008501900,2005-01-02,TMIN,-284
CA008501900,2006-11-08,TMIN,-102
CA008501900,2005-09-17,TMIN,7
CA008501900,2012-01-10,TMIN,-243
CA008501900,2015-07-26,TMIN,79
CA008501900,2012-07-10,TMAX,186
CA008501900,2007-10-24,TMAX,40
CA008501900,2006-12-16,TMIN,-59
CA008501900,2008-09-17,TMAX,176
CA008501900,2011-06-04,TMAX,85
CA008501900,2011-05-21,TMAX,62
CA008501900,2005-09-18,TMIN,88
CA008501900,2013-02-09,TMAX,-157
CA008501900,2005-05-31,TMAX,216
CA008501900,2005-02-16,TMIN,-37
CA008501900,2011-05-21,TMIN,-37
CA008501900,2015-09-05,TMAX,165
CA008501900,2008-04-12,TMIN,-41
CA008501900,2005-11-04,TMAX,0
CA008501900,2007-06-19,TMIN,14
CA008501900,2011-06-04,TMIN,29
CA008501900,2008-04-12,TMAX,22
CA008501900,2005-05-13,TMIN,-51
CA008501900,2012-06-18,TMAX,293
CA008501900,2012-10-05,TMIN,16
CA008501900,2005-03-05,TMAX,-104
CA008501900,2009-10-17,TMIN,-24
CA008501900,2011-04-28,TMAX,13
CA008501900,2007-04-05,TMAX,3
CA008501900,2006-09-02,TMAX,259
CA008501900,2015-07-03,TMAX,224
CA008501900,2007-10-24,TMIN,2
CA008501900,2014-04-05,TMIN,-84
CA008501900,2008-03-16,TMIN,-231
CA008501900,2013-03-28,TMIN,-69
CA008501900,2009-02-03,TMAX,-93
CA008501900,2015-03-22,TMIN,-78
CA008501900,2008-05-02,TMAX,161
CA008501900,2005-08-15,TMAX,188
CA008501900,2007-09-10,TMAX,108
CA008501900,2013-11-08,TMAX,7
CA008501900,2013-12-20,TMAX,-181
CA008501900,2008-09-26,TMIN,77
CA008501900,2012-01-14,TMAX,-96
CA008501900,2006-05-04,TMAX,170
CA008501900,2013-03-28,TMAX,1
CA008501900,2005-06-13,TMAX,145
CA008501900,2012-06-03,TMAX,172
CA008501900,2012-06-03,TMIN,24
CA008501900,2005-01-02,TMAX,-225
CA008501900,2009-01-11,TMIN,-229
CA008501900,2013-11-08,TMIN,-20
CA008501900,2008-11-16,TMIN,37
CA008501900,2009-11-27,TMIN,-29
CA008501900,2013-03-12,TMIN,-57
CA008501900,2009-01-30,TMIN,-265
CA008501900,2010-11-24,TMIN,-8
CA008501900,2014-09-21,TMAX,130
CA008501900,2010-11-24,TMAX,38
CA008501900,2010-02-11,TMAX,8
CA008501900,2010-12-12,TMIN,-149
CA008501900,2008-11-16,TMAX,174
CA008501900,2010-06-27,TMIN,63
CA008501900,2015-02-11,TMIN,-298
CA008501900,2010-01-06,TMAX,19
CA008501900,2010-05-28,TMAX,150
CA008501900,2007-03-07,TMAX,-215
CA008501900,2010-05-28,TMIN,25
CA008501900,2008-05-09,TMAX,105
CA008501900,2006-09-09,TMAX,152
CA008501900,2007-11-27,TMIN,-181
CA008501900,2005-02-05,TMAX,-14
CA008501900,2007-03-07,TMIN,-246
CA008501900,2009-01-04,TMAX,10
CA008501900,2006-02-11,TMIN,-258
CA008501900,2008-07-06,TMIN,124
CA008501900,2015-08-24,TMAX,251
CA008501900,2011-03-23,TMAX,-54
CA008501900,2006-02-11,TMAX,-128
CA008501900,2006-09-09,TMIN,25
CA008501900,2014-12-16,TMAX,-93
CA008501900,2008-08-16,TMIN,72
CA008501900,2011-09-02,TMIN,140
CA008501900,2009-04-04,TMIN,-76
CA008501900,2005-03-16,TMAX,8
CA008501900,2005-05-29,TMIN,60
CA008501900,2006-11-16,TMAX,35
CA008501900,2006-10-19,TMAX,48
CA008501900,2015-08-24,TMIN,131
CA008501900,2007-12-04,TMAX,-97
CA008501900,2015-10-05,TMIN,91
CA008501900,2011-07-13,TMIN,62
CA008501900,2006-10-19,TMIN,-24
CA008501900,2009-09-06,TMAX,170
CA008501900,2005-05-29,TMAX,155
CA008501900,2011-10-17,TMAX,101
CA008501900,2012-08-28,TMAX,229
CA008501900,2011-01-21,TMIN,-133
CA008501900,2009-05-21,TMIN,-23
CA008501900,2013-01-10,TMIN,-191
CA008501900,2013-01-10,TMAX,-125
CA008501900,2015-10-05,TMAX,162
CA008501900,2010-03-25,TMAX,19
CA008501900,2009-06-17,TMAX,267
CA008501900,2005-03-16,TMIN,-26
CA008501900,2005-01-01,TMIN,-268
CA008501900,2007-10-30,TMIN,-54
CA008501900,2009-01-23,TMIN,-238
CA008501900,2009-01-04,TMIN,-28
CA008501900,2005-12-06,TMAX,-34
CA008501900,2009-12-28,TMAX,23
CA008501900,2009-01-23,TMAX,-189
CA008501900,2011-08-28,TMIN,106
CA008501900,2013-04-09,TMIN,-93
CA008501900,2011-10-07,TMIN,-15
CA008501900,2005-03-18,TMIN,-31
CA008501900,2012-05-15,TMAX,226
CA008501900,2012-08-28,TMIN,118
CA008501900,2007-10-01,TMIN,5
CA008501900,2007-08-10,TMAX,211
CA008501900,2010-12-03,TMIN,-2
CA008501900,2006-05-28,TMAX,120
CA008501900,2010-08-18,TMAX,243
CA008501900,2013-04-09,TMAX,46
CA008501900,2010-07-20,TMAX,206
CA008501900,2009-02-12,TMAX,-109
CA008501900,2011-07-25,TMAX,257
CA008501900,2011-07-25,TMIN,114
CA008501900,2005-01-07,TMAX,-114
CA008501900,2010-06-17,TMIN,6
CA008501900,2010-08-16,TMAX,314
CA008501900,2010-06-17,TMAX,158
CA008501900,2008-05-12,TMIN,-6
CA008501900,2010-11-23,TMAX,-7
CA008501900,2009-11-07,TMIN,-95
CA008501900,2009-02-09,TMAX,-172
CA008501900,2008-08-16,TMAX,275
CA008501900,2009-11-07,TMAX,-25
CA008501900,2005-03-18,TMAX,26
CA008501900,2008-03-15,TMAX,-75
CA008501900,2007-03-31,TMIN,-170
CA008501900,2008-07-06,TMAX,210
CA008501900,2015-04-03,TMIN,-167
CA008501900,2014-12-31,TMAX,-240
CA008501900,2015-12-29,TMIN,-215
CA008501900,2005-12-06,TMIN,-95
CA008501900,2010-04-19,TMAX,92
CA008501900,2005-09-05,TMAX,160
CA008501900,2005-11-19,TMAX,-62
CA008501900,2012-10-09,TMIN,16
CA008501900,2007-06-30,TMAX,124
CA008501900,2015-02-22,TMAX,-133
CA008501900,2011-07-31,TMIN,111
CA008501900,2009-02-22,TMIN,-170
CA008501900,2012-06-11,TMIN,85
CA008501900,2007-08-10,TMIN,70
CA008501900,2014-10-05,TMIN,14
CA008501900,2012-01-01,TMIN,-250
CA008501900,2013-10-09,TMIN,33
CA008501900,2014-06-29,TMIN,152
CA008501900,2012-06-11,TMAX,284
CA008501900,2005-04-19,TMIN,-23
CA008501900,2007-06-30,TMIN,66
CA008501900,2006-01-14,TMAX,-34
CA008501900,2010-09-20,TMAX,172
CA008501900,2012-05-17,TMAX,212
CA008501900,2007-08-20,TMIN,93
CA008501900,2009-02-22,TMAX,-34
CA008501900,2013-09-25,TMIN,56
CA008501900,2014-03-25,TMAX,-90
CA008501900,2008-11-20,TMAX,10
CA008501900,2010-09-20,TMIN,32
CA008501900,2008-11-08,TMAX,-26
CA008501900,2014-03-25,TMIN,-233
CA008501900,2007-08-09,TMAX,191
CA008501900,2010-07-13,TMIN,168
CA008501900,2010-04-19,TMIN,6
CA008501900,2015-11-28,TMIN,-161
CA008501900,2008-11-08,TMIN,-112
CA008501900,2008-01-01,TMIN,-241
CA008501900,2010-10-03,TMIN,23
CA008501900,2012-11-30,TMAX,-48
CA008501900,2012-10-09,TMAX,128
CA008501900,2014-10-05,TMAX,169
CA008501900,2013-04-05,TMAX,51
CA008501900,2005-09-04,TMIN,80
CA008501900,2012-08-27,TMAX,299
CA008501900,2013-01-20,TMAX,-164
CA008501900,2014-12-31,TMIN,-291
CA008501900,2014-09-15,TMIN,30
CA008501900,2010-11-14,TMAX,17
CA008501900,2009-09-06,TMIN,36
CA008501900,2012-04-01,TMIN,-134
CA008501900,2011-01-21,TMAX,-55
CA008501900,2014-12-01,TMIN,-152
CA008501900,2011-07-31,TMAX,229
CA008501900,2011-06-07,TMIN,131
CA008501900,2008-10-29,TMIN,56
CA008501900,2007-10-10,TMAX,67
CA008501900,2014-09-15,TMAX,82
CA008501900,2010-03-25,TMIN,-55
CA008501900,2008-03-05,TMIN,-216
CA008501900,2011-10-17,TMIN,17
CA008501900,2006-05-10,TMAX,235
CA008501900,2015-05-24,TMAX,106
CA008501900,2008-04-20,TMIN,-40
CA008501900,2009-03-07,TMAX,-84
CA008501900,2005-01-01,TMAX,-155
CA008501900,2007-12-17,TMAX,-42
CA008501900,2007-12-17,TMIN,-208
CA008501900,2009-03-07,TMIN,-145
CA008501900,2013-04-05,TMIN,-70
CA008501900,2010-07-20,TMIN,82
CA008501900,2009-06-17,TMIN,100
CA008501900,2008-01-01,TMAX,-153
CA008501900,2008-10-29,TMAX,140
CA008501900,2012-01-01,TMAX,-152
CA008501900,2012-02-12,TMAX,-177
CA008501900,2010-09-07,TMAX,119
CA008501900,2006-10-23,TMIN,33
CA008501900,2010-11-14,TMIN,-79
CA008501900,2013-01-20,TMIN,-266
CA008501900,2007-03-06,TMIN,-216
CA008501900,2009-11-29,TMAX,16
CA008501900,2009-05-26,TMIN,6
CA008501900,2007-10-10,TMIN,-11
CA008501900,2006-04-25,TMIN,48
CA008501900,2015-09-09,TMAX,142
CA008501900,2008-03-15,TMIN,-251
CA008501900,2005-09-16,TMAX,130
CA008501900,2006-02-20,TMAX,-154
CA008501900,2005-09-23,TMAX,119
CA008501900,2007-05-25,TMIN,36
CA008501900,2008-04-18,TMIN,-33
CA008501900,2005-09-23,TMIN,47
CA008501900,2014-01-31,TMAX,-57
CA008501900,2008-02-06,TMAX,-146
CA008501900,2008-08-24,TMIN,202
CA008501900,2008-02-06,TMIN,-197
CA008501900,2011-06-24,TMAX,195
CA008501900,2015-01-31,TMAX,-122
CA008501900,2005-09-16,TMIN,19
CA008501900,2007-05-25,TMAX,92
CA008501900,2015-12-02,TMAX,6
CA008501900,2012-08-07,TMIN,158
CA008501900,2015-09-20,TMAX,226
CA008501900,2010-12-23,TMIN,-70
CA008501900,2005-07-21,TMAX,288
CA008501900,2012-06-29,TMAX,210
CA008501900,2014-01-27,TMIN,-225
CA008501900,2011-08-28,TMAX,201
CA008501900,2015-03-02,TMIN,-189
CA008501900,2010-11-27,TMAX,40
CA008501900,2008-04-18,TMAX,72
CA008501900,2012-07-14,TMAX,193
CA008501900,2015-08-20,TMIN,148
CA008501900,2005-05-12,TMIN,-48
CA008501900,2008-09-05,TMAX,172
CA008501900,2014-07-14,TMAX,118
CA008501900,2015-03-02,TMAX,-51
CA008501900,2005-11-07,TMAX,1
CA008501900,2012-07-14,TMIN,97
CA008501900,2005-12-01,TMIN,-37
CA008501900,2012-06-29,TMIN,143
CA008501900,2011-06-24,TMIN,50
CA008501900,2011-04-26,TMAX,29
CA008501900,2013-02-26,TMAX,-12
CA008501900,2013-02-26,TMIN,-199
CA008501900,2012-06-24,TMIN,141
CA008501900,2007-09-16,TMAX,144
CA008501900,2013-09-01,TMAX,145
CA008501900,2006-02-20,TMIN,-251
CA008501900,2012-06-24,TMAX,237
CA008501900,2006-07-23,TMIN,85
CA008501900,2015-11-09,TMAX,-15
CA008501900,2013-05-30,TMAX,236
CA008501900,2011-04-26,TMIN,-74
CA008501900,2015-01-31,TMIN,-214
CA008501900,2008-10-18,TMIN,-21
CA008501900,2012-07-17,TMIN,85
CA008501900,2008-06-24,TMIN,140
CA008501900,2013-05-30,TMIN,89
CA008501900,2013-12-07,TMAX,-65
CA008501900,2010-12-29,TMAX,-6
CA008501900,2008-11-10,TMAX,22
CA008501900,2010-02-21,TMAX,19
CA008501900,2011-03-03,TMIN,-210
CA008501900,2015-12-02,TMIN,-90
CA008501900,2006-04-25,TMAX,102
CA008501900,2007-03-05,TMIN,-86
CA008501900,2006-07-04,TMAX,189
CA008501900,2006-07-04,TMIN,86
CA008501900,2010-05-07,TMIN,19
CA008501900,2012-07-17,TMAX,239
CA008501900,2008-02-09,TMAX,-75
CA008501900,2011-02-27,TMAX,-157
CA008501900,2006-07-23,TMAX,244
CA008501900,2008-08-24,TMAX,304
CA008501900,2009-05-20,TMIN,-19
CA008501900,2014-01-13,TMAX,-8
CA008501900,2005-10-01,TMAX,141
CA008501900,2012-06-05,TMAX,112
CA008501900,2007-09-16,TMIN,61
CA008501900,2010-08-06,TMAX,251
CA008501900,2015-10-29,TMIN,-68
CA008501900,2012-10-31,TMIN,49
CA008501900,2015-07-07,TMIN,134
CA008501900,2010-02-27,TMAX,-25
CA008501900,2015-09-20,TMIN,58
CA008501900,2014-12-19,TMAX,-62
CA008501900,2012-11-02,TMAX,62
CA008501900,2006-12-20,TMIN,-212
CA008501900,2013-07-31,TMIN,157
CA008501900,2005-10-01,TMIN,10
CA008501900,2010-02-27,TMIN,-96
CA008501900,2009-05-21,TMAX,115
CA008501900,2010-06-15,TMIN,15
CA008501900,2015-12-12,TMAX,42
CA008501900,2007-02-28,TMIN,-148
CA008501900,2005-01-05,TMIN,-286
CA008501900,2005-01-05,TMAX,-180
CA008501900,2005-03-08,TMIN,-247
CA008501900,2010-03-11,TMAX,-35
CA008501900,2010-10-03,TMAX,107
CA008501900,2011-07-23,TMAX,211
CA008501900,2010-08-16,TMIN,183
CA008501900,2011-07-23,TMIN,78
CA008501900,2015-12-15,TMIN,-77
CA008501900,2015-04-03,TMAX,-15
CA008501900,2014-01-27,TMAX,-159
CA008501900,2007-03-06,TMAX,-45
CA008501900,2015-12-12,TMIN,2
CA008501900,2008-05-12,TMAX,113
CA008501900,2013-01-02,TMIN,-90
CA008501900,2012-11-02,TMIN,44
CA008501900,2008-09-06,TMIN,89
CA008501900,2014-12-19,TMIN,-156
CA008501900,2008-09-06,TMAX,144
CA008501900,2010-12-29,TMIN,-95
CA008501900,2009-12-28,TMIN,-58
CA008501900,2009-02-09,TMIN,-230
CA008501900,2008-12-20,TMAX,-222
CA008501900,2005-12-05,TMIN,-73
CA008501900,2009-10-27,TMIN,-92
CA008501900,2005-09-26,TMAX,131
CA008501900,2007-02-28,TMAX,-100
CA008501900,2009-10-11,TMAX,58
CA008501900,2010-06-15,TMAX,71
CA008501900,2010-09-30,TMAX,138
CA008501900,2015-10-06,TMIN,18
CA008501900,2008-03-18,TMAX,-135
CA008501900,2005-01-23,TMAX,-237
CA008501900,2009-10-11,TMIN,2
CA008501900,2005-08-07,TMIN,110
CA008501900,2014-01-31,TMIN,-181
CA008501900,2008-10-11,TMIN,-20
CA008501900,2005-01-26,TMAX,-226
CA008501900,2013-03-31,TMAX,40
CA008501900,2014-07-14,TMIN,89
CA008501900,2009-02-04,TMIN,-191
CA008501900,2015-10-06,TMAX,114
CA008501900,2012-10-31,TMAX,103
CA008501900,2009-02-04,TMAX,-124
CA008501900,2014-08-16,TMIN,150
CA008501900,2014-08-16,TMAX,264
CA008501900,2011-05-24,TMAX,101
CA008501900,2005-08-07,TMAX,299
CA008501900,2007-12-04,TMIN,-179
CA008501900,2005-09-26,TMIN,30
CA008501900,2011-10-07,TMAX,88
CA008501900,2013-03-31,TMIN,-132
CA008501900,2010-11-23,TMIN,-98
CA008501900,2011-03-26,TMAX,18
CA008501900,2005-12-01,TMAX,56
CA008501900,2008-10-11,TMAX,124
CA008501900,2011-03-26,TMIN,-90
CA008501900,2005-07-21,TMIN,126
CA008501900,2011-05-24,TMIN,51
CA008501900,2006-05-28,TMIN,26
CA008501900,2013-01-02,TMAX,-10
CA008501900,2007-10-01,TMAX,149
CA008501900,2009-10-27,TMAX,-6
CA008501900,2006-12-20,TMAX,-93
CA008501900,2012-05-15,TMIN,57
CA008501900,2010-06-03,TMAX,169
CA008501900,2013-12-14,TMAX,-156
CA008501900,2009-09-13,TMIN,20
CA008501900,2007-02-24,TMAX,22
CA008501900,2012-03-09,TMIN,-159
CA008501900,2014-07-18,TMIN,78
CA008501900,2007-06-28,TMAX,131
CA008501900,2009-08-13,TMAX,311
CA008501900,2014-05-25,TMIN,-25
CA008501900,2014-02-05,TMIN,-258
CA008501900,2007-11-27,TMAX,-108
CA008501900,2007-02-24,TMIN,-48
CA008501900,2012-09-23,TMIN,134
CA008501900,2014-01-25,TMIN,-314
CA008501900,2012-12-28,TMAX,-104
CA008501900,2012-09-23,TMAX,237
CA008501900,2005-04-15,TMAX,13
CA008501900,2005-04-15,TMIN,-127
CA008501900,2007-04-13,TMAX,36
CA008501900,2010-05-15,TMAX,59
CA008501900,2010-05-27,TMIN,44
CA008501900,2015-02-22,TMIN,-245
CA008501900,2005-05-25,TMIN,51
CA008501900,2014-09-25,TMAX,172
CA008501900,2013-08-24,TMIN,89
CA008501900,2007-12-14,TMIN,-234
CA008501900,2011-05-27,TMIN,19
CA008501900,2006-12-07,TMIN,-107
CA008501900,2005-12-15,TMIN,-103
CA008501900,2007-12-30,TMIN,-279
CA008501900,2012-04-04,TMAX,8
CA008501900,2009-10-16,TMAX,43
CA008501900,2013-10-09,TMAX,100
CA008501900,2010-07-05,TMAX,153
CA008501900,2015-05-17,TMAX,207
CA008501900,2006-12-07,TMAX,-22
CA008501900,2007-06-28,TMIN,81
CA008501900,2012-03-09,TMAX,-49
CA008501900,2006-08-04,TMIN,105
CA008501900,2008-12-19,TMIN,-236
CA008501900,2006-01-02,TMIN,-242
CA008501900,2006-06-06,TMIN,8
CA008501900,2009-10-14,TMAX,61
CA008501900,2009-10-16,TMIN,-28
CA008501900,2011-07-24,TMIN,97
CA008501900,2015-02-28,TMIN,-271
CA008501900,2006-11-16,TMIN,11
CA008501900,2009-12-26,TMIN,-150
CA008501900,2015-11-27,TMIN,-94
CA008501900,2011-11-15,TMIN,-4
CA008501900,2014-01-25,TMAX,-134
CA008501900,2006-02-04,TMAX,-52
CA008501900,2010-02-18,TMIN,3
CA008501900,2005-04-21,TMAX,33
CA008501900,2007-04-13,TMIN,-114
CA008501900,2015-02-28,TMAX,-157
CA008501900,2011-11-15,TMAX,65
CA008501900,2012-12-03,TMIN,-146
CA008501900,2006-02-04,TMIN,-100
CA008501900,2015-01-09,TMIN,-310
CA008501900,2011-07-24,TMAX,221
CA008501900,2005-10-12,TMIN,-6
CA008501900,2010-12-11,TMAX,-65
CA008501900,2009-07-17,TMAX,110
CA008501900,2012-12-28,TMIN,-180
CA008501900,2008-04-06,TMAX,106
CA008501900,2014-01-02,TMAX,-287
CA008501900,2014-01-02,TMIN,-334
CA008501900,2010-12-20,TMIN,4
CA008501900,2009-07-17,TMIN,94
CA008501900,2013-12-13,TMAX,-185
CA008501900,2008-04-06,TMIN,-88
CA008501900,2006-03-18,TMIN,-114
CA008501900,2010-08-14,TMIN,95
CA008501900,2015-09-18,TMAX,114
CA008501900,2006-06-06,TMAX,142
CA008501900,2006-12-06,TMIN,-185
CA008501900,2008-07-08,TMIN,128
CA008501900,2005-10-12,TMAX,96
CA008501900,2006-03-18,TMAX,9
CA008501900,2007-06-19,TMAX,183
CA008501900,2010-05-27,TMAX,73
CA008501900,2006-01-02,TMAX,-153
CA008501900,2006-06-17,TMIN,115
CA008501900,2014-05-11,TMAX,52
CA008501900,2012-01-09,TMAX,-208
CA008501900,2007-04-30,TMIN,-22
CA008501900,2007-04-30,TMAX,143
CA008501900,2010-02-25,TMAX,14
CA008501900,2015-02-15,TMAX,-173
CA008501900,2006-06-17,TMAX,239
CA008501900,2013-09-06,TMAX,157
CA008501900,2010-08-26,TMAX,234
CA008501900,2009-01-14,TMAX,-47
CA008501900,2009-09-19,TMIN,12
CA008501900,2010-06-24,TMAX,194
CA008501900,2013-08-23,TMIN,108
CA008501900,2007-04-16,TMAX,54
CA008501900,2008-03-06,TMAX,-101
CA008501900,2007-11-15,TMIN,12
CA008501900,2005-10-29,TMIN,11
CA008501900,2008-09-22,TMIN,11
CA008501900,2013-06-13,TMIN,75
CA008501900,2009-12-26,TMAX,-91
CA008501900,2010-01-06,TMIN,-5
CA008501900,2013-05-01,TMIN,-18
CA008501900,2013-08-24,TMAX,220
CA008501900,2013-05-01,TMAX,84
CA008501900,2013-06-13,TMAX,183
CA008501900,2006-05-10,TMIN,59
CA008501900,2012-10-18,TMAX,89
CA008501900,2014-09-05,TMIN,68
CA008501900,2012-03-15,TMAX,56
CA008501900,2008-01-21,TMAX,-264
CA008501900,2007-06-23,TMIN,57
CA008501900,2010-08-26,TMIN,140
CA008501900,2012-03-15,TMIN,-214
CA008501900,2013-12-14,TMIN,-200
CA008501900,2012-08-07,TMAX,260
CA008501900,2015-02-15,TMIN,-249
CA008501900,2010-06-24,TMIN,120
CA008501900,2012-12-14,TMAX,-164
CA008501900,2012-01-09,TMIN,-312
CA008501900,2012-05-29,TMIN,-5
CA008501900,2013-10-16,TMIN,14
CA008501900,2013-10-16,TMAX,118
CA008501900,2014-05-11,TMIN,-60
CA008501900,2015-03-14,TMAX,-120
CA008501900,2010-02-16,TMIN,-16
CA008501900,2006-04-23,TMIN,-21
CA008501900,2006-04-23,TMAX,175
CA008501900,2007-02-20,TMAX,-43
CA008501900,2012-11-04,TMIN,10
CA008501900,2015-03-14,TMIN,-266
CA008501900,2012-11-04,TMAX,68
CA008501900,2014-09-25,TMIN,37
CA008501900,2007-02-20,TMIN,-166
CA008501900,2007-11-24,TMIN,-132
CA008501900,2005-12-15,TMAX,-19
CA008501900,2005-05-25,TMAX,233
CA008501900,2006-01-01,TMIN,-234
CA008501900,2013-04-12,TMIN,-51
CA008501900,2014-12-16,TMIN,-154
CA008501900,2008-09-26,TMAX,195
CA008501900,2011-10-20,TMAX,130
CA008501900,2012-12-14,TMIN,-238
CA008501900,2012-10-18,TMIN,-8
CA008501900,2015-01-25,TMAX,-88
CA008501900,2007-12-27,TMAX,-181
CA008501900,2006-06-03,TMIN,35
CA008501900,2008-04-17,TMIN,4
CA008501900,2009-08-13,TMIN,148
CA008501900,2015-01-25,TMIN,-212
CA008501900,2011-10-20,TMIN,18
CA008501900,2007-12-27,TMIN,-261
CA008501900,2006-07-06,TMAX,233
CA008501900,2006-07-06,TMIN,136
CA008501900,2008-07-08,TMAX,235
CA008501900,2006-01-01,TMAX,-140
CA008501900,2013-04-12,TMAX,43
CA008501900,2009-02-05,TMAX,-124
CA008501900,2008-06-25,TMAX,155
CA008501900,2006-12-06,TMAX,-106
CA008501900,2013-03-27,TMAX,47
CA008501900,2012-08-27,TMIN,169
CA008501900,2008-12-25,TMIN,-251
CA008501900,2008-04-17,TMAX,163
CA008501900,2005-04-24,TMAX,66
CA008501900,2008-04-14,TMIN,-42
CA008501900,2012-09-18,TMIN,74
CA008501900,2007-08-20,TMAX,155
CA008501900,2012-08-06,TMAX,269
CA008501900,2008-04-20,TMAX,91
CA008501900,2008-03-13,TMIN,-249
CA008501900,2007-01-27,TMIN,-214
CA008501900,2008-04-14,TMAX,-17
CA008501900,2009-03-24,TMAX,-53
CA008501900,2013-02-23,TMAX,-64
CA008501900,2014-08-08,TMAX,183
CA008501900,2015-09-18,TMIN,28
CA008501900,2008-03-13,TMAX,-151
CA008501900,2008-01-10,TMIN,-130
CA008501900,2008-08-28,TMAX,249
CA008501900,2008-08-28,TMIN,33
CA008501900,2012-08-06,TMIN,175
CA008501900,2015-08-05,TMIN,97
CA008501900,2011-06-30,TMIN,103
CA008501900,2013-09-12,TMIN,57
CA008501900,2012-07-27,TMIN,108
CA008501900,2006-02-09,TMIN,-221
CA008501900,2013-02-23,TMIN,-222
CA008501900,2012-09-18,TMAX,237
CA008501900,2006-02-09,TMAX,-117
CA008501900,2008-12-03,TMIN,-110
CA008501900,2007-01-27,TMAX,-125
CA008501900,2012-07-27,TMAX,215
CA008501900,2008-12-25,TMAX,-102
CA008501900,2010-10-31,TMAX,30
CA008501900,2005-04-21,TMIN,-42
CA008501900,2014-03-15,TMAX,-100
CA008501900,2009-04-04,TMAX,-17
CA008501900,2013-06-16,TMIN,33
CA008501900,2008-01-10,TMAX,-47
CA008501900,2007-01-29,TMAX,-161
CA008501900,2009-01-27,TMAX,-190
CA008501900,2012-05-17,TMIN,64
CA008501900,2013-09-25,TMAX,86
CA008501900,2009-04-18,TMIN,-128
CA008501900,2006-01-14,TMIN,-114
CA008501900,2008-04-10,TMAX,55
CA008501900,2009-09-26,TMAX,124
CA008501900,2012-11-30,TMIN,-91
CA008501900,2009-09-13,TMAX,46
CA008501900,2010-06-03,TMIN,77
CA008501900,2010-07-13,TMAX,303
CA008501900,2010-08-28,TMAX,217
CA008501900,2009-09-26,TMIN,-9
CA008501900,2009-12-27,TMIN,-146
CA008501900,2009-03-24,TMIN,-201
CA008501900,2010-08-28,TMIN,95
CA008501900,2015-07-07,TMAX,250
CA008501900,2011-09-02,TMAX,260
CA008501900,2005-04-22,TMAX,13
CA008501900,2011-01-28,TMAX,-118
CA008501900,2013-04-07,TMAX,-21
CA008501900,2011-01-28,TMIN,-170
CA008501900,2013-06-16,TMAX,110
CA008501900,2009-01-27,TMIN,-253
CA008501900,2009-10-14,TMIN,-22
CA008501900,2008-12-03,TMAX,-54
CA008501900,2006-06-30,TMIN,126
CA008501900,2012-04-01,TMAX,-45
CA008501900,2010-10-02,TMIN,35
CA008501900,2013-04-07,TMIN,-122
CA008501900,2007-01-29,TMIN,-215
CA008501900,2006-06-30,TMAX,180
CA008501900,2010-09-07,TMIN,71
CA008501900,2013-01-22,TMAX,-168
CA008501900,2014-06-29,TMAX,338
CA008501900,2008-04-10,TMIN,-14
CA008501900,2013-01-22,TMIN,-241
CA008501900,2008-12-14,TMIN,-207
CA008501900,2007-08-18,TMAX,223
CA008501900,2013-06-24,TMIN,52
CA008501900,2009-11-29,TMIN,-3
CA008501900,2014-08-19,TMIN,131
CA008501900,2009-05-26,TMAX,69
CA008501900,2014-06-22,TMIN,68
CA008501900,2015-12-08,TMAX,-61
CA008501900,2010-12-11,TMIN,-156
CA008501900,2011-03-09,TMAX,-86
CA008501900,2011-06-07,TMAX,192
CA008501900,2015-10-17,TMIN,-28
CA008501900,2006-10-31,TMIN,-13
CA008501900,2014-02-05,TMAX,-181
CA008501900,2007-08-23,TMAX,250
CA008501900,2012-08-23,TMIN,124
CA008501900,2011-12-18,TMAX,-157
CA008501900,2012-08-23,TMAX,218
CA008501900,2007-03-02,TMAX,-55
CA008501900,2010-02-25,TMIN,-93
CA008501900,2007-08-23,TMIN,116
CA008501900,2014-12-01,TMAX,36
CA008501900,2014-08-19,TMAX,192
CA008501900,2010-03-29,TMIN,-84
CA008501900,2013-03-27,TMIN,-2
CA008501900,2015-12-08,TMIN,-197
CA008501900,2011-05-09,TMAX,70
CA008501900,2011-05-09,TMIN,-15
CA008501900,2013-09-21,TMIN,22
CA008501900,2007-11-15,TMAX,76
CA008501900,2009-09-11,TMAX,232
CA008501900,2006-10-31,TMAX,34
CA008501900,2012-11-06,TMAX,29
CA008501900,2012-11-06,TMIN,-9
CA008501900,2009-09-11,TMIN,78
CA008501900,2010-02-18,TMAX,26
CA008501900,2008-11-20,TMIN,-62
CA008501900,2008-02-10,TMIN,-275
CA008501900,2013-09-18,TMIN,-4
CA008501900,2015-10-17,TMAX,8
CA008501900,2014-07-18,TMAX,157
CA008501900,2009-02-02,TMIN,-259
CA008501900,2010-10-02,TMAX,121
CA008501900,2009-11-10,TMAX,35
CA008501900,2005-04-03,TMIN,8
CA008501900,2010-10-31,TMIN,-14
CA008501900,2008-02-09,TMIN,-236
CA008501900,2007-03-03,TMAX,-91
CA008501900,2007-03-03,TMIN,-199
CA008501900,2008-06-11,TMAX,122
CA008501900,2013-06-24,TMAX,171
CA008501900,2010-02-09,TMIN,-45
CA008501900,2011-11-23,TMIN,-138
CA008501900,2015-12-28,TMIN,-199
CA008501900,2007-02-15,TMIN,-176
CA008501900,2012-12-03,TMAX,-19
CA008501900,2009-02-02,TMAX,-122
CA008501900,2011-11-23,TMAX,-58
CA008501900,2007-02-15,TMAX,-20
CA008501900,2013-05-16,TMAX,60
CA008501900,2015-08-05,TMAX,187
CA008501900,2011-07-15,TMAX,273
CA008501900,2014-03-15,TMIN,-266
CA008501900,2010-12-12,TMAX,-70
CA008501900,2011-12-18,TMIN,-222
CA008501900,2008-10-20,TMIN,5
CA008501900,2012-02-12,TMIN,-202
CA008501900,2007-03-02,TMIN,-184
CA008501900,2008-02-10,TMAX,-196
CA008501900,2008-12-14,TMAX,-108
CA008501900,2010-02-16,TMAX,11
CA008501900,2014-06-22,TMAX,184
CA008501900,2014-08-08,TMIN,120
CA008501900,2009-11-10,TMIN,-66
CA008501900,2009-04-18,TMAX,-45
CA008501900,2008-10-20,TMAX,95
CA008501900,2011-07-13,TMAX,117
CA008501900,2005-09-01,TMIN,135
CA008501900,2011-03-09,TMIN,-264
CA008501900,2010-03-29,TMAX,23
CA008501900,2010-02-09,TMAX,-15
CA008501900,2013-05-16,TMIN,-7
CA008501900,2012-04-04,TMIN,-14
CA008501900,2008-03-11,TMIN,-191
CA008501900,2005-10-09,TMAX,70
CA008501900,2005-10-14,TMIN,40
CA008501900,2012-10-23,TMIN,16
CA008501900,2012-10-23,TMAX,60
CA008501900,2012-11-16,TMAX,16
CA008501900,2006-08-24,TMAX,171
CA008501900,2008-05-24,TMAX,53
CA008501900,2009-08-11,TMAX,167
CA008501900,2005-09-11,TMIN,18
CA008501900,2005-09-21,TMIN,29
CA008501900,2013-11-25,TMAX,-5
CA008501900,2011-04-05,TMAX,-26
CA008501900,2015-05-03,TMIN,-9
CA008501900,2013-03-20,TMAX,30
CA008501900,2006-08-24,TMIN,92
CA008501900,2006-08-12,TMIN,87
CA008501900,2006-12-21,TMAX,-32
CA008501900,2006-06-09,TMAX,263
CA008501900,2013-03-20,TMIN,-93
CA008501900,2014-06-13,TMIN,27
CA008501900,2008-11-25,TMIN,-165
CA008501900,2006-04-14,TMAX,86
CA008501900,2009-02-01,TMIN,-234
CA008501900,2005-09-25,TMAX,141
CA008501900,2015-05-03,TMAX,113
CA008501900,2015-09-10,TMIN,65
CA008501900,2008-08-31,TMIN,105
CA008501900,2008-08-31,TMAX,184
CA008501900,2012-11-16,TMIN,-62
CA008501900,2009-05-08,TMIN,37
CA008501900,2015-04-20,TMAX,36
CA008501900,2010-01-23,TMIN,-221
CA008501900,2012-10-29,TMAX,89
CA008501900,2009-02-01,TMAX,-111
CA008501900,2006-04-21,TMIN,-70
CA008501900,2006-04-21,TMAX,109
CA008501900,2014-01-18,TMAX,-88
CA008501900,2006-01-13,TMIN,-216
CA008501900,2010-08-08,TMIN,95
CA008501900,2006-12-21,TMIN,-97
CA008501900,2005-06-23,TMIN,56
CA008501900,2014-04-19,TMIN,-60
CA008501900,2009-02-11,TMIN,-168
CA008501900,2006-10-28,TMAX,39
CA008501900,2007-10-16,TMIN,-11
CA008501900,2013-12-12,TMAX,-177
CA008501900,2005-12-30,TMAX,-142
CA008501900,2014-07-16,TMIN,102
CA008501900,2007-10-04,TMAX,172
CA008501900,2014-07-16,TMAX,180
CA008501900,2009-03-15,TMIN,-206
CA008501900,2009-03-15,TMAX,-145
CA008501900,2007-09-14,TMAX,137
CA008501900,2007-09-14,TMIN,54
CA008501900,2014-11-19,TMIN,-71
CA008501900,2011-02-22,TMIN,-128
CA008501900,2014-11-19,TMAX,-16
CA008501900,2012-06-09,TMIN,48
CA008501900,2015-01-05,TMAX,-92
CA008501900,2006-02-16,TMAX,-128
CA008501900,2006-02-16,TMIN,-247
CA008501900,2015-02-19,TMAX,-156
CA008501900,2007-05-17,TMAX,139
CA008501900,2008-10-26,TMIN,39
CA008501900,2005-01-19,TMAX,-209
CA008501900,2005-01-19,TMIN,-299
CA008501900,2009-08-11,TMIN,83
CA008501900,2005-07-14,TMIN,113
CA008501900,2005-10-14,TMAX,71
CA008501900,2008-05-24,TMIN,1
CA008501900,2014-04-19,TMAX,25
CA008501900,2011-09-01,TMIN,92
CA008501900,2006-08-12,TMAX,132
CA008501900,2011-04-29,TMIN,-20
CA008501900,2006-01-27,TMIN,-164
CA008501900,2005-07-23,TMIN,127
CA008501900,2011-04-29,TMAX,9
CA008501900,2013-08-30,TMAX,154
CA008501900,2014-03-18,TMAX,-49
CA008501900,2010-02-24,TMAX,22
CA008501900,2013-08-30,TMIN,78
CA008501900,2006-06-09,TMIN,101
CA008501900,2013-07-27,TMAX,215
CA008501900,2006-02-06,TMAX,32
CA008501900,2014-12-05,TMAX,-146
CA008501900,2014-07-17,TMAX,260
CA008501900,2015-03-03,TMIN,-242
CA008501900,2012-07-01,TMIN,125
CA008501900,2013-07-27,TMIN,120
CA008501900,2006-02-06,TMIN,-45
CA008501900,2014-09-28,TMAX,65
CA008501900,2012-05-27,TMAX,81
CA008501900,2009-06-02,TMIN,36
CA008501900,2013-04-18,TMIN,-88
CA008501900,2013-04-18,TMAX,12
CA008501900,2009-08-14,TMAX,253
CA008501900,2010-10-18,TMIN,41
CA008501900,2008-09-24,TMAX,56
CA008501900,2012-07-01,TMAX,158
CA008501900,2009-08-14,TMIN,148
CA008501900,2006-05-08,TMAX,115
CA008501900,2013-01-23,TMIN,-263
CA008501900,2014-07-01,TMAX,170
CA008501900,2009-04-01,TMAX,27
CA008501900,2005-12-13,TMAX,-86
CA008501900,2009-06-02,TMAX,107
CA008501900,2009-12-24,TMIN,-74
CA008501900,2005-12-31,TMIN,-160
CA008501900,2013-05-24,TMAX,112
CA008501900,2014-07-17,TMIN,106
CA008501900,2008-12-04,TMIN,-95
CA008501900,2014-12-05,TMIN,-230
CA008501900,2010-12-31,TMAX,-16
CA008501900,2013-10-23,TMAX,99
CA008501900,2015-09-03,TMAX,127
CA008501900,2008-12-20,TMIN,-283
CA008501900,2012-08-11,TMIN,111
CA008501900,2013-01-23,TMAX,-221
CA008501900,2007-04-09,TMAX,-9
CA008501900,2014-08-13,TMIN,165
CA008501900,2014-12-02,TMAX,-120
CA008501900,2007-10-11,TMIN,-28
CA008501900,2005-07-31,TMAX,203
CA008501900,2006-05-08,TMIN,-6
CA008501900,2014-09-16,TMIN,54
CA008501900,2006-03-20,TMAX,23
CA008501900,2005-09-25,TMIN,40
CA008501900,2012-10-29,TMIN,42
CA008501900,2005-06-28,TMAX,254
CA008501900,2010-10-18,TMAX,78
CA008501900,2011-08-05,TMAX,277
CA008501900,2006-01-23,TMAX,-166
CA008501900,2014-07-01,TMIN,94
CA008501900,2006-12-22,TMAX,-59
CA008501900,2005-06-07,TMIN,70
CA008501900,2014-08-13,TMAX,309
CA008501900,2008-10-03,TMIN,57
CA008501900,2015-12-17,TMAX,-118
CA008501900,2015-03-30,TMAX,50
CA008501900,2005-07-31,TMIN,104
CA008501900,2008-02-01,TMIN,-199
CA008501900,2011-12-27,TMAX,-14
CA008501900,2012-08-26,TMIN,160
CA008501900,2014-12-14,TMAX,17
CA008501900,2015-03-30,TMIN,-89
CA008501900,2012-06-10,TMAX,238
CA008501900,2014-10-20,TMAX,57
CA008501900,2010-04-30,TMIN,11
CA008501900,2015-02-21,TMAX,-102
CA008501900,2011-12-27,TMIN,-102
CA008501900,2010-04-30,TMAX,87
CA008501900,2007-10-11,TMAX,69
CA008501900,2005-12-31,TMAX,-100
CA008501900,2010-10-05,TMIN,19
CA008501900,2008-10-03,TMAX,125
CA008501900,2010-12-09,TMAX,-6
CA008501900,2014-09-16,TMAX,160
CA008501900,2011-02-07,TMAX,-153
CA008501900,2011-02-07,TMIN,-230
CA008501900,2015-04-20,TMIN,-46
CA008501900,2007-06-26,TMIN,95
CA008501900,2006-10-28,TMIN,-5
CA008501900,2008-01-05,TMIN,-253
CA008501900,2014-04-03,TMAX,50
CA008501900,2005-01-13,TMIN,-253
CA008501900,2014-04-03,TMIN,-144
CA008501900,2008-07-17,TMAX,241
CA008501900,2008-02-28,TMIN,-255
CA008501900,2015-04-08,TMIN,-194
CA008501900,2015-07-16,TMAX,158
CA008501900,2010-10-06,TMAX,101
CA008501900,2009-02-11,TMAX,-107
CA008501900,2015-03-03,TMAX,-122
CA008501900,2014-11-15,TMIN,-127
CA008501900,2007-12-01,TMAX,-6
CA008501900,2011-06-10,TMIN,41
CA008501900,2011-11-02,TMAX,43
CA008501900,2012-03-28,TMIN,-127
CA008501900,2006-08-25,TMAX,113
CA008501900,2005-01-13,TMAX,-139
CA008501900,2007-08-05,TMAX,212
CA008501900,2013-11-22,TMAX,-23
CA008501900,2013-10-07,TMIN,32
CA008501900,2014-12-24,TMAX,-68
CA008501900,2010-02-05,TMIN,-292
CA008501900,2015-11-07,TMAX,76
CA008501900,2014-02-17,TMAX,-89
CA008501900,2014-03-14,TMIN,-238
CA008501900,2014-09-29,TMIN,-15
CA008501900,2006-09-15,TMIN,84
CA008501900,2006-02-19,TMIN,-221
CA008501900,2008-12-17,TMIN,-218
CA008501900,2006-09-15,TMAX,166
CA008501900,2006-01-09,TMIN,-197
CA008501900,2012-04-28,TMAX,58
CA008501900,2007-01-05,TMAX,42
CA008501900,2012-04-28,TMIN,-56
CA008501900,2015-06-06,TMAX,124
CA008501900,2013-10-07,TMAX,118
CA008501900,2012-11-11,TMIN,-79
CA008501900,2006-02-19,TMAX,-162
CA008501900,2008-02-29,TMIN,-268
CA008501900,2010-03-10,TMIN,-122
CA008501900,2015-07-02,TMIN,136
CA008501900,2014-08-12,TMIN,155
CA008501900,2014-08-12,TMAX,312
CA008501900,2007-03-04,TMIN,-102
CA008501900,2007-04-27,TMIN,-62
CA008501900,2011-05-17,TMIN,-14
CA008501900,2011-03-14,TMIN,-220
CA008501900,2007-01-05,TMIN,4
CA008501900,2011-05-17,TMAX,195
CA008501900,2012-10-10,TMAX,134
CA008501900,2011-03-13,TMIN,-182
CA008501900,2007-02-08,TMIN,-261
CA008501900,2006-06-23,TMIN,75
CA008501900,2006-06-23,TMAX,200
CA008501900,2011-03-14,TMAX,-115
CA008501900,2010-04-10,TMIN,12
CA008501900,2007-04-27,TMAX,72
CA008501900,2015-07-02,TMAX,198
CA008501900,2005-05-21,TMAX,92
CA008501900,2007-03-04,TMAX,-38
CA008501900,2006-08-25,TMIN,57
CA008501900,2007-12-01,TMIN,-126
CA008501900,2011-03-13,TMAX,53
CA008501900,2008-12-17,TMAX,-146
CA008501900,2013-08-31,TMIN,51
CA008501900,2012-08-04,TMIN,103
CA008501900,2014-11-15,TMAX,-71
CA008501900,2012-03-28,TMAX,-47
CA008501900,2007-08-05,TMIN,114
CA008501900,2014-08-01,TMAX,239
CA008501900,2006-03-13,TMAX,15
CA008501900,2011-05-28,TMIN,-16
CA008501900,2006-03-02,TMIN,-160
CA008501900,2015-02-17,TMAX,-123
CA008501900,2012-08-04,TMAX,224
CA008501900,2011-11-02,TMIN,-28
CA008501900,2014-08-01,TMIN,148
CA008501900,2012-11-11,TMAX,-8
CA008501900,2015-01-13,TMAX,-230
CA008501900,2012-05-28,TMIN,-5
CA008501900,2012-05-09,TMIN,2
CA008501900,2009-03-21,TMIN,-174
CA008501900,2005-05-11,TMIN,92
CA008501900,2013-01-12,TMAX,-101
CA008501900,2007-08-30,TMAX,180
CA008501900,2014-05-03,TMIN,-20
CA008501900,2006-05-27,TMAX,149
CA008501900,2012-06-17,TMAX,277
CA008501900,2009-03-21,TMAX,-25
CA008501900,2014-05-03,TMAX,60
CA008501900,2011-09-01,TMAX,220
CA008501900,2014-09-29,TMAX,55
CA008501900,2009-05-14,TMIN,-8
CA008501900,2015-04-08,TMAX,-55
CA008501900,2015-09-26,TMIN,2
CA008501900,2013-02-25,TMIN,-237
CA008501900,2012-08-18,TMAX,185
CA008501900,2008-08-18,TMAX,171
CA008501900,2011-08-05,TMIN,146
CA008501900,2010-08-20,TMIN,155
CA008501900,2007-10-08,TMIN,33
CA008501900,2005-09-11,TMAX,135
CA008501900,2011-02-22,TMAX,-78
CA008501900,2010-07-07,TMIN,109
CA008501900,2006-05-27,TMIN,46
CA008501900,2008-08-18,TMIN,115
CA008501900,2007-09-21,TMIN,24
CA008501900,2007-12-12,TMIN,-224
CA008501900,2013-02-25,TMAX,-67
CA008501900,2009-03-23,TMAX,-50
CA008501900,2007-12-12,TMAX,-174
CA008501900,2012-06-17,TMIN,146
CA008501900,2011-08-20,TMAX,265
CA008501900,2012-08-18,TMIN,125
CA008501900,2007-10-04,TMIN,78
CA008501900,2012-06-09,TMAX,190
CA008501900,2015-02-19,TMIN,-291
CA008501900,2009-03-23,TMIN,-173
CA008501900,2005-12-30,TMIN,-169
CA008501900,2008-08-04,TMIN,123
CA008501900,2008-02-01,TMAX,-143
CA008501900,2008-12-13,TMIN,-202
CA008501900,2010-07-07,TMAX,175
CA008501900,2014-09-24,TMIN,-9
CA008501900,2009-03-08,TMAX,-51
CA008501900,2008-11-09,TMIN,-36
CA008501900,2012-03-29,TMIN,-110
CA008501900,2014-01-18,TMIN,-188
CA008501900,2012-05-09,TMAX,74
CA008501900,2013-10-10,TMIN,-4
CA008501900,2015-01-13,TMIN,-302
CA008501900,2015-01-28,TMAX,-189
CA008501900,2013-10-10,TMAX,78
CA008501900,2012-05-28,TMAX,64
CA008501900,2010-10-05,TMAX,122
CA008501900,2015-01-05,TMIN,-208
CA008501900,2005-12-09,TMAX,-72
CA008501900,2014-12-24,TMIN,-175
CA008501900,2012-03-29,TMAX,-76
CA008501900,2007-09-28,TMAX,91
CA008501900,2008-11-09,TMAX,8
CA008501900,2013-01-12,TMIN,-234
CA008501900,2005-12-09,TMIN,-139
CA008501900,2007-05-05,TMIN,-25
CA008501900,2006-05-31,TMAX,191
CA008501900,2015-09-26,TMAX,59
CA008501900,2007-11-29,TMAX,-69
CA008501900,2015-08-06,TMIN,79
CA008501900,2010-02-05,TMAX,-177
CA008501900,2009-05-08,TMAX,155
CA008501900,2007-05-05,TMAX,36
CA008501900,2011-06-10,TMAX,110
CA008501900,2014-09-24,TMAX,123
CA008501900,2006-11-19,TMIN,8
CA008501900,2008-08-04,TMAX,212
CA008501900,2008-12-13,TMAX,-91
CA008501900,2006-04-14,TMIN,31
CA008501900,2010-09-27,TMAX,168
CA008501900,2009-03-08,TMIN,-104
CA008501900,2014-05-17,TMIN,21
CA008501900,2007-04-28,TMAX,75
CA008501900,2006-06-05,TMIN,26
CA008501900,2007-12-03,TMIN,-98
CA008501900,2005-10-26,TMIN,2
CA008501900,2012-05-24,TMAX,183
CA008501900,2009-04-20,TMAX,32
CA008501900,2011-02-05,TMAX,-100
CA008501900,2011-01-15,TMIN,-191
CA008501900,2014-07-02,TMIN,113
CA008501900,2010-01-24,TMIN,-207
CA008501900,2014-08-29,TMIN,35
CA008501900,2013-12-12,TMIN,-236
CA008501900,2014-09-20,TMAX,102
CA008501900,2009-09-28,TMIN,39
CA008501900,2014-09-20,TMIN,33
CA008501900,2009-09-28,TMAX,166
CA008501900,2015-02-17,TMIN,-206
CA008501900,2008-05-20,TMAX,54
CA008501900,2014-01-26,TMIN,-162
CA008501900,2005-07-16,TMIN,63
CA008501900,2015-11-19,TMAX,16
CA008501900,2008-02-29,TMAX,-153
CA008501900,2008-05-28,TMAX,99
CA008501900,2007-05-17,TMIN,-54
CA008501900,2005-10-26,TMAX,27
CA008501900,2012-09-29,TMIN,20
CA008501900,2013-05-14,TMAX,161
CA008501900,2008-08-01,TMAX,162
CA008501900,2008-05-28,TMIN,23
CA008501900,2014-06-01,TMAX,221
CA008501900,2009-06-06,TMAX,181
CA008501900,2012-05-22,TMIN,42
CA008501900,2007-10-23,TMIN,1
CA008501900,2013-05-14,TMIN,32
CA008501900,2010-09-03,TMIN,72
CA008501900,2005-05-22,TMIN,1
CA008501900,2010-09-03,TMAX,190
CA008501900,2008-02-28,TMAX,-156
CA008501900,2010-01-24,TMAX,-127
CA008501900,2010-05-03,TMAX,61
CA008501900,2005-01-31,TMAX,-157
CA008501900,2011-03-30,TMAX,-3
CA008501900,2009-05-13,TMIN,5
CA008501900,2014-03-18,TMIN,-156
CA008501900,2007-08-02,TMIN,67
CA008501900,2015-05-26,TMAX,224
CA008501900,2007-12-03,TMAX,4
CA008501900,2014-10-09,TMIN,55
CA008501900,2013-04-23,TMAX,127
CA008501900,2008-11-25,TMAX,-87
CA008501900,2013-04-23,TMIN,5
CA008501900,2012-01-17,TMAX,-101
CA008501900,2014-11-07,TMAX,-9
CA008501900,2009-04-25,TMIN,23
CA008501900,2008-05-29,TMIN,15
CA008501900,2007-06-17,TMIN,47
CA008501900,2008-05-29,TMAX,138
CA008501900,2014-09-03,TMAX,166
CA008501900,2011-05-30,TMAX,123
CA008501900,2012-07-28,TMIN,142
CA008501900,2015-04-19,TMIN,-100
CA008501900,2012-04-06,TMAX,-2
CA008501900,2008-07-27,TMIN,175
CA008501900,2006-08-06,TMIN,99
CA008501900,2012-01-11,TMAX,-171
CA008501900,2011-01-09,TMIN,-78
CA008501900,2007-08-02,TMAX,169
CA008501900,2014-01-26,TMAX,11
CA008501900,2015-05-26,TMIN,-9
CA008501900,2011-07-06,TMIN,122
CA008501900,2015-09-06,TMIN,27
CA008501900,2011-07-06,TMAX,222
CA008501900,2012-01-11,TMIN,-269
CA008501900,2014-08-29,TMAX,211
CA008501900,2014-07-02,TMAX,180
CA008501900,2011-01-09,TMAX,14
CA008501900,2012-04-06,TMIN,-62
CA008501900,2007-10-25,TMIN,8
CA008501900,2012-07-28,TMAX,242
CA008501900,2009-03-25,TMIN,-187
CA008501900,2006-05-18,TMIN,11
CA008501900,2005-08-27,TMAX,238
CA008501900,2007-09-02,TMIN,58
CA008501900,2007-11-17,TMIN,10
CA008501900,2013-03-25,TMAX,36
CA008501900,2008-12-24,TMAX,-105
CA008501900,2012-09-01,TMIN,36
CA008501900,2005-12-26,TMAX,-217
CA008501900,2007-01-13,TMAX,-178
CA008501900,2011-03-19,TMAX,-42
CA008501900,2011-03-19,TMIN,-163
CA008501900,2013-04-30,TMIN,11
CA008501900,2009-04-19,TMIN,-136
CA008501900,2013-04-30,TMAX,217
CA008501900,2009-08-16,TMAX,199
CA008501900,2010-12-19,TMAX,45
CA008501900,2005-03-21,TMIN,-148
CA008501900,2009-06-25,TMIN,179
CA008501900,2014-02-18,TMAX,-103
CA008501900,2007-08-26,TMIN,122
CA008501900,2012-05-24,TMIN,-16
CA008501900,2007-01-13,TMIN,-251
CA008501900,2006-11-06,TMAX,10
CA008501900,2005-08-11,TMIN,115
CA008501900,2009-04-20,TMIN,-69
CA008501900,2011-07-12,TMIN,76
CA008501900,2008-05-21,TMIN,21
CA008501900,2008-09-01,TMIN,105
CA008501900,2012-08-25,TMIN,113
CA008501900,2007-11-17,TMAX,149
CA008501900,2015-08-28,TMIN,129
CA008501900,2008-07-20,TMAX,194
CA008501900,2008-09-01,TMAX,198
CA008501900,2013-12-31,TMIN,-291
CA008501900,2008-07-20,TMIN,89
CA008501900,2013-09-03,TMIN,31
CA008501900,2013-12-31,TMAX,-228
CA008501900,2012-08-25,TMAX,249
CA008501900,2013-03-25,TMIN,1
CA008501900,2015-11-15,TMAX,-3
CA008501900,2008-07-27,TMAX,310
CA008501900,2009-06-25,TMAX,313
CA008501900,2007-08-26,TMAX,170
CA008501900,2014-05-26,TMAX,124
CA008501900,2013-06-15,TMAX,100
CA008501900,2008-04-08,TMAX,83
CA008501900,2008-04-08,TMIN,-49
CA008501900,2012-09-01,TMAX,170
CA008501900,2008-02-05,TMIN,-242
CA008501900,2008-08-01,TMIN,114
CA008501900,2011-11-16,TMAX,36
CA008501900,2012-09-29,TMAX,140
CA008501900,2013-01-09,TMAX,-145
CA008501900,2011-02-09,TMAX,-151
CA008501900,2009-06-06,TMIN,32
CA008501900,2015-11-19,TMIN,-55
CA008501900,2005-08-27,TMIN,85
CA008501900,2014-06-01,TMIN,37
CA008501900,2010-06-10,TMAX,179
CA008501900,2011-03-30,TMIN,-101
CA008501900,2012-06-12,TMIN,165
CA008501900,2010-08-15,TMAX,296
CA008501900,2007-03-15,TMAX,36
CA008501900,2015-11-15,TMIN,-27
CA008501900,2010-01-23,TMAX,-130
CA008501900,2007-03-15,TMIN,-144
CA008501900,2006-12-22,TMIN,-155
CA008501900,2013-04-08,TMIN,-126
CA008501900,2008-05-21,TMAX,118
CA008501900,2005-08-22,TMAX,91
CA008501900,2007-10-27,TMIN,51
CA008501900,2012-01-17,TMIN,-230
CA008501900,2012-06-12,TMAX,348
CA008501900,2013-04-08,TMAX,28
CA008501900,2011-02-09,TMIN,-240
CA008501900,2005-06-24,TMAX,222
CA008501900,2006-01-28,TMIN,-141
CA008501900,2011-02-05,TMIN,-256
CA008501900,2011-11-16,TMIN,-32
CA008501900,2006-01-28,TMAX,-63
CA008501900,2013-01-09,TMIN,-214
CA008501900,2013-11-04,TMIN,-72
CA008501900,2006-05-18,TMAX,101
CA008501900,2012-07-20,TMAX,206
CA008501900,2005-12-13,TMIN,-209
CA008501900,2007-10-08,TMAX,67
CA008501900,2009-09-15,TMAX,63
CA008501900,2013-10-23,TMIN,-5
CA008501900,2007-06-17,TMAX,250
CA008501900,2012-02-28,TMAX,-133
CA008501900,2006-04-02,TMAX,38
CA008501900,2005-06-02,TMAX,245
CA008501900,2007-12-18,TMAX,-34
CA008501900,2009-08-16,TMIN,87
CA008501900,2013-01-25,TMIN,-173
CA008501900,2011-02-01,TMIN,-290
CA008501900,2008-04-13,TMAX,1
CA008501900,2013-01-25,TMAX,-133
CA008501900,2014-06-13,TMAX,209
CA008501900,2006-03-20,TMIN,-9
CA008501900,2014-03-26,TMIN,-244
CA008501900,2007-09-21,TMAX,127
CA008501900,2006-08-31,TMIN,92
CA008501900,2007-10-22,TMIN,-13
CA008501900,2008-09-24,TMIN,-16
CA008501900,2008-12-15,TMAX,-65
CA008501900,2013-08-22,TMIN,130
CA008501900,2010-07-08,TMIN,141
CA008501900,2006-01-31,TMAX,-191
CA008501900,2015-03-15,TMAX,-110
CA008501900,2014-05-12,TMIN,-14
CA008501900,2012-02-29,TMAX,-164
CA008501900,2007-10-22,TMAX,57
CA008501900,2009-09-15,TMIN,-6
CA008501900,2008-04-27,TMAX,119
CA008501900,2010-07-08,TMAX,320
CA008501900,2010-02-23,TMIN,-71
CA008501900,2008-02-05,TMAX,-79
CA008501900,2013-11-18,TMAX,88
CA008501900,2014-02-07,TMIN,-243
CA008501900,2005-09-21,TMAX,74
CA008501900,2015-03-26,TMIN,-96
CA008501900,2014-07-29,TMIN,188
CA008501900,2005-11-23,TMIN,58
CA008501900,2014-12-14,TMIN,-32
CA008501900,2011-03-01,TMAX,-84
CA008501900,2015-08-12,TMAX,120
CA008501900,2008-12-12,TMIN,-254
CA008501900,2008-04-13,TMIN,-41
CA008501900,2015-07-16,TMIN,102
CA008501900,2014-12-23,TMAX,-90
CA008501900,2005-05-19,TMIN,19
CA008501900,2014-12-23,TMIN,-180
CA008501900,2014-09-28,TMIN,-6
CA008501900,2012-05-27,TMIN,12
CA008501900,2015-11-07,TMIN,-11
CA008501900,2015-08-12,TMIN,91
CA008501900,2011-03-01,TMIN,-158
CA008501900,2007-04-28,TMIN,-13
CA008501900,2015-09-01,TMIN,57
CA008501900,2006-06-05,TMAX,159
CA008501900,2008-07-12,TMAX,215
CA008501900,2013-05-24,TMIN,22
CA008501900,2008-07-12,TMIN,84
CA008501900,2013-10-06,TMAX,96
CA008501900,2014-07-29,TMAX,242
CA008501900,2013-10-06,TMIN,46
CA008501900,2014-05-08,TMAX,93
CA008501900,2013-11-25,TMIN,-104
CA008501900,2009-06-30,TMAX,321
CA008501900,2009-06-30,TMIN,132
CA008501900,2008-02-13,TMAX,-80
CA008501900,2010-05-25,TMAX,162
CA008501900,2005-05-27,TMAX,289
CA008501900,2008-04-27,TMIN,-55
CA008501900,2006-02-03,TMIN,-234
CA008501900,2010-11-21,TMIN,-78
CA008501900,2011-02-01,TMAX,-221
CA008501900,2012-05-01,TMIN,-48
CA008501900,2012-05-01,TMAX,57
CA008501900,2006-02-03,TMAX,-53
CA008501900,2006-08-31,TMAX,176
CA008501900,2005-08-22,TMIN,76
CA008501900,2010-11-21,TMAX,-35
CA008501900,2006-04-02,TMIN,-44
CA008501900,2007-02-19,TMAX,-64
CA008501900,2013-04-06,TMAX,6
CA008501900,2010-03-26,TMIN,-179
CA008501900,2010-03-26,TMAX,1
CA008501900,2013-11-18,TMIN,12
CA008501900,2012-02-29,TMIN,-286
CA008501900,2011-08-13,TMIN,112
CA008501900,2008-05-20,TMIN,22
CA008501900,2007-02-19,TMIN,-141
CA008501900,2012-07-02,TMAX,172
CA008501900,2005-07-13,TMAX,254
CA008501900,2011-04-22,TMIN,-99
CA008501900,2012-07-02,TMIN,122
CA008501900,2012-09-22,TMIN,71
CA008501900,2011-05-30,TMIN,19
CA008501900,2015-09-01,TMAX,115
CA008501900,2010-02-23,TMAX,5
CA008501900,2005-07-13,TMIN,106
CA008501900,2014-10-30,TMIN,3
CA008501900,2011-05-04,TMIN,-16
CA008501900,2006-08-06,TMAX,208
CA008501900,2014-09-03,TMIN,85
CA008501900,2012-07-20,TMIN,86
CA008501900,2014-10-30,TMAX,55
CA008501900,2015-03-26,TMAX,21
CA008501900,2013-04-06,TMIN,-88
CA008501900,2011-08-01,TMAX,231
CA008501900,2012-09-22,TMAX,204
CA008501900,2014-11-07,TMIN,-56
CA008501900,2005-01-21,TMAX,-85
CA008501900,2012-08-26,TMAX,234
CA008501900,2005-05-22,TMAX,159
CA008501900,2013-09-22,TMAX,218
CA008501900,2009-04-19,TMAX,28
CA008501900,2006-04-03,TMAX,-14
CA008501900,2009-05-14,TMAX,215
CA008501900,2015-05-09,TMAX,67
CA008501900,2007-12-18,TMIN,-192
CA008501900,2012-02-28,TMIN,-262
CA008501900,2005-01-21,TMIN,-248
CA008501900,2005-06-07,TMAX,113
CA008501900,2014-09-18,TMAX,82
CA008501900,2009-12-24,TMAX,-51
CA008501900,2010-12-31,TMIN,-61
CA008501900,2005-06-03,TMAX,199
CA008501900,2014-05-12,TMAX,96
CA008501900,2008-12-15,TMIN,-175
CA008501900,2013-04-17,TMAX,41
CA008501900,2010-07-10,TMIN,135
CA008501900,2007-10-16,TMAX,116
CA008501900,2014-03-26,TMAX,-48
CA008501900,2012-08-29,TMIN,106
CA008501900,2010-01-29,TMIN,-130
CA008501900,2010-01-29,TMAX,-75
CA008501900,2013-09-22,TMIN,106
CA008501900,2005-07-14,TMAX,222
CA008501900,2011-08-01,TMIN,92
CA008501900,2014-09-18,TMIN,-8
CA008501900,2006-11-29,TMAX,-72
CA008501900,2008-02-13,TMIN,-160
CA008501900,2015-06-07,TMAX,169
CA008501900,2011-04-22,TMAX,82
CA008501900,2010-07-10,TMAX,219
CA008501900,2007-11-01,TMIN,0
CA008501900,2015-12-05,TMAX,-72
CA008501900,2007-01-17,TMAX,-230
CA008501900,2007-01-17,TMIN,-295
CA008501900,2012-06-10,TMIN,95
CA008501900,2006-11-29,TMIN,-119
CA008501900,2013-04-17,TMIN,-73
CA008501900,2015-03-15,TMIN,-250
CA008501900,2007-04-09,TMIN,-71
CA008501900,2014-03-16,TMAX,-6
CA008501900,2005-06-03,TMIN,36
CA008501900,2015-12-05,TMIN,-122
CA008501900,2010-03-27,TMAX,-99
CA008501900,2005-05-27,TMIN,69
CA008501900,2012-08-29,TMAX,169
CA008501900,2008-03-26,TMIN,-212
CA008501900,2015-09-06,TMAX,159
CA008501900,2011-04-05,TMIN,-86
CA008501900,2014-05-22,TMIN,15
CA008501900,2007-03-10,TMAX,-17
CA008501900,2008-06-04,TMIN,42
CA008501900,2007-03-10,TMIN,-175
CA008501900,2008-07-04,TMIN,133
CA008501900,2008-07-04,TMAX,233
CA008501900,2008-06-04,TMAX,120
CA008501900,2009-01-15,TMIN,-305
CA008501900,2007-07-23,TMIN,101
CA008501900,2015-07-20,TMAX,152
CA008501900,2006-12-05,TMAX,-132
CA008501900,2007-12-06,TMIN,-218
CA008501900,2008-09-23,TMIN,-16
CA008501900,2011-08-11,TMAX,163
CA008501900,2011-05-03,TMIN,4
CA008501900,2008-09-23,TMAX,85
CA008501900,2007-07-23,TMAX,303
CA008501900,2014-03-11,TMIN,-232
CA008501900,2006-12-14,TMAX,23
CA008501900,2014-05-22,TMAX,64
CA008501900,2011-08-14,TMIN,116
CA008501900,2006-12-14,TMIN,-33
CA008501900,2008-01-05,TMAX,-141
CA008501900,2011-11-22,TMAX,-61
CA008501900,2015-07-05,TMAX,132
CA008501900,2010-08-30,TMAX,197
CA008501900,2012-10-11,TMAX,96
CA008501900,2014-04-01,TMIN,-186
CA008501900,2012-10-11,TMIN,20
CA008501900,2011-03-11,TMAX,35
CA008501900,2009-10-24,TMAX,35
CA008501900,2009-01-15,TMAX,-234
CA008501900,2007-10-14,TMAX,41
CA008501900,2010-08-30,TMIN,98
CA008501900,2011-12-05,TMAX,21
CA008501900,2005-01-03,TMIN,-239
CA008501900,2011-03-11,TMIN,-72
CA008501900,2015-04-11,TMAX,-10
CA008501900,2011-11-22,TMIN,-118
CA008501900,2006-03-02,TMAX,5
CA008501900,2010-01-02,TMAX,-8
CA008501900,2010-06-01,TMAX,167
CA008501900,2015-02-05,TMAX,-194
CA008501900,2013-06-29,TMAX,239
CA008501900,2011-03-04,TMAX,-129
CA008501900,2012-09-24,TMAX,174
CA008501900,2014-10-16,TMAX,85
CA008501900,2013-06-29,TMIN,126
CA008501900,2010-01-14,TMAX,-78
CA008501900,2015-02-05,TMIN,-340
CA008501900,2015-09-07,TMIN,24
CA008501900,2011-03-04,TMIN,-238
CA008501900,2006-06-28,TMIN,167
CA008501900,2010-02-22,TMIN,-20
CA008501900,2005-11-26,TMAX,-30
CA008501900,2015-02-10,TMIN,-295
CA008501900,2008-12-19,TMAX,-166
CA008501900,2005-01-03,TMAX,-184
CA008501900,2015-03-13,TMAX,-155
CA008501900,2009-04-22,TMIN,9
CA008501900,2014-07-23,TMAX,292
CA008501900,2010-08-20,TMAX,254
CA008501900,2011-05-03,TMAX,84
CA008501900,2005-05-31,TMIN,-3
CA008501900,2010-06-22,TMIN,63
CA008501900,2006-12-05,TMIN,-230
CA008501900,2010-01-14,TMIN,-159
CA008501900,2012-02-21,TMAX,-84
CA008501900,2015-04-02,TMIN,-134
CA008501900,2014-03-11,TMAX,-82
CA008501900,2006-11-04,TMAX,34
CA008501900,2011-05-27,TMAX,129
CA008501900,2012-02-21,TMIN,-186
CA008501900,2007-12-06,TMAX,-100
CA008501900,2011-08-09,TMIN,96
CA008501900,2012-04-13,TMAX,20
CA008501900,2008-07-17,TMIN,143
CA008501900,2009-10-05,TMIN,-21
CA008501900,2006-06-28,TMAX,207
CA008501900,2011-08-07,TMAX,161
CA008501900,2005-10-03,TMAX,131
CA008501900,2012-02-08,TMAX,-135
CA008501900,2014-10-01,TMAX,58
CA008501900,2015-05-15,TMAX,108
CA008501900,2012-01-30,TMAX,-92
CA008501900,2012-06-06,TMAX,186
CA008501900,2007-01-26,TMIN,-237
CA008501900,2005-07-24,TMIN,86
CA008501900,2012-08-12,TMAX,244
CA008501900,2013-03-24,TMIN,-13
CA008501900,2014-09-14,TMAX,94
CA008501900,2006-01-23,TMIN,-263
CA008501900,2011-02-17,TMAX,-55
CA008501900,2011-10-27,TMIN,-1
CA008501900,2009-11-08,TMAX,38
CA008501900,2009-05-18,TMIN,22
CA008501900,2010-11-27,TMIN,-58
CA008501900,2012-08-12,TMIN,115
CA008501900,2010-01-25,TMAX,-33
CA008501900,2015-05-15,TMIN,-13
CA008501900,2008-07-22,TMAX,260
CA008501900,2015-10-10,TMAX,46
CA008501900,2011-08-14,TMAX,235
CA008501900,2012-06-06,TMIN,40
CA008501900,2014-01-30,TMIN,-216
CA008501900,2015-05-20,TMAX,18
CA008501900,2008-05-25,TMIN,33
CA008501900,2009-08-19,TMIN,119
CA008501900,2009-01-02,TMAX,-28
CA008501900,2014-10-01,TMIN,-25
CA008501900,2015-07-05,TMIN,106
CA008501900,2009-05-16,TMIN,-14
CA008501900,2007-01-26,TMAX,-136
CA008501900,2012-02-24,TMIN,-99
CA008501900,2009-08-19,TMAX,184
CA008501900,2006-06-07,TMAX,138
CA008501900,2012-02-24,TMAX,-27
CA008501900,2005-07-24,TMAX,139
CA008501900,2014-06-18,TMIN,131
CA008501900,2009-06-08,TMIN,36
CA008501900,2007-07-13,TMAX,266
CA008501900,2005-10-27,TMIN,0
CA008501900,2010-11-20,TMIN,-90
CA008501900,2012-04-13,TMIN,-107
CA008501900,2009-06-05,TMAX,99
CA008501900,2012-04-16,TMIN,-40
CA008501900,2015-04-11,TMIN,-67
CA008501900,2012-04-16,TMAX,88
CA008501900,2008-12-24,TMIN,-246
CA008501900,2009-10-05,TMAX,60
CA008501900,2012-09-24,TMIN,64
CA008501900,2014-07-23,TMIN,138
CA008501900,2014-04-01,TMAX,1
CA008501900,2014-09-14,TMIN,14
CA008501900,2009-10-24,TMIN,-57
CA008501900,2014-12-07,TMIN,-219
CA008501900,2009-06-05,TMIN,31
CA008501900,2006-06-12,TMIN,59
CA008501900,2005-11-19,TMIN,-133
CA008501900,2010-01-25,TMIN,-229
CA008501900,2005-04-25,TMAX,34
CA008501900,2013-03-24,TMAX,25
CA008501900,2011-01-11,TMAX,12
CA008501900,2005-11-10,TMIN,-155
CA008501900,2006-11-04,TMIN,-47
CA008501900,2006-06-12,TMAX,85
CA008501900,2008-01-22,TMIN,-338
CA008501900,2015-07-20,TMIN,79
CA008501900,2008-01-31,TMIN,-182
CA008501900,2010-12-23,TMAX,-33
CA008501900,2008-01-22,TMAX,-237
CA008501900,2008-07-22,TMIN,99
CA008501900,2009-07-28,TMIN,148
CA008501900,2014-01-30,TMAX,-156
CA008501900,2011-08-11,TMIN,114
CA008501900,2014-06-18,TMAX,179
CA008501900,2009-07-28,TMAX,217
CA008501900,2014-01-12,TMIN,-92
CA008501900,2005-10-03,TMIN,27
CA008501900,2015-04-16,TMIN,-110
CA008501900,2011-10-25,TMIN,32
CA008501900,2007-11-09,TMIN,-119
CA008501900,2012-04-11,TMIN,-27
CA008501900,2005-09-14,TMAX,235
CA008501900,2014-10-14,TMIN,57
CA008501900,2010-08-03,TMAX,289
CA008501900,2007-11-12,TMAX,-12
CA008501900,2013-09-04,TMAX,224
CA008501900,2011-04-06,TMAX,21
CA008501900,2011-12-13,TMAX,-128
CA008501900,2006-05-11,TMAX,236
CA008501900,2011-04-06,TMIN,-31
CA008501900,2015-04-25,TMAX,28
CA008501900,2009-08-28,TMIN,47
CA008501900,2007-11-29,TMIN,-142
CA008501900,2015-01-04,TMIN,-279
CA008501900,2012-04-11,TMAX,33
CA008501900,2009-08-29,TMAX,172
CA008501900,2012-08-08,TMIN,154
CA008501900,2013-07-29,TMAX,279
CA008501900,2014-10-14,TMAX,122
CA008501900,2007-11-09,TMAX,-26
CA008501900,2008-03-02,TMIN,-217
CA008501900,2008-08-26,TMIN,109
CA008501900,2011-11-17,TMIN,-36
CA008501900,2011-11-17,TMAX,51
CA008501900,2009-06-28,TMAX,242
CA008501900,2015-03-13,TMIN,-239
CA008501900,2015-06-22,TMIN,80
CA008501900,2006-05-25,TMAX,153
CA008501900,2013-07-03,TMIN,195
CA008501900,2009-06-28,TMIN,101
CA008501900,2013-07-29,TMIN,118
CA008501900,2013-07-18,TMAX,191
CA008501900,2009-08-15,TMAX,204
CA008501900,2014-12-02,TMIN,-204
CA008501900,2008-03-02,TMAX,-107
CA008501900,2006-05-25,TMIN,-13
CA008501900,2009-08-15,TMIN,102
CA008501900,2005-08-05,TMAX,163
CA008501900,2007-08-29,TMIN,117
CA008501900,2005-07-16,TMAX,205
CA008501900,2012-10-27,TMIN,-33
CA008501900,2013-06-23,TMAX,185
CA008501900,2006-10-02,TMIN,-9
CA008501900,2008-09-03,TMIN,201
CA008501900,2008-03-26,TMAX,10
CA008501900,2006-04-17,TMIN,-6
CA008501900,2014-01-12,TMAX,-17
CA008501900,2014-05-13,TMAX,118
CA008501900,2008-09-03,TMAX,336
CA008501900,2012-03-01,TMAX,-132
CA008501900,2012-02-22,TMAX,-114
CA008501900,2006-04-17,TMAX,20
CA008501900,2007-11-12,TMIN,-53
CA008501900,2012-02-22,TMIN,-188
CA008501900,2005-11-18,TMIN,-111
CA008501900,2011-12-03,TMIN,-151
CA008501900,2012-03-01,TMIN,-305
CA008501900,2005-01-06,TMIN,-290
CA008501900,2012-10-27,TMAX,74
CA008501900,2014-02-28,TMIN,-268
CA008501900,2012-04-23,TMIN,-37
CA008501900,2012-04-23,TMAX,15
CA008501900,2006-11-17,TMAX,153
CA008501900,2011-04-07,TMIN,-111
CA008501900,2008-08-02,TMIN,108
CA008501900,2008-06-25,TMIN,88
CA008501900,2006-11-19,TMAX,16
CA008501900,2008-03-17,TMIN,-245
CA008501900,2013-12-11,TMIN,-232
CA008501900,2005-11-15,TMAX,29
CA008501900,2014-05-24,TMAX,84
CA008501900,2013-06-23,TMIN,65
CA008501900,2011-04-07,TMAX,-2
CA008501900,2011-06-19,TMAX,146
CA008501900,2008-11-14,TMAX,44
CA008501900,2008-08-02,TMAX,158
CA008501900,2005-11-15,TMIN,-40
CA008501900,2015-09-10,TMAX,188
CA008501900,2014-11-14,TMAX,-23
CA008501900,2010-12-18,TMIN,-16
CA008501900,2009-06-16,TMIN,114
CA008501900,2015-12-29,TMAX,-165
CA008501900,2007-05-31,TMAX,92
CA008501900,2014-05-24,TMIN,-10
CA008501900,2015-09-07,TMAX,115
CA008501900,2014-01-01,TMAX,-263
CA008501900,2012-06-15,TMIN,56
CA008501900,2009-08-28,TMAX,99
CA008501900,2008-09-16,TMAX,142
CA008501900,2008-03-27,TMIN,-112
CA008501900,2014-01-01,TMIN,-309
CA008501900,2010-07-24,TMAX,266
CA008501900,2012-06-15,TMAX,165
CA008501900,2011-04-13,TMIN,-69
CA008501900,2005-02-09,TMIN,-171
CA008501900,2007-07-12,TMIN,142
CA008501900,2008-03-11,TMAX,-39
CA008501900,2009-04-22,TMAX,76
CA008501900,2012-08-08,TMAX,240
CA008501900,2005-09-13,TMIN,71
CA008501900,2007-05-31,TMIN,-29
CA008501900,2010-08-03,TMIN,157
CA008501900,2005-01-17,TMAX,-225
CA008501900,2005-09-13,TMAX,128
CA008501900,2015-01-01,TMIN,-293
CA008501900,2014-11-14,TMIN,-96
CA008501900,2005-09-14,TMIN,119
CA008501900,2006-03-14,TMAX,-29
CA008501900,2008-09-16,TMIN,32
CA008501900,2015-01-01,TMAX,-195
CA008501900,2013-06-22,TMAX,209
CA008501900,2010-09-26,TMAX,133
CA008501900,2010-05-25,TMIN,22
CA008501900,2009-03-30,TMAX,-43
CA008501900,2010-07-24,TMIN,134
CA008501900,2008-03-27,TMAX,-27
CA008501900,2005-04-25,TMIN,-18
CA008501900,2013-06-22,TMIN,71
CA008501900,2010-07-16,TMAX,259
CA008501900,2010-07-16,TMIN,113
CA008501900,2015-01-04,TMAX,-208
CA008501900,2011-10-25,TMAX,63
CA008501900,2006-11-17,TMIN,14
CA008501900,2008-05-27,TMAX,118
CA008501900,2013-07-03,TMAX,291
CA008501900,2011-12-03,TMAX,-98
CA008501900,2014-02-19,TMAX,-120
CA008501900,2015-01-03,TMIN,-267
CA008501900,2013-09-13,TMAX,99
CA008501900,2009-02-03,TMIN,-243
CA008501900,2006-01-10,TMAX,-106
CA008501900,2012-01-28,TMAX,-163
CA008501900,2012-01-28,TMIN,-253
CA008501900,2011-01-05,TMAX,31
CA008501900,2011-01-05,TMIN,-17
CA008501900,2014-11-17,TMAX,-55
CA008501900,2006-10-02,TMAX,114
CA008501900,2009-08-29,TMIN,52
CA008501900,2005-01-17,TMIN,-275
CA008501900,2012-12-11,TMIN,-147
CA008501900,2006-05-31,TMIN,47
CA008501900,2005-11-10,TMAX,5
CA008501900,2015-04-16,TMAX,-2
CA008501900,2007-07-12,TMAX,233
CA008501900,2005-11-26,TMIN,-114
CA008501900,2006-03-14,TMIN,-80
CA008501900,2006-07-09,TMIN,74
CA008501900,2012-12-02,TMIN,-132
CA008501900,2005-04-22,TMIN,-48
CA008501900,2015-01-03,TMAX,-226
CA008501900,2006-07-07,TMAX,179
CA008501900,2012-12-11,TMAX,-33
CA008501900,2006-07-07,TMIN,95
CA008501900,2006-07-09,TMAX,186
CA008501900,2009-03-11,TMAX,-20
CA008501900,2013-09-13,TMIN,57
CA008501900,2012-03-05,TMAX,-178
CA008501900,2005-08-05,TMIN,66
CA008501900,2006-09-06,TMIN,47
CA008501900,2014-03-14,TMAX,-114
CA008501900,2008-02-23,TMAX,-62
CA008501900,2013-12-28,TMAX,-162
CA008501900,2006-03-15,TMIN,-68
CA008501900,2006-07-02,TMIN,126
CA008501900,2015-08-10,TMIN,104
CA008501900,2009-02-06,TMAX,-108
CA008501900,2014-07-21,TMAX,328
CA008501900,2013-10-03,TMIN,66
CA008501900,2006-08-20,TMIN,96
CA008501900,2010-01-10,TMIN,-203
CA008501900,2013-10-03,TMAX,134
CA008501900,2010-04-18,TMIN,12
CA008501900,2010-05-02,TMAX,75
CA008501900,2006-06-10,TMAX,248
CA008501900,2011-03-22,TMIN,-107
CA008501900,2008-03-14,TMIN,-280
CA008501900,2006-06-10,TMIN,132
CA008501900,2008-03-14,TMAX,-112
CA008501900,2010-04-18,TMAX,107
CA008501900,2010-06-22,TMAX,234
CA008501900,2006-07-02,TMAX,191
CA008501900,2009-09-29,TMIN,87
CA008501900,2009-09-24,TMAX,64
CA008501900,2013-10-17,TMAX,71
CA008501900,2010-07-22,TMAX,218
CA008501900,2005-04-18,TMAX,30
CA008501900,2013-04-04,TMIN,-151
CA008501900,2011-04-13,TMAX,96
CA008501900,2009-04-11,TMIN,-64
CA008501900,2010-01-10,TMAX,-114
CA008501900,2008-08-05,TMIN,113
CA008501900,2014-07-21,TMIN,165
CA008501900,2015-07-29,TMAX,236
CA008501900,2010-05-22,TMIN,-15
CA008501900,2006-08-20,TMAX,211
CA008501900,2009-09-24,TMIN,10
CA008501900,2010-05-02,TMIN,10
CA008501900,2010-05-22,TMAX,142
CA008501900,2013-04-04,TMAX,-12
CA008501900,2012-03-19,TMAX,36
CA008501900,2012-03-19,TMIN,-78
CA008501900,2014-04-27,TMIN,6
CA008501900,2005-10-13,TMAX,165
CA008501900,2014-10-20,TMIN,14
CA008501900,2010-04-11,TMIN,4
CA008501900,2006-02-14,TMIN,-224
CA008501900,2011-03-22,TMAX,-29
CA008501900,2011-08-19,TMAX,159
CA008501900,2011-05-13,TMAX,66
CA008501900,2005-04-18,TMIN,-21
CA008501900,2012-10-17,TMAX,46
CA008501900,2012-10-17,TMIN,11
CA008501900,2009-10-01,TMIN,56
CA008501900,2012-09-08,TMIN,127
CA008501900,2005-10-13,TMIN,2
CA008501900,2011-06-18,TMIN,74
CA008501900,2006-03-05,TMAX,8
CA008501900,2014-05-21,TMAX,59
CA008501900,2011-06-18,TMAX,136
CA008501900,2010-04-11,TMAX,52
CA008501900,2007-02-08,TMAX,-155
CA008501900,2015-07-29,TMIN,141
CA008501900,2006-03-05,TMIN,-22
CA008501900,2012-01-29,TMAX,-129
CA008501900,2012-11-28,TMIN,-173
CA008501900,2015-04-02,TMAX,-15
CA008501900,2013-08-20,TMAX,192
CA008501900,2015-02-06,TMAX,-220
CA008501900,2015-02-06,TMIN,-332
CA008501900,2009-10-01,TMAX,115
CA008501900,2010-02-28,TMIN,-112
CA008501900,2010-02-28,TMAX,41
CA008501900,2009-11-16,TMIN,-13
CA008501900,2012-07-22,TMAX,309
CA008501900,2013-11-01,TMAX,36
CA008501900,2012-07-22,TMIN,105
CA008501900,2014-04-27,TMAX,43
CA008501900,2014-08-20,TMAX,164
CA008501900,2010-11-28,TMAX,-14
CA008501900,2005-02-10,TMIN,-195
CA008501900,2014-04-09,TMAX,43
CA008501900,2005-02-10,TMAX,-104
CA008501900,2006-02-14,TMAX,-107
CA008501900,2011-08-10,TMIN,101
CA008501900,2012-10-10,TMIN,4
CA008501900,2005-06-01,TMAX,222
CA008501900,2006-11-06,TMIN,-93
CA008501900,2009-04-11,TMAX,11
CA008501900,2005-06-01,TMIN,94
CA008501900,2010-08-08,TMAX,197
CA008501900,2005-09-02,TMIN,161
CA008501900,2010-05-03,TMIN,8
CA008501900,2013-01-08,TMAX,-158
CA008501900,2006-01-27,TMAX,-112
CA008501900,2009-04-24,TMIN,30
CA008501900,2013-01-08,TMIN,-232
CA008501900,2015-05-27,TMIN,41
CA008501900,2011-03-08,TMAX,-132
CA008501900,2015-10-28,TMIN,-60
CA008501900,2009-04-24,TMAX,98
CA008501900,2009-04-01,TMIN,-96
CA008501900,2011-05-28,TMAX,191
CA008501900,2011-11-29,TMIN,-74
CA008501900,2005-03-29,TMIN,-140
CA008501900,2011-08-10,TMAX,188
CA008501900,2014-05-17,TMAX,275
CA008501900,2010-09-19,TMAX,177
CA008501900,2005-11-05,TMIN,-83
CA008501900,2013-10-25,TMAX,66
CA008501900,2012-02-23,TMAX,-93
CA008501900,2005-09-02,TMAX,256
CA008501900,2013-11-22,TMIN,-82
CA008501900,2012-02-23,TMIN,-167
CA008501900,2010-10-06,TMIN,-15
CA008501900,2007-06-06,TMIN,134
CA008501900,2015-05-27,TMAX,162
CA008501900,2013-08-31,TMAX,154
CA008501900,2007-06-06,TMAX,219
CA008501900,2010-03-10,TMAX,-48
CA008501900,2014-05-28,TMIN,-10
CA008501900,2011-09-05,TMIN,73
CA008501900,2010-04-10,TMAX,113
CA008501900,2011-09-05,TMAX,132
CA008501900,2009-12-04,TMAX,14
CA008501900,2014-01-19,TMIN,-228
CA008501900,2010-12-27,TMIN,-115
CA008501900,2013-10-17,TMIN,50
CA008501900,2008-07-18,TMIN,124
CA008501900,2015-10-28,TMAX,18
CA008501900,2010-09-19,TMIN,49
CA008501900,2014-06-30,TMIN,101
CA008501900,2014-01-19,TMAX,-128
CA008501900,2015-08-10,TMAX,240
CA008501900,2009-06-01,TMAX,168
CA008501900,2009-12-04,TMIN,-33
CA008501900,2013-12-21,TMAX,-190
CA008501900,2012-08-11,TMAX,252
CA008501900,2013-10-25,TMIN,-10
CA008501900,2010-07-22,TMIN,103
CA008501900,2015-01-28,TMIN,-268
CA008501900,2007-12-30,TMAX,-194
CA008501900,2013-07-04,TMAX,231
CA008501900,2013-07-04,TMIN,101
CA008501900,2013-06-26,TMAX,216
CA008501900,2011-03-08,TMIN,-238
CA008501900,2005-03-29,TMAX,-28
CA008501900,2014-11-09,TMAX,9
CA008501900,2008-07-18,TMAX,221
CA008501900,2013-06-26,TMIN,50
CA008501900,2013-12-21,TMIN,-265
CA008501900,2008-08-17,TMIN,137
CA008501900,2007-08-30,TMIN,65
CA008501900,2014-11-09,TMIN,-30
CA008501900,2005-10-27,TMAX,28
CA008501900,2008-08-13,TMIN,115
CA008501900,2008-08-13,TMAX,144
CA008501900,2011-11-29,TMAX,-22
CA008501900,2007-10-14,TMIN,-10
CA008501900,2014-06-30,TMAX,242
CA008501900,2010-12-27,TMAX,-67
CA008501900,2007-10-03,TMIN,2
CA008501900,2015-10-10,TMIN,-9
CA008501900,2012-09-08,TMAX,236
CA008501900,2008-08-17,TMAX,216
CA008501900,2009-07-12,TMIN,174
CA008501900,2007-01-30,TMAX,-169
CA008501900,2011-06-21,TMIN,46
CA008501900,2014-06-10,TMAX,127
CA008501900,2011-02-17,TMIN,-166
CA008501900,2005-04-30,TMIN,35
CA008501900,2010-11-20,TMAX,-55
CA008501900,2014-03-27,TMIN,-119
CA008501900,2005-04-13,TMAX,23
CA008501900,2014-05-08,TMIN,-19
CA008501900,2012-05-12,TMIN,3
CA008501900,2005-04-23,TMAX,75
CA008501900,2010-01-18,TMIN,-229
CA008501900,2011-03-29,TMAX,2
CA008501900,2005-04-13,TMIN,-76
CA008501900,2011-12-05,TMIN,-97
CA008501900,2007-11-30,TMIN,-105
CA008501900,2012-05-12,TMAX,26
CA008501900,2015-11-16,TMAX,-10
CA008501900,2009-06-08,TMAX,92
CA008501900,2009-07-12,TMAX,291
CA008501900,2013-06-07,TMIN,34
CA008501900,2010-09-29,TMIN,37
CA008501900,2005-11-05,TMAX,-7
CA008501900,2005-07-20,TMIN,143
CA008501900,2006-01-09,TMAX,-152
CA008501900,2007-05-28,TMAX,118
CA008501900,2014-03-27,TMAX,-25
CA008501900,2008-01-31,TMAX,52
CA008501900,2005-10-08,TMIN,1
CA008501900,2009-11-20,TMIN,-97
CA008501900,2009-11-20,TMAX,29
CA008501900,2009-09-29,TMAX,142
CA008501900,2015-02-10,TMAX,-128
CA008501900,2005-06-16,TMAX,139
CA008501900,2010-01-18,TMAX,-165
CA008501900,2014-02-19,TMIN,-247
CA008501900,2013-07-08,TMIN,82
CA008501900,2013-08-20,TMIN,8
CA008501900,2010-11-28,TMIN,-77
CA008501900,2011-04-02,TMAX,-25
CA008501900,2013-12-28,TMIN,-212
CA008501900,2015-09-19,TMAX,218
CA008501900,2007-05-12,TMAX,40
CA008501900,2007-11-07,TMIN,-16
CA008501900,2008-10-30,TMIN,-4
CA008501900,2007-05-12,TMIN,-34
CA008501900,2009-01-02,TMIN,-97
CA008501900,2015-09-19,TMIN,109
CA008501900,2006-08-10,TMIN,103
CA008501900,2011-12-07,TMIN,-241
CA008501900,2006-08-10,TMAX,148
CA008501900,2012-02-08,TMIN,-250
CA008501900,2007-11-07,TMAX,42
CA008501900,2006-05-19,TMIN,27
CA008501900,2006-05-19,TMAX,131
CA008501900,2006-08-30,TMIN,125
CA008501900,2006-08-30,TMAX,190
CA008501900,2011-08-19,TMIN,89
CA008501900,2008-02-23,TMIN,-224
CA008501900,2011-05-22,TMIN,-37
CA008501900,2007-05-24,TMAX,144
CA008501900,2011-11-26,TMAX,-20
CA008501900,2011-03-06,TMAX,-48
CA008501900,2011-04-08,TMIN,-134
CA008501900,2007-05-24,TMIN,61
CA008501900,2011-04-08,TMAX,-20
CA008501900,2009-05-18,TMAX,109
CA008501900,2011-03-06,TMIN,-210
CA008501900,2006-03-03,TMIN,-44
CA008501900,2006-03-09,TMIN,-214
CA008501900,2014-06-10,TMIN,56
CA008501900,2006-03-03,TMAX,-2
CA008501900,2009-11-08,TMIN,-70
CA008501900,2010-09-29,TMAX,128
CA008501900,2009-06-01,TMIN,47
CA008501900,2008-10-30,TMAX,85
CA008501900,2011-05-15,TMIN,-9
CA008501900,2009-05-06,TMAX,127
CA008501900,2006-06-15,TMIN,82
CA008501900,2011-01-15,TMAX,-123
CA008501900,2011-07-26,TMIN,102
CA008501900,2011-07-26,TMAX,285
CA008501900,2014-05-21,TMIN,23
CA008501900,2011-10-27,TMAX,18
CA008501900,2009-11-16,TMAX,-1
CA008501900,2012-05-11,TMIN,0
CA008501900,2010-04-20,TMAX,91
CA008501900,2013-07-08,TMAX,174
CA008501900,2005-04-23,TMIN,-17
CA008501900,2015-04-09,TMIN,-178
CA008501900,2006-06-07,TMIN,24
CA008501900,2012-01-29,TMIN,-173
CA008501900,2014-05-28,TMAX,207
CA008501900,2008-01-23,TMAX,-209
CA008501900,2006-06-15,TMAX,192
CA008501900,2005-02-12,TMAX,-3
CA008501900,2005-06-16,TMIN,84
CA008501900,2012-05-11,TMAX,35
CA008501900,2013-10-20,TMAX,76
CA008501900,2007-07-13,TMIN,160
CA008501900,2013-11-01,TMIN,-2
CA008501900,2009-05-06,TMIN,-11
CA008501900,2011-08-09,TMAX,169
CA008501900,2014-04-09,TMIN,-111
CA008501900,2005-11-23,TMAX,129
CA008501900,2011-05-13,TMIN,-20
CA008501900,2006-03-15,TMAX,-46
CA008501900,2014-08-20,TMIN,130
CA008501900,2011-10-31,TMIN,-41
CA008501900,2008-08-05,TMAX,199
CA008501900,2015-04-09,TMAX,-9
CA008501900,2011-10-31,TMAX,-3
CA008501900,2011-11-26,TMIN,-127
CA008501900,2010-04-20,TMIN,3
CA008501900,2006-01-10,TMIN,-184
CA008501900,2009-06-18,TMIN,91
CA008501900,2008-01-21,TMIN,-311
CA008501900,2005-02-12,TMIN,-118
CA008501900,2013-10-20,TMIN,48
CA008501900,2007-05-27,TMAX,100
CA008501900,2012-03-18,TMAX,99
CA008501900,2012-01-30,TMIN,-181
CA008501900,2012-11-28,TMAX,-64
CA008501900,2010-12-18,TMAX,33
CA008501900,2005-02-03,TMAX,-16
CA008501900,2009-12-15,TMAX,-153
CA008501900,2010-03-21,TMIN,-145
CA008501900,2010-03-21,TMAX,-38
CA008501900,2005-07-20,TMAX,251
CA008501900,2007-11-30,TMAX,-53
CA008501900,2008-02-02,TMIN,-209
CA008501900,2009-12-15,TMIN,-206
CA008501900,2007-05-28,TMIN,-16
CA008501900,2011-05-15,TMAX,67
CA008501900,2012-02-17,TMAX,-113
CA008501900,2011-03-29,TMIN,-86
CA008501900,2012-02-17,TMIN,-249
CA008501900,2011-08-07,TMIN,117
CA008501900,2011-11-07,TMAX,30
CA008501900,2011-08-25,TMAX,284
CA008501900,2011-05-22,TMAX,163
CA008501900,2015-11-16,TMIN,-64
CA008501900,2007-05-27,TMIN,-12
CA008501900,2008-02-02,TMAX,-150
CA008501900,2011-06-21,TMAX,140
CA008501900,2011-11-07,TMIN,-36
CA008501900,2008-05-13,TMAX,139
CA008501900,2006-03-09,TMAX,-66
CA008501900,2010-06-20,TMAX,193
CA008501900,2010-06-20,TMIN,82
CA008501900,2011-12-22,TMAX,-62
CA008501900,2005-10-08,TMAX,56
CA008501900,2007-01-30,TMIN,-199
CA008501900,2011-12-22,TMIN,-157
CA008501900,2015-12-17,TMIN,-183
CA008501900,2008-05-13,TMIN,-6
CA008501900,2012-03-18,TMIN,-66
CA008501900,2011-04-02,TMIN,-100
CA008501900,2012-02-20,TMAX,-84
CA008501900,2006-11-05,TMIN,-78
CA008501900,2012-03-05,TMIN,-316
CA008501900,2011-08-08,TMIN,119
CA008501900,2007-12-10,TMAX,-174
CA008501900,2010-09-17,TMAX,149
CA008501900,2005-04-20,TMIN,-23
CA008501900,2010-07-03,TMAX,193
CA008501900,2007-05-26,TMIN,29
CA008501900,2007-10-05,TMAX,134
CA008501900,2008-09-11,TMIN,51
CA008501900,2007-09-20,TMIN,42
CA008501900,2010-09-17,TMIN,57
CA008501900,2011-08-08,TMAX,171
CA008501900,2015-12-06,TMAX,-62
CA008501900,2013-07-23,TMIN,106
CA008501900,2005-08-18,TMIN,67
CA008501900,2015-12-20,TMAX,-18
CA008501900,2006-11-25,TMIN,-123
CA008501900,2014-03-08,TMAX,-90
CA008501900,2007-09-04,TMAX,118
CA008501900,2010-05-19,TMAX,231
CA008501900,2009-04-15,TMIN,-111
CA008501900,2006-10-17,TMIN,1
CA008501900,2014-01-09,TMIN,-233
CA008501900,2006-10-17,TMAX,77
CA008501900,2009-12-19,TMIN,-41
CA008501900,2014-10-26,TMIN,3
CA008501900,2015-05-17,TMIN,34
CA008501900,2012-01-23,TMAX,-197
CA008501900,2005-10-18,TMAX,68
CA008501900,2010-09-18,TMAX,192
CA008501900,2010-05-16,TMIN,13
CA008501900,2009-12-19,TMAX,12
CA008501900,2005-11-08,TMIN,-89
CA008501900,2008-01-30,TMIN,-111
CA008501900,2011-10-16,TMAX,124
CA008501900,2011-10-16,TMIN,84
CA008501900,2015-08-23,TMIN,135
CA008501900,2010-08-25,TMIN,142
CA008501900,2009-03-13,TMAX,-158
CA008501900,2009-03-13,TMIN,-215
CA008501900,2011-09-22,TMIN,56
CA008501900,2007-10-05,TMIN,56
CA008501900,2011-09-09,TMIN,7
CA008501900,2010-05-16,TMAX,57
CA008501900,2014-04-23,TMIN,-34
CA008501900,2007-06-01,TMAX,138
CA008501900,2013-03-16,TMIN,-142
CA008501900,2007-06-01,TMIN,12
CA008501900,2006-10-13,TMIN,44
CA008501900,2013-03-16,TMAX,-43
CA008501900,2013-03-15,TMIN,-47
CA008501900,2013-03-15,TMAX,39
CA008501900,2015-05-06,TMAX,59
CA008501900,2011-02-21,TMIN,-98
CA008501900,2013-08-08,TMIN,117
CA008501900,2006-01-12,TMAX,-178
CA008501900,2007-12-10,TMIN,-216
CA008501900,2013-08-08,TMAX,272
CA008501900,2015-05-06,TMIN,-8
CA008501900,2011-09-09,TMAX,138
CA008501900,2014-01-16,TMAX,-108
CA008501900,2005-11-08,TMAX,9
CA008501900,2006-11-25,TMAX,-36
CA008501900,2006-04-20,TMIN,-53
CA008501900,2006-04-06,TMAX,68
CA008501900,2005-01-18,TMAX,-159
CA008501900,2014-04-23,TMAX,64
CA008501900,2011-09-22,TMAX,137
CA008501900,2012-08-24,TMAX,172
CA008501900,2007-09-04,TMIN,57
CA008501900,2009-12-30,TMIN,-212
CA008501900,2008-10-23,TMAX,64
CA008501900,2014-11-20,TMAX,-63
CA008501900,2014-03-31,TMAX,-32
CA008501900,2006-11-30,TMIN,-105
CA008501900,2014-01-16,TMIN,-183
CA008501900,2008-09-11,TMAX,166
CA008501900,2014-03-08,TMIN,-205
CA008501900,2015-02-25,TMAX,-72
CA008501900,2014-04-22,TMIN,-64
CA008501900,2013-01-01,TMIN,-89
CA008501900,2006-09-11,TMIN,58
CA008501900,2015-04-07,TMAX,-48
CA008501900,2013-03-13,TMIN,-27
CA008501900,2013-03-13,TMAX,74
CA008501900,2007-01-06,TMIN,-1
CA008501900,2015-04-07,TMIN,-212
CA008501900,2006-09-11,TMAX,159
CA008501900,2013-10-11,TMAX,38
CA008501900,2015-01-23,TMAX,-164
CA008501900,2007-10-31,TMIN,-62
CA008501900,2014-08-22,TMIN,112
CA008501900,2008-01-08,TMIN,-271
CA008501900,2007-01-06,TMAX,35
CA008501900,2008-06-20,TMAX,211
CA008501900,2005-02-21,TMIN,-286
CA008501900,2007-05-13,TMIN,-57
CA008501900,2005-10-07,TMIN,-8
CA008501900,2013-10-11,TMIN,-8
CA008501900,2005-05-10,TMAX,224
CA008501900,2007-07-09,TMAX,193
CA008501900,2007-08-17,TMIN,109
CA008501900,2013-01-04,TMAX,-167
CA008501900,2005-09-08,TMAX,206
CA008501900,2013-02-01,TMIN,-198
CA008501900,2013-02-01,TMAX,47
CA008501900,2012-03-25,TMIN,-184
CA008501900,2008-01-24,TMIN,-347
CA008501900,2007-10-19,TMIN,-45
CA008501900,2014-05-29,TMIN,42
CA008501900,2008-10-23,TMIN,-30
CA008501900,2007-07-24,TMAX,224
CA008501900,2013-07-24,TMIN,157
CA008501900,2010-11-01,TMIN,-30
CA008501900,2009-02-10,TMAX,-121
CA008501900,2007-07-24,TMIN,146
CA008501900,2009-02-10,TMIN,-228
CA008501900,2007-09-13,TMAX,85
CA008501900,2014-08-22,TMAX,201
CA008501900,2014-05-29,TMAX,228
CA008501900,2013-02-20,TMAX,-44
CA008501900,2014-06-12,TMIN,46
CA008501900,2011-05-29,TMAX,133
CA008501900,2015-02-02,TMAX,-212
CA008501900,2015-06-11,TMAX,119
CA008501900,2015-08-23,TMAX,228
CA008501900,2014-11-20,TMIN,-173
CA008501900,2007-09-13,TMIN,55
CA008501900,2008-06-20,TMIN,125
CA008501900,2009-07-11,TMIN,137
CA008501900,2006-05-22,TMIN,37
CA008501900,2011-05-29,TMIN,47
CA008501900,2015-12-26,TMAX,-44
CA008501900,2008-04-29,TMIN,44
CA008501900,2014-06-12,TMAX,148
CA008501900,2005-02-21,TMAX,-163
CA008501900,2014-06-25,TMIN,87
CA008501900,2009-12-25,TMAX,-42
CA008501900,2006-11-30,TMAX,18
CA008501900,2005-10-07,TMAX,28
CA008501900,2015-06-28,TMIN,126
CA008501900,2006-05-01,TMAX,204
CA008501900,2014-10-26,TMAX,36
CA008501900,2005-10-18,TMIN,45
CA008501900,2006-07-01,TMIN,126
CA008501900,2009-09-30,TMAX,195
CA008501900,2009-09-30,TMIN,75
CA008501900,2013-07-24,TMAX,197
CA008501900,2006-07-01,TMAX,215
CA008501900,2010-11-01,TMAX,-1
CA008501900,2009-02-24,TMIN,-107
CA008501900,2005-05-15,TMAX,85
CA008501900,2015-02-02,TMIN,-310
CA008501900,2005-05-15,TMIN,18
CA008501900,2006-04-09,TMAX,51
CA008501900,2008-10-28,TMIN,49
CA008501900,2009-07-11,TMAX,283
CA008501900,2007-07-09,TMIN,82
CA008501900,2006-05-01,TMIN,21
CA008501900,2014-01-09,TMAX,-179
CA008501900,2006-10-13,TMAX,92
CA008501900,2015-03-12,TMIN,-214
CA008501900,2008-03-08,TMAX,-34
CA008501900,2009-12-01,TMIN,-106
CA008501900,2011-06-22,TMIN,55
CA008501900,2013-01-21,TMIN,-170
CA008501900,2014-02-11,TMIN,-226
CA008501900,2013-10-27,TMIN,-38
CA008501900,2011-06-22,TMAX,127
CA008501900,2005-08-28,TMAX,248
CA008501900,2013-01-21,TMAX,-120
CA008501900,2005-08-28,TMIN,73
CA008501900,2015-10-15,TMAX,95
CA008501900,2006-02-25,TMIN,-170
CA008501900,2010-06-23,TMAX,219
CA008501900,2008-03-09,TMAX,-173
CA008501900,2005-01-11,TMAX,-105
CA008501900,2015-10-16,TMIN,-17
CA008501900,2010-07-11,TMIN,143
CA008501900,2007-09-06,TMIN,32
CA008501900,2014-11-05,TMIN,-41
CA008501900,2005-07-18,TMIN,168
CA008501900,2006-11-12,TMAX,-3
CA008501900,2012-02-16,TMAX,-74
CA008501900,2005-08-01,TMIN,99
CA008501900,2007-10-28,TMIN,2
CA008501900,2007-04-07,TMIN,-14
CA008501900,2007-10-28,TMAX,69
CA008501900,2014-09-12,TMAX,165
CA008501900,2014-09-12,TMIN,28
CA008501900,2007-09-06,TMAX,183
CA008501900,2006-01-05,TMIN,-119
CA008501900,2006-01-05,TMAX,-65
CA008501900,2012-02-16,TMIN,-237
CA008501900,2005-08-18,TMAX,155
CA008501900,2007-04-18,TMIN,-80
CA008501900,2009-01-28,TMIN,-231
CA008501900,2013-09-11,TMIN,-20
CA008501900,2005-07-18,TMAX,327
CA008501900,2011-03-12,TMAX,68
CA008501900,2010-08-24,TMAX,271
CA008501900,2014-06-06,TMIN,64
CA008501900,2014-08-17,TMAX,217
CA008501900,2011-10-22,TMAX,48
CA008501900,2006-01-08,TMIN,-170
CA008501900,2013-02-28,TMIN,-171
CA008501900,2009-12-01,TMAX,-41
CA008501900,2013-02-28,TMAX,-13
CA008501900,2014-08-23,TMAX,220
CA008501900,2007-01-19,TMAX,-108
CA008501900,2011-01-07,TMAX,-39
CA008501900,2014-12-28,TMIN,-163
CA008501900,2014-08-23,TMIN,96
CA008501900,2008-08-12,TMAX,187
CA008501900,2007-01-19,TMIN,-220
CA008501900,2011-08-17,TMIN,109
CA008501900,2013-02-13,TMIN,-141
CA008501900,2007-02-14,TMIN,-190
CA008501900,2009-06-23,TMIN,121
CA008501900,2011-10-22,TMIN,15
CA008501900,2013-08-07,TMAX,213
CA008501900,2015-07-24,TMAX,141
CA008501900,2013-06-27,TMAX,242
CA008501900,2015-12-06,TMIN,-114
CA008501900,2005-01-11,TMIN,-202
CA008501900,2009-07-02,TMAX,237
CA008501900,2015-04-28,TMIN,8
CA008501900,2014-01-17,TMIN,-205
CA008501900,2008-12-30,TMIN,-223
CA008501900,2015-06-19,TMAX,177
CA008501900,2005-10-09,TMIN,-9
CA008501900,2014-06-06,TMAX,103
CA008501900,2015-03-08,TMAX,-108
CA008501900,2008-09-08,TMIN,49
CA008501900,2005-02-24,TMAX,-126
CA008501900,2014-11-05,TMAX,14
CA008501900,2008-11-11,TMIN,-3
CA008501900,2015-10-16,TMAX,55
CA008501900,2006-09-21,TMIN,63
CA008501900,2005-01-18,TMIN,-265
CA008501900,2008-08-12,TMIN,128
CA008501900,2015-11-11,TMAX,-51
CA008501900,2012-04-03,TMAX,33
CA008501900,2014-04-22,TMAX,29
CA008501900,2012-07-30,TMAX,296
CA008501900,2012-12-10,TMIN,-152
CA008501900,2007-05-18,TMIN,20
CA008501900,2008-01-12,TMAX,-106
CA008501900,2015-04-28,TMAX,41
CA008501900,2015-12-20,TMIN,-104
CA008501900,2010-09-13,TMAX,168
CA008501900,2010-09-13,TMIN,40
CA008501900,2014-06-20,TMAX,74
CA008501900,2015-10-15,TMIN,-12
CA008501900,2010-03-16,TMIN,-42
CA008501900,2011-09-28,TMAX,165
CA008501900,2010-09-18,TMIN,44
CA008501900,2005-01-08,TMIN,-184
CA008501900,2014-04-13,TMAX,-6
CA008501900,2010-11-17,TMIN,-27
CA008501900,2014-04-13,TMIN,-116
CA008501900,2015-03-12,TMAX,-136
CA008501900,2010-05-19,TMIN,27
CA008501900,2013-09-11,TMAX,111
CA008501900,2011-01-22,TMAX,-1
CA008501900,2010-07-03,TMIN,110
CA008501900,2011-09-28,TMIN,43
CA008501900,2010-06-23,TMIN,117
CA008501900,2012-07-30,TMIN,139
CA008501900,2012-12-10,TMAX,-100
CA008501900,2009-12-30,TMAX,-94
CA008501900,2008-12-05,TMAX,-17
CA008501900,2007-11-05,TMIN,-64
CA008501900,2014-03-31,TMIN,-204
CA008501900,2011-02-21,TMAX,-43
CA008501900,2007-11-05,TMAX,29
CA008501900,2012-08-24,TMIN,99
CA008501900,2007-05-13,TMAX,51
CA008501900,2012-09-17,TMAX,133
CA008501900,2015-11-11,TMIN,-154
CA008501900,2007-05-18,TMAX,209
CA008501900,2010-12-28,TMIN,-77
CA008501900,2015-11-23,TMIN,-50
CA008501900,2015-01-23,TMIN,-310
CA008501900,2011-12-01,TMAX,22
CA008501900,2009-06-23,TMAX,254
CA008501900,2005-06-12,TMIN,62
CA008501900,2013-06-27,TMIN,58
CA008501900,2015-06-22,TMAX,228
CA008501900,2013-07-23,TMAX,237
CA008501900,2011-07-07,TMIN,90
CA008501900,2014-04-02,TMIN,-179
CA008501900,2009-05-04,TMIN,-35
CA008501900,2014-05-20,TMIN,36
CA008501900,2008-04-19,TMIN,-43
CA008501900,2013-09-20,TMAX,89
CA008501900,2014-08-17,TMIN,155
CA008501900,2011-07-17,TMIN,99
CA008501900,2014-02-11,TMAX,-116
CA008501900,2014-04-02,TMAX,-50
CA008501900,2008-09-08,TMAX,115
CA008501900,2011-07-07,TMAX,159
CA008501900,2011-07-17,TMAX,306
CA008501900,2008-06-08,TMAX,137
CA008501900,2015-09-14,TMIN,53
CA008501900,2008-01-07,TMIN,-237
CA008501900,2012-04-03,TMIN,-21
CA008501900,2011-03-12,TMIN,5
CA008501900,2007-09-20,TMAX,196
CA008501900,2011-12-01,TMIN,-97
CA008501900,2010-11-17,TMAX,40
CA008501900,2013-09-17,TMAX,127
CA008501900,2009-10-23,TMAX,28
CA008501900,2013-10-27,TMAX,60
CA008501900,2010-12-28,TMAX,-6
CA008501900,2009-10-23,TMIN,-72
CA008501900,2005-02-14,TMAX,-165
CA008501900,2014-12-11,TMAX,-63
CA008501900,2011-01-25,TMAX,-149
CA008501900,2011-01-25,TMIN,-244
CA008501900,2005-02-07,TMIN,-103
CA008501900,2015-09-14,TMAX,159
CA008501900,2007-04-18,TMAX,58
CA008501900,2007-02-14,TMAX,-92
CA008501900,2005-06-27,TMAX,258
CA008501900,2005-07-04,TMIN,181
CA008501900,2010-03-07,TMIN,-63
CA008501900,2015-12-16,TMIN,-139
CA008501900,2009-11-05,TMAX,-9
CA008501900,2005-06-15,TMIN,73
CA008501900,2015-10-09,TMIN,5
CA008501900,2012-07-25,TMIN,114
CA008501900,2008-09-14,TMIN,106
CA008501900,2005-02-14,TMIN,-245
CA008501900,2009-04-09,TMIN,8
CA008501900,2011-08-06,TMAX,249
CA008501900,2015-06-11,TMIN,71
CA008501900,2009-11-30,TMIN,-47
CA008501900,2011-08-06,TMIN,142
CA008501900,2008-09-10,TMAX,134
CA008501900,2008-01-09,TMIN,-274
CA008501900,2006-10-27,TMAX,43
CA008501900,2012-07-25,TMAX,209
CA008501900,2012-06-02,TMAX,149
CA008501900,2009-02-08,TMAX,-52
CA008501900,2013-10-24,TMAX,65
CA008501900,2009-04-09,TMAX,60
CA008501900,2006-12-27,TMIN,-186
CA008501900,2012-11-21,TMIN,-146
CA008501900,2009-03-16,TMAX,-89
CA008501900,2012-02-11,TMAX,-119
CA008501900,2013-11-28,TMIN,-80
CA008501900,2010-03-07,TMAX,-19
CA008501900,2009-11-05,TMIN,-113
CA008501900,2005-07-17,TMAX,292
CA008501900,2010-04-22,TMIN,15
CA008501900,2015-02-01,TMAX,-120
CA008501900,2008-12-04,TMAX,-9
CA008501900,2007-03-20,TMAX,-114
CA008501900,2013-08-28,TMAX,110
CA008501900,2013-10-29,TMAX,-2
CA008501900,2005-02-13,TMAX,-68
CA008501900,2010-04-22,TMAX,43
CA008501900,2011-04-12,TMAX,27
CA008501900,2005-02-04,TMIN,-141
CA008501900,2012-06-02,TMIN,33
CA008501900,2010-04-03,TMAX,145
CA008501900,2015-03-09,TMIN,-289
CA008501900,2011-12-31,TMIN,-244
CA008501900,2014-10-31,TMIN,-21
CA008501900,2012-10-15,TMIN,-32
CA008501900,2015-03-09,TMAX,-154
CA008501900,2010-01-31,TMIN,-198
CA008501900,2013-08-28,TMIN,27
CA008501900,2008-10-24,TMIN,18
CA008501900,2014-08-15,TMAX,280
CA008501900,2009-12-25,TMIN,-92
CA008501900,2010-11-30,TMAX,11
CA008501900,2010-01-31,TMAX,-164
CA008501900,2005-02-20,TMAX,-153
CA008501900,2014-06-03,TMAX,204
CA008501900,2013-01-29,TMAX,-146
CA008501900,2009-08-30,TMIN,28
CA008501900,2013-02-16,TMAX,-16
CA008501900,2014-08-15,TMIN,129
CA008501900,2013-10-13,TMAX,89
CA008501900,2012-12-29,TMIN,-105
CA008501900,2011-10-24,TMAX,52
CA008501900,2014-02-13,TMIN,-221
CA008501900,2013-11-10,TMIN,-62
CA008501900,2010-08-19,TMAX,245
CA008501900,2009-03-16,TMIN,-203
CA008501900,2011-04-12,TMIN,-61
CA008501900,2009-02-20,TMAX,-30
CA008501900,2013-11-10,TMAX,-33
CA008501900,2008-08-06,TMIN,97
CA008501900,2013-12-04,TMIN,-75
CA008501900,2014-12-28,TMAX,-50
CA008501900,2014-12-21,TMIN,-185
CA008501900,2013-02-16,TMIN,-178
CA008501900,2013-12-04,TMAX,-24
CA008501900,2010-10-25,TMIN,-30
CA008501900,2014-10-31,TMAX,36
CA008501900,2008-11-28,TMIN,-5
CA008501900,2014-02-24,TMAX,-50
CA008501900,2006-03-12,TMAX,-10
CA008501900,2012-11-21,TMAX,44
CA008501900,2008-05-18,TMIN,27
CA008501900,2005-11-03,TMAX,-16
CA008501900,2005-09-08,TMIN,111
CA008501900,2013-10-24,TMIN,-22
CA008501900,2015-06-16,TMAX,247
CA008501900,2014-02-24,TMIN,-186
CA008501900,2013-09-28,TMAX,238
CA008501900,2011-04-15,TMAX,-62
CA008501900,2011-04-15,TMIN,-183
CA008501900,2010-04-01,TMAX,85
CA008501900,2011-04-18,TMAX,99
CA008501900,2015-10-09,TMAX,115
CA008501900,2011-09-29,TMAX,229
CA008501900,2015-03-29,TMAX,25
CA008501900,2014-10-12,TMIN,0
CA008501900,2008-11-28,TMAX,37
CA008501900,2008-10-25,TMAX,115
CA008501900,2013-07-21,TMAX,196
CA008501900,2009-06-11,TMAX,163
CA008501900,2012-10-01,TMAX,113
CA008501900,2012-11-17,TMIN,-80
CA008501900,2010-11-30,TMIN,-92
CA008501900,2010-08-10,TMIN,105
CA008501900,2012-07-09,TMIN,136
CA008501900,2009-12-12,TMAX,-69
CA008501900,2006-08-07,TMIN,107
CA008501900,2012-04-18,TMIN,-66
CA008501900,2012-07-09,TMAX,211
CA008501900,2008-11-18,TMIN,-64
CA008501900,2007-06-26,TMAX,222
CA008501900,2010-03-20,TMAX,-4
CA008501900,2015-03-29,TMIN,-176
CA008501900,2005-06-30,TMAX,221
CA008501900,2013-02-15,TMAX,-47
CA008501900,2010-03-20,TMIN,-123
CA008501900,2012-11-17,TMAX,-20
CA008501900,2007-06-14,TMAX,335
CA008501900,2009-02-20,TMIN,-191
CA008501900,2010-04-01,TMIN,-121
CA008501900,2009-12-12,TMIN,-99
CA008501900,2008-10-04,TMAX,93
CA008501900,2014-12-21,TMAX,-100
CA008501900,2012-02-11,TMIN,-197
CA008501900,2009-10-30,TMIN,-44
CA008501900,2009-10-30,TMAX,39
CA008501900,2011-05-05,TMIN,-27
CA008501900,2007-06-29,TMAX,149
CA008501900,2015-03-24,TMAX,-41
CA008501900,2013-01-29,TMIN,-247
CA008501900,2006-12-27,TMAX,-121
CA008501900,2011-04-18,TMIN,-12
CA008501900,2008-06-01,TMAX,131
CA008501900,2015-09-08,TMIN,4
CA008501900,2008-06-01,TMIN,5
CA008501900,2015-02-01,TMIN,-212
CA008501900,2011-10-24,TMIN,0
CA008501900,2015-09-08,TMAX,179
CA008501900,2012-09-03,TMAX,232
CA008501900,2009-04-23,TMIN,34
CA008501900,2009-04-23,TMAX,77
CA008501900,2014-10-22,TMAX,61
CA008501900,2006-01-30,TMAX,-150
CA008501900,2011-04-04,TMIN,-157
CA008501900,2007-11-16,TMAX,146
CA008501900,2011-09-29,TMIN,131
CA008501900,2011-05-05,TMAX,60
CA008501900,2013-11-28,TMAX,109
CA008501900,2010-07-11,TMAX,273
CA008501900,2012-09-03,TMIN,67
CA008501900,2010-08-19,TMIN,121
CA008501900,2005-11-21,TMAX,34
CA008501900,2011-04-04,TMAX,30
CA008501900,2013-10-29,TMIN,-57
CA008501900,2005-12-12,TMAX,12
CA008501900,2015-01-26,TMIN,-271
CA008501900,2005-11-21,TMIN,-75
CA008501900,2015-01-26,TMAX,-188
CA008501900,2008-09-14,TMAX,212
CA008501900,2015-12-16,TMAX,-57
CA008501900,2005-05-26,TMAX,279
CA008501900,2005-03-04,TMIN,-123
CA008501900,2010-11-29,TMIN,-29
CA008501900,2005-11-27,TMIN,-109
CA008501900,2014-10-10,TMAX,92
CA008501900,2007-02-13,TMIN,-154
CA008501900,2012-10-15,TMAX,45
CA008501900,2014-01-07,TMAX,37
CA008501900,2011-11-18,TMAX,-24
CA008501900,2006-03-16,TMIN,-55
CA008501900,2010-07-23,TMAX,220
CA008501900,2011-11-18,TMIN,-74
CA008501900,2006-01-07,TMAX,-44
CA008501900,2008-07-28,TMIN,167
CA008501900,2012-01-18,TMIN,-255
CA008501900,2014-12-29,TMAX,-142
CA008501900,2012-06-19,TMAX,340
CA008501900,2012-01-18,TMAX,-107
CA008501900,2006-11-13,TMIN,-116
CA008501900,2008-01-09,TMAX,-130
CA008501900,2008-08-06,TMAX,219
CA008501900,2007-04-06,TMIN,-31
CA008501900,2012-12-16,TMIN,-80
CA008501900,2012-12-16,TMAX,-21
CA008501900,2007-04-06,TMAX,18
CA008501900,2014-09-27,TMIN,46
CA008501900,2006-05-07,TMAX,135
CA008501900,2010-12-26,TMAX,-66
CA008501900,2012-12-04,TMIN,-165
CA008501900,2010-11-29,TMAX,20
CA008501900,2011-09-19,TMAX,213
CA008501900,2007-02-13,TMAX,-39
CA008501900,2014-01-07,TMIN,-215
CA008501900,2012-02-06,TMIN,-230
CA008501900,2009-02-24,TMAX,-61
CA008501900,2009-05-11,TMIN,-62
CA008501900,2006-01-18,TMAX,-23
CA008501900,2006-03-16,TMAX,5
CA008501900,2005-12-17,TMIN,-155
CA008501900,2015-11-23,TMAX,54
CA008501900,2013-08-17,TMAX,240
CA008501900,2008-07-28,TMAX,265
CA008501900,2015-07-24,TMIN,57
CA008501900,2012-03-25,TMAX,-56
CA008501900,2014-01-20,TMAX,-68
CA008501900,2007-10-06,TMIN,32
CA008501900,2005-06-27,TMIN,124
CA008501900,2013-07-26,TMAX,218
CA008501900,2007-09-11,TMAX,109
CA008501900,2007-10-31,TMAX,24
CA008501900,2007-09-11,TMIN,68
CA008501900,2013-08-17,TMIN,107
CA008501900,2009-12-17,TMAX,20
CA008501900,2014-03-30,TMIN,-182
CA008501900,2013-07-26,TMIN,72
CA008501900,2009-02-14,TMIN,-19
CA008501900,2007-01-24,TMIN,-282
CA008501900,2007-01-24,TMAX,-128
CA008501900,2007-10-06,TMAX,100
CA008501900,2005-01-09,TMAX,-175
CA008501900,2014-10-10,TMIN,29
CA008501900,2011-09-30,TMAX,162
CA008501900,2009-05-04,TMAX,74
CA008501900,2009-05-11,TMAX,33
CA008501900,2005-01-09,TMIN,-220
CA008501900,2006-01-08,TMAX,-79
CA008501900,2012-06-19,TMIN,188
CA008501900,2007-06-07,TMAX,184
CA008501900,2007-01-14,TMAX,-138
CA008501900,2007-06-07,TMIN,61
CA008501900,2013-04-01,TMAX,42
CA008501900,2011-09-30,TMIN,57
CA008501900,2007-01-14,TMIN,-272
CA008501900,2013-04-01,TMIN,-96
CA008501900,2013-02-20,TMIN,-81
CA008501900,2014-01-20,TMIN,-195
CA008501900,2007-10-19,TMAX,50
CA008501900,2010-05-14,TMAX,48
CA008501900,2015-04-30,TMAX,55
CA008501900,2012-02-06,TMAX,-107
CA008501900,2005-01-10,TMAX,-142
CA008501900,2005-11-27,TMAX,-44
CA008501900,2009-11-30,TMAX,-1
CA008501900,2013-09-20,TMIN,-13
CA008501900,2010-12-08,TMAX,45
CA008501900,2006-05-07,TMIN,12
CA008501900,2005-02-20,TMIN,-307
CA008501900,2010-05-14,TMIN,1
CA008501900,2006-01-30,TMIN,-264
CA008501900,2009-01-18,TMIN,-287
CA008501900,2013-05-03,TMIN,11
CA008501900,2009-01-18,TMAX,-226
CA008501900,2006-03-12,TMIN,-40
CA008501900,2013-01-27,TMAX,-155
CA008501900,2010-12-08,TMIN,-29
CA008501900,2006-12-11,TMAX,-77
CA008501900,2012-09-15,TMAX,105
CA008501900,2013-01-27,TMIN,-214
CA008501900,2010-10-25,TMAX,55
CA008501900,2011-10-11,TMAX,92
CA008501900,2015-10-20,TMIN,-30
CA008501900,2011-03-07,TMIN,-225
CA008501900,2012-12-29,TMAX,-30
CA008501900,2011-12-31,TMAX,-155
CA008501900,2012-10-04,TMAX,99
CA008501900,2014-06-03,TMIN,35
CA008501900,2007-11-23,TMAX,-71
CA008501900,2009-02-14,TMAX,19
CA008501900,2011-12-11,TMAX,-168
CA008501900,2012-10-04,TMIN,18
CA008501900,2014-09-02,TMAX,244
CA008501900,2014-09-02,TMIN,46
CA008501900,2008-11-23,TMAX,10
CA008501900,2008-06-10,TMIN,40
CA008501900,2013-05-03,TMAX,218
CA008501900,2007-06-03,TMIN,-15
CA008501900,2014-02-13,TMAX,-41
CA008501900,2005-04-20,TMAX,43
CA008501900,2011-03-07,TMAX,-157
CA008501900,2008-06-10,TMAX,155
CA008501900,2006-09-13,TMAX,231
CA008501900,2008-04-29,TMAX,171
CA008501900,2007-08-17,TMAX,183
CA008501900,2013-01-06,TMIN,-264
CA008501900,2008-11-30,TMIN,-57
CA008501900,2005-12-17,TMAX,-31
CA008501900,2011-10-11,TMIN,-3
CA008501900,2013-01-06,TMAX,-198
CA008501900,2015-10-20,TMAX,26
CA008501900,2012-09-14,TMIN,38
CA008501900,2005-03-10,TMIN,-147
CA008501900,2015-08-17,TMAX,259
CA008501900,2011-09-19,TMIN,78
CA008501900,2012-12-04,TMAX,-35
CA008501900,2011-08-20,TMIN,105
CA008501900,2011-10-19,TMAX,115
CA008501900,2015-06-19,TMIN,92
CA008501900,2011-10-19,TMIN,33
CA008501900,2013-01-04,TMIN,-250
CA008501900,2015-03-28,TMAX,-55
CA008501900,2007-06-03,TMAX,115
CA008501900,2008-11-30,TMAX,12
CA008501900,2013-01-01,TMAX,-45
CA008501900,2015-03-28,TMIN,-205
CA008501900,2014-09-27,TMAX,109
CA008501900,2010-07-23,TMIN,92
CA008501900,2005-06-15,TMAX,146
CA008501900,2006-12-11,TMIN,-134
CA008501900,2005-06-21,TMIN,139
CA008501900,2006-09-13,TMIN,74
CA008501900,2006-11-13,TMAX,-9
CA008501900,2008-09-10,TMIN,66
CA008501900,2015-03-24,TMIN,-167
CA008501900,2007-03-01,TMIN,-139
CA008501900,2013-12-13,TMIN,-248
CA008501900,2010-04-03,TMIN,12
CA008501900,2012-09-15,TMIN,51
CA008501900,2012-09-14,TMAX,161
CA008501900,2005-07-04,TMAX,327
CA008501900,2014-03-30,TMAX,-33
CA008501900,2007-03-01,TMAX,-61
CA008501900,2006-01-18,TMIN,-267
CA008501900,2007-07-04,TMAX,221
CA008501900,2014-01-14,TMIN,-65
CA008501900,2006-03-29,TMIN,-156
CA008501900,2005-05-23,TMIN,25
CA008501900,2015-05-25,TMAX,114
CA008501900,2015-09-16,TMAX,114
CA008501900,2015-06-14,TMIN,0
CA008501900,2011-12-15,TMIN,-134
CA008501900,2011-06-09,TMAX,159
CA008501900,2006-10-03,TMIN,35
CA008501900,2015-05-25,TMIN,-2
CA008501900,2009-10-15,TMIN,-39
CA008501900,2007-07-18,TMIN,110
CA008501900,2006-06-27,TMAX,305
CA008501900,2014-03-29,TMIN,-144
CA008501900,2014-04-29,TMAX,28
CA008501900,2006-10-03,TMAX,103
CA008501900,2014-03-29,TMAX,-39
CA008501900,2008-12-22,TMAX,-190
CA008501900,2006-01-12,TMIN,-238
CA008501900,2005-12-19,TMIN,-148
CA008501900,2010-08-22,TMIN,108
CA008501900,2006-06-27,TMIN,95
CA008501900,2015-03-08,TMIN,-244
CA008501900,2008-12-31,TMAX,-128
CA008501900,2009-11-25,TMIN,-2
CA008501900,2010-01-12,TMAX,-83
CA008501900,2011-06-13,TMIN,23
CA008501900,2012-05-14,TMAX,200
CA008501900,2010-01-08,TMAX,-10
CA008501900,2005-01-25,TMAX,-133
CA008501900,2005-05-20,TMAX,104
CA008501900,2015-12-30,TMAX,-155
CA008501900,2006-03-22,TMAX,25
CA008501900,2006-10-25,TMAX,54
CA008501900,2005-12-05,TMAX,-38
CA008501900,2007-01-25,TMAX,-56
CA008501900,2006-02-22,TMIN,-286
CA008501900,2006-10-25,TMIN,18
CA008501900,2005-03-19,TMAX,-3
CA008501900,2005-01-24,TMIN,-349
CA008501900,2010-08-13,TMAX,207
CA008501900,2006-11-23,TMAX,26
CA008501900,2012-09-06,TMIN,102
CA008501900,2009-03-09,TMAX,-69
CA008501900,2005-03-17,TMIN,-15
CA008501900,2015-12-14,TMAX,-58
CA008501900,2005-11-14,TMIN,-12
CA008501900,2015-02-09,TMAX,-200
CA008501900,2011-12-10,TMAX,-93
CA008501900,2011-02-19,TMAX,-13
CA008501900,2015-05-11,TMAX,54
CA008501900,2005-02-25,TMAX,-90
CA008501900,2005-11-14,TMAX,47
CA008501900,2015-11-29,TMAX,-116
CA008501900,2007-06-22,TMIN,67
CA008501900,2010-07-26,TMIN,96
CA008501900,2012-01-19,TMIN,-305
CA008501900,2013-01-05,TMAX,-181
CA008501900,2012-09-06,TMAX,178
CA008501900,2015-05-30,TMIN,26
CA008501900,2015-11-29,TMIN,-189
CA008501900,2006-11-26,TMIN,-87
CA008501900,2007-07-18,TMAX,257
CA008501900,2011-12-10,TMIN,-198
CA008501900,2005-05-20,TMIN,24
CA008501900,2008-12-22,TMIN,-343
CA008501900,2010-07-26,TMAX,164
CA008501900,2013-04-25,TMIN,7
CA008501900,2014-12-13,TMAX,-7
CA008501900,2005-03-07,TMIN,-305
CA008501900,2014-04-29,TMIN,-61
CA008501900,2011-02-10,TMIN,-271
CA008501900,2009-05-31,TMAX,210
CA008501900,2009-05-31,TMIN,70
CA008501900,2006-02-22,TMAX,-145
CA008501900,2007-09-05,TMAX,115
CA008501900,2007-11-26,TMIN,-178
CA008501900,2007-09-05,TMIN,43
CA008501900,2005-02-19,TMIN,-279
CA008501900,2008-03-30,TMIN,-169
CA008501900,2011-05-02,TMIN,-19
CA008501900,2012-09-07,TMIN,130
CA008501900,2005-02-02,TMIN,-195
CA008501900,2006-08-18,TMIN,89
CA008501900,2013-06-08,TMIN,12
CA008501900,2007-04-21,TMAX,7
CA008501900,2009-12-14,TMIN,-163
CA008501900,2009-08-31,TMAX,136
CA008501900,2011-07-14,TMAX,250
CA008501900,2015-02-09,TMIN,-335
CA008501900,2012-08-21,TMAX,260
CA008501900,2006-01-29,TMAX,-61
CA008501900,2012-08-21,TMIN,112
CA008501900,2015-02-25,TMIN,-292
CA008501900,2011-02-26,TMAX,-139
CA008501900,2005-01-25,TMIN,-230
CA008501900,2006-08-18,TMAX,263
CA008501900,2009-12-14,TMAX,-68
CA008501900,2008-01-12,TMIN,-156
CA008501900,2010-03-08,TMIN,-75
CA008501900,2011-09-03,TMIN,120
CA008501900,2012-10-24,TMIN,7
CA008501900,2012-10-24,TMAX,45
CA008501900,2009-07-02,TMIN,94
CA008501900,2014-07-26,TMAX,237
CA008501900,2010-08-22,TMAX,217
CA008501900,2009-07-24,TMIN,93
CA008501900,2014-06-23,TMAX,277
CA008501900,2015-05-09,TMIN,-11
CA008501900,2006-03-04,TMIN,-49
CA008501900,2008-08-14,TMIN,106
CA008501900,2010-03-02,TMIN,-134
CA008501900,2005-02-17,TMIN,-48
CA008501900,2005-06-06,TMAX,201
CA008501900,2014-08-26,TMAX,213
CA008501900,2014-01-21,TMAX,-133
CA008501900,2007-04-01,TMAX,-65
CA008501900,2010-03-08,TMAX,-19
CA008501900,2015-02-21,TMIN,-206
CA008501900,2013-06-08,TMAX,198
CA008501900,2007-03-23,TMIN,-213
CA008501900,2009-10-15,TMAX,17
CA008501900,2007-03-24,TMIN,-249
CA008501900,2009-11-25,TMAX,29
CA008501900,2005-02-25,TMIN,-142
CA008501900,2006-09-20,TMIN,42
CA008501900,2014-01-21,TMIN,-233
CA008501900,2005-12-19,TMAX,-96
CA008501900,2014-06-05,TMIN,99
CA008501900,2012-05-14,TMIN,6
CA008501900,2013-10-14,TMAX,129
CA008501900,2015-09-16,TMIN,61
CA008501900,2011-05-02,TMAX,180
CA008501900,2012-07-13,TMAX,202
CA008501900,2012-07-13,TMIN,93
CA008501900,2011-02-10,TMAX,-205
CA008501900,2014-03-09,TMAX,-125
CA008501900,2011-02-23,TMAX,-71
CA008501900,2009-06-19,TMAX,206
CA008501900,2012-09-07,TMAX,216
CA008501900,2015-12-21,TMAX,-100
CA008501900,2006-11-26,TMAX,-4
CA008501900,2013-10-14,TMIN,-39
CA008501900,2006-09-20,TMAX,105
CA008501900,2015-05-04,TMIN,-13
CA008501900,2007-01-25,TMIN,-156
CA008501900,2015-05-04,TMAX,113
CA008501900,2009-06-19,TMIN,71
CA008501900,2012-04-07,TMIN,-49
CA008501900,2005-02-19,TMAX,-164
CA008501900,2008-07-31,TMAX,191
CA008501900,2012-04-07,TMAX,63
CA008501900,2014-11-12,TMAX,-18
CA008501900,2015-05-30,TMAX,44
CA008501900,2005-02-02,TMAX,-71
CA008501900,2007-08-09,TMIN,88
CA008501900,2008-03-08,TMIN,-254
CA008501900,2015-06-20,TMIN,60
CA008501900,2008-07-31,TMIN,130
CA008501900,2014-06-23,TMIN,76
CA008501900,2011-02-26,TMIN,-236
CA008501900,2010-04-09,TMIN,5
CA008501900,2011-06-13,TMAX,169
CA008501900,2009-12-02,TMIN,-100
CA008501900,2007-05-06,TMAX,113
CA008501900,2012-08-20,TMAX,252
CA008501900,2010-08-24,TMIN,162
CA008501900,2014-09-10,TMAX,257
CA008501900,2006-04-26,TMIN,-26
CA008501900,2006-09-08,TMIN,71
CA008501900,2006-08-13,TMIN,80
CA008501900,2006-07-20,TMIN,124
CA008501900,2012-07-19,TMIN,80
CA008501900,2005-11-13,TMIN,-98
CA008501900,2007-03-21,TMIN,-216
CA008501900,2006-04-26,TMAX,51
CA008501900,2006-07-20,TMAX,315
CA008501900,2012-07-05,TMAX,261
CA008501900,2013-10-31,TMIN,-76
CA008501900,2015-02-11,TMAX,-197
CA008501900,2012-07-19,TMAX,112
CA008501900,2014-03-10,TMAX,-95
CA008501900,2011-06-08,TMAX,226
CA008501900,2009-07-22,TMAX,171
CA008501900,2015-11-21,TMAX,34
CA008501900,2008-12-05,TMIN,-145
CA008501900,2014-03-10,TMIN,-248
CA008501900,2013-04-25,TMAX,120
CA008501900,2012-12-26,TMAX,-80
CA008501900,2005-12-04,TMAX,11
CA008501900,2005-12-02,TMAX,17
CA008501900,2005-03-17,TMAX,27
CA008501900,2012-12-26,TMIN,-139
CA008501900,2006-08-13,TMAX,124
CA008501900,2007-12-31,TMAX,-202
CA008501900,2007-03-21,TMAX,-116
CA008501900,2005-11-13,TMAX,3
CA008501900,2006-09-08,TMAX,240
CA008501900,2012-08-20,TMIN,143
CA008501900,2007-05-06,TMIN,-26
CA008501900,2011-02-20,TMAX,-4
CA008501900,2012-07-05,TMIN,173
CA008501900,2010-03-15,TMIN,-62
CA008501900,2011-06-08,TMIN,126
CA008501900,2014-12-11,TMIN,-225
CA008501900,2011-09-14,TMIN,45
CA008501900,2012-08-30,TMAX,179
CA008501900,2011-09-14,TMAX,163
CA008501900,2006-09-26,TMAX,133
CA008501900,2008-12-31,TMIN,-189
CA008501900,2009-12-02,TMAX,-31
CA008501900,2008-06-08,TMIN,96
CA008501900,2007-09-30,TMIN,16
CA008501900,2013-02-03,TMIN,-287
CA008501900,2008-03-28,TMIN,-97
CA008501900,2013-02-03,TMAX,-173
CA008501900,2015-08-02,TMIN,127
CA008501900,2006-09-26,TMIN,33
CA008501900,2014-08-06,TMIN,148
CA008501900,2014-08-06,TMAX,223
CA008501900,2010-10-10,TMIN,18
CA008501900,2011-02-20,TMIN,-55
CA008501900,2008-11-11,TMAX,21
CA008501900,2015-06-30,TMIN,131
CA008501900,2011-09-03,TMAX,257
CA008501900,2014-06-20,TMIN,48
CA008501900,2011-05-10,TMIN,-32
CA008501900,2015-08-02,TMAX,207
CA008501900,2008-12-01,TMAX,-41
CA008501900,2007-09-30,TMAX,96
CA008501900,2010-03-15,TMAX,67
CA008501900,2008-12-01,TMIN,-110
CA008501900,2005-10-23,TMIN,9
CA008501900,2013-09-19,TMAX,71
CA008501900,2005-10-23,TMAX,43
CA008501900,2008-09-20,TMIN,72
CA008501900,2009-03-09,TMIN,-193
CA008501900,2009-10-29,TMIN,-65
CA008501900,2013-10-15,TMAX,97
CA008501900,2013-10-31,TMAX,-2
CA008501900,2013-10-15,TMIN,36
CA008501900,2014-01-14,TMAX,0
CA008501900,2011-05-10,TMAX,103
CA008501900,2013-01-05,TMIN,-271
CA008501900,2015-12-21,TMIN,-248
CA008501900,2006-07-27,TMIN,114
CA008501900,2005-09-20,TMIN,24
CA008501900,2006-12-18,TMIN,-119
CA008501900,2012-11-05,TMAX,26
CA008501900,2005-08-04,TMIN,74
CA008501900,2008-09-20,TMAX,172
CA008501900,2014-02-12,TMIN,-204
CA008501900,2009-07-22,TMIN,103
CA008501900,2005-09-20,TMAX,101
CA008501900,2012-11-05,TMIN,5
CA008501900,2012-01-19,TMAX,-140
CA008501900,2006-12-18,TMAX,-78
CA008501900,2007-05-01,TMAX,45
CA008501900,2013-07-17,TMAX,237
CA008501900,2007-05-01,TMIN,-3
CA008501900,2011-04-23,TMIN,32
CA008501900,2011-05-14,TMIN,-26
CA008501900,2007-03-23,TMAX,-72
CA008501900,2014-09-13,TMAX,94
CA008501900,2006-07-29,TMIN,166
CA008501900,2008-01-03,TMIN,-255
CA008501900,2007-07-08,TMIN,87
CA008501900,2013-03-23,TMIN,3
CA008501900,2011-12-26,TMAX,-88
CA008501900,2011-03-05,TMIN,-231
CA008501900,2015-08-04,TMAX,201
CA008501900,2005-02-04,TMAX,7
CA008501900,2014-06-05,TMAX,255
CA008501900,2015-08-04,TMIN,139
CA008501900,2010-04-09,TMAX,44
CA008501900,2014-09-13,TMIN,8
CA008501900,2005-08-04,TMAX,182
CA008501900,2008-01-03,TMAX,-198
CA008501900,2007-06-22,TMAX,123
CA008501900,2013-03-23,TMAX,16
CA008501900,2006-07-29,TMAX,220
CA008501900,2007-04-21,TMIN,-69
CA008501900,2011-05-23,TMIN,49
CA008501900,2015-06-20,TMAX,199
CA008501900,2011-05-23,TMAX,134
CA008501900,2011-05-14,TMAX,96
CA008501900,2009-12-11,TMAX,-30
CA008501900,2015-12-30,TMIN,-229
CA008501900,2009-01-03,TMAX,19
CA008501900,2005-05-26,TMIN,50
CA008501900,2006-03-04,TMAX,21
CA008501900,2013-07-02,TMIN,76
CA008501900,2009-12-11,TMIN,-94
CA008501900,2012-07-31,TMIN,187
CA008501900,2007-08-24,TMIN,133
CA008501900,2011-02-23,TMIN,-167
CA008501900,2009-01-03,TMIN,-63
CA008501900,2013-07-02,TMAX,263
CA008501900,2015-09-09,TMIN,18
CA008501900,2014-02-12,TMAX,-114
CA008501900,2014-09-10,TMIN,82
CA008501900,2015-11-13,TMAX,1
CA008501900,2014-12-13,TMIN,-83
CA008501900,2009-04-21,TMAX,101
CA008501900,2014-12-17,TMAX,-105
CA008501900,2006-07-27,TMAX,287
CA008501900,2008-03-30,TMAX,-46
CA008501900,2007-01-15,TMAX,-226
CA008501900,2010-01-12,TMIN,-105
CA008501900,2010-03-28,TMIN,-202
CA008501900,2010-03-28,TMAX,-41
CA008501900,2011-07-16,TMIN,123
CA008501900,2015-12-14,TMIN,-83
CA008501900,2014-12-17,TMIN,-165
CA008501900,2012-07-31,TMAX,320
CA008501900,2015-11-13,TMIN,-24
CA008501900,2011-04-23,TMAX,122
CA008501900,2009-04-21,TMIN,-86
CA008501900,2011-07-16,TMAX,252
CA008501900,2013-09-19,TMIN,-8
CA008501900,2014-03-09,TMIN,-254
CA008501900,2013-07-17,TMIN,96
CA008501900,2007-01-15,TMIN,-281
CA008501900,2015-01-18,TMIN,-285
CA008501900,2006-01-29,TMIN,-168
CA008501900,2009-08-31,TMIN,82
CA008501900,2014-07-31,TMAX,267
CA008501900,2014-06-02,TMAX,224
CA008501900,2012-09-05,TMIN,77
CA008501900,2007-07-04,TMIN,105
CA008501900,2007-08-14,TMIN,108
CA008501900,2009-12-20,TMIN,9
CA008501900,2011-08-17,TMAX,177
CA008501900,2007-05-03,TMIN,7
CA008501900,2010-03-16,TMAX,65
CA008501900,2012-09-05,TMAX,105
CA008501900,2010-08-07,TMIN,106
CA008501900,2006-02-24,TMIN,-142
CA008501900,2009-12-20,TMAX,24
CA008501900,2007-08-14,TMAX,203
CA008501900,2011-02-11,TMAX,-197
CA008501900,2012-09-26,TMIN,70
CA008501900,2013-02-17,TMIN,-191
CA008501900,2007-08-24,TMAX,204
CA008501900,2006-02-24,TMAX,-56
CA008501900,2005-03-30,TMAX,-55
CA008501900,2005-01-10,TMIN,-211
CA008501900,2013-01-26,TMAX,-137
CA008501900,2013-01-26,TMIN,-171
CA008501900,2008-04-28,TMIN,15
CA008501900,2012-01-22,TMAX,-192
CA008501900,2012-12-12,TMIN,-158
CA008501900,2011-12-15,TMAX,-80
CA008501900,2006-03-31,TMAX,10
CA008501900,2006-11-12,TMIN,-91
CA008501900,2006-10-18,TMAX,35
CA008501900,2008-04-28,TMAX,178
CA008501900,2009-02-06,TMIN,-168
CA008501900,2005-05-10,TMIN,39
CA008501900,2014-06-02,TMIN,64
CA008501900,2005-12-04,TMIN,-63
CA008501900,2008-01-07,TMAX,-134
CA008501900,2015-01-18,TMAX,-135
CA008501900,2009-07-30,TMAX,266
CA008501900,2011-02-11,TMIN,-297
CA008501900,2008-12-27,TMAX,-240
CA008501900,2014-05-07,TMAX,89
CA008501900,2013-12-30,TMIN,-278
CA008501900,2011-09-07,TMAX,234
CA008501900,2010-05-18,TMIN,27
CA008501900,2013-05-28,TMIN,-11
CA008501900,2013-12-30,TMAX,-229
CA008501900,2009-10-08,TMIN,25
CA008501900,2009-05-03,TMIN,-67
CA008501900,2010-09-15,TMIN,99
CA008501900,2015-06-10,TMAX,134
CA008501900,2009-08-03,TMIN,151
CA008501900,2015-12-22,TMAX,-195
CA008501900,2009-04-16,TMAX,-49
CA008501900,2011-11-04,TMAX,8
CA008501900,2008-07-25,TMAX,277
CA008501900,2012-06-07,TMIN,45
CA008501900,2011-11-04,TMIN,-31
CA008501900,2013-09-07,TMAX,193
CA008501900,2011-09-07,TMIN,16
CA008501900,2013-05-28,TMAX,89
CA008501900,2010-05-04,TMIN,1
CA008501900,2013-02-17,TMAX,-44
CA008501900,2010-05-04,TMAX,17
CA008501900,2006-08-19,TMIN,101
CA008501900,2010-05-29,TMAX,122
CA008501900,2005-08-16,TMAX,227
CA008501900,2006-08-19,TMAX,222
CA008501900,2007-05-03,TMAX,27
CA008501900,2010-11-07,TMAX,52
CA008501900,2009-05-03,TMAX,62
CA008501900,2010-05-18,TMAX,155
CA008501900,2008-10-04,TMIN,26
CA008501900,2010-09-15,TMAX,168
CA008501900,2010-05-29,TMIN,11
CA008501900,2011-07-14,TMIN,60
CA008501900,2009-02-08,TMIN,-182
CA008501900,2014-01-17,TMAX,-150
CA008501900,2013-02-13,TMAX,-79
CA008501900,2009-10-08,TMAX,73
CA008501900,2012-12-12,TMAX,-21
CA008501900,2015-04-30,TMIN,-17
CA008501900,2009-07-30,TMIN,172
CA008501900,2015-06-30,TMAX,233
CA008501900,2015-04-14,TMIN,-3
CA008501900,2009-10-28,TMAX,-12
CA008501900,2008-04-09,TMIN,29
CA008501900,2013-04-20,TMAX,109
CA008501900,2013-04-20,TMIN,-7
CA008501900,2015-08-17,TMIN,87
CA008501900,2010-02-14,TMIN,-1
CA008501900,2010-06-09,TMAX,102
CA008501900,2005-08-16,TMIN,75
CA008501900,2014-06-28,TMAX,335
CA008501900,2005-06-23,TMAX,241
CA008501900,2013-04-14,TMAX,5
CA008501900,2013-04-14,TMIN,-85
CA008501900,2015-03-27,TMIN,-162
CA008501900,2012-09-10,TMIN,108
CA008501900,2012-10-03,TMIN,59
CA008501900,2010-08-09,TMIN,112
CA008501900,2007-03-29,TMIN,-94
CA008501900,2007-03-29,TMAX,-19
CA008501900,2006-03-29,TMAX,-18
CA008501900,2013-08-07,TMIN,93
CA008501900,2010-08-25,TMAX,312
CA008501900,2012-08-30,TMIN,100
CA008501900,2005-02-26,TMAX,-12
CA008501900,2009-10-28,TMIN,-101
CA008501900,2010-06-09,TMIN,28
CA008501900,2005-02-26,TMIN,-121
CA008501900,2014-01-24,TMAX,-207
CA008501900,2014-06-28,TMIN,165
CA008501900,2012-01-23,TMIN,-260
CA008501900,2013-08-03,TMIN,128
CA008501900,2012-09-02,TMAX,185
CA008501900,2010-08-09,TMAX,226
CA008501900,2008-04-23,TMAX,9
CA008501900,2008-10-25,TMIN,8
CA008501900,2008-12-30,TMAX,-145
CA008501900,2011-02-19,TMIN,-108
CA008501900,2006-03-28,TMIN,-158
CA008501900,2005-02-05,TMIN,-190
CA008501900,2012-09-10,TMAX,194
CA008501900,2006-08-03,TMAX,160
CA008501900,2008-03-09,TMIN,-254
CA008501900,2013-03-11,TMAX,49
CA008501900,2005-03-30,TMIN,-174
CA008501900,2005-03-13,TMAX,15
CA008501900,2012-10-03,TMAX,122
CA008501900,2005-03-13,TMIN,-107
CA008501900,2005-05-06,TMAX,182
CA008501900,2007-12-25,TMAX,-28
CA008501900,2008-04-19,TMAX,57
CA008501900,2007-04-07,TMAX,49
CA008501900,2007-12-25,TMIN,-125
CA008501900,2011-01-07,TMIN,-137
CA008501900,2010-08-07,TMAX,214
CA008501900,2006-08-03,TMIN,89
CA008501900,2012-09-02,TMIN,61
CA008501900,2005-01-04,TMAX,-170
CA008501900,2014-09-19,TMIN,-8
CA008501900,2012-01-22,TMIN,-253
CA008501900,2006-04-06,TMIN,8
CA008501900,2012-05-07,TMAX,83
CA008501900,2009-04-26,TMAX,100
CA008501900,2012-05-07,TMIN,-3
CA008501900,2013-08-03,TMAX,157
CA008501900,2006-09-21,TMAX,155
CA008501900,2008-04-09,TMAX,86
CA008501900,2005-05-23,TMAX,183
CA008501900,2005-05-06,TMIN,-18
CA008501900,2010-11-07,TMIN,-1
CA008501900,2015-04-06,TMAX,-87
CA008501900,2010-02-14,TMAX,26
CA008501900,2006-10-18,TMIN,2
CA008501900,2009-04-26,TMIN,-59
CA008501900,2006-03-31,TMIN,-74
CA008501900,2014-09-19,TMAX,84
CA008501900,2013-03-11,TMIN,-41
CA008501900,2008-04-23,TMIN,-120
CA008501900,2015-03-27,TMAX,-46
CA008501900,2009-06-11,TMIN,38
CA008501900,2008-07-25,TMIN,201
CA008501900,2011-06-03,TMIN,27
CA008501900,2015-10-23,TMIN,-66
CA008501900,2005-01-04,TMIN,-227
CA008501900,2013-10-18,TMAX,68
CA008501900,2014-03-22,TMAX,-27
CA008501900,2007-11-26,TMAX,-95
CA008501900,2007-04-01,TMIN,-199
CA008501900,2006-11-23,TMIN,-68
CA008501900,2014-06-21,TMIN,46
CA008501900,2013-10-18,TMIN,49
CA008501900,2005-10-06,TMAX,62
CA008501900,2010-01-01,TMAX,-143
CA008501900,2005-07-28,TMAX,228
CA008501900,2015-11-02,TMIN,-37
CA008501900,2007-11-28,TMIN,-123
CA008501900,2011-08-16,TMIN,129
CA008501900,2005-03-03,TMAX,13
CA008501900,2015-09-24,TMIN,53
CA008501900,2005-07-28,TMIN,126
CA008501900,2009-07-24,TMAX,214
CA008501900,2005-02-17,TMAX,75
CA008501900,2015-06-14,TMAX,82
CA008501900,2012-09-11,TMIN,63
CA008501900,2005-03-07,TMAX,-138
CA008501900,2009-10-29,TMAX,9
CA008501900,2006-04-09,TMIN,-16
CA008501900,2006-01-13,TMAX,-103
CA008501900,2009-03-27,TMAX,78
CA008501900,2014-11-28,TMIN,-191
CA008501900,2010-06-04,TMAX,205
CA008501900,2011-06-17,TMIN,60
CA008501900,2005-06-09,TMIN,22
CA008501900,2010-09-16,TMIN,103
CA008501900,2012-01-03,TMAX,0
CA008501900,2012-08-17,TMAX,185
CA008501900,2008-03-24,TMAX,-137
CA008501900,2008-06-03,TMIN,37
CA008501900,2011-06-17,TMAX,132
CA008501900,2007-03-20,TMIN,-202
CA008501900,2015-06-10,TMIN,82
CA008501900,2010-01-01,TMIN,-260
CA008501900,2011-06-12,TMAX,156
CA008501900,2006-12-19,TMAX,-87
CA008501900,2012-08-17,TMIN,136
CA008501900,2014-01-24,TMIN,-307
CA008501900,2012-12-06,TMIN,-76
CA008501900,2006-11-27,TMIN,-87
CA008501900,2011-06-06,TMAX,227
CA008501900,2014-02-25,TMIN,-208
CA008501900,2013-11-24,TMAX,-9
CA008501900,2006-03-19,TMIN,-108
CA008501900,2012-12-06,TMAX,-25
CA008501900,2009-06-27,TMIN,86
CA008501900,2011-06-06,TMIN,79
CA008501900,2014-12-29,TMIN,-194
CA008501900,2015-06-28,TMAX,275
CA008501900,2007-03-24,TMAX,-88
CA008501900,2015-11-25,TMAX,-76
CA008501900,2006-12-19,TMIN,-198
CA008501900,2014-08-26,TMIN,71
CA008501900,2010-03-02,TMAX,-72
CA008501900,2008-03-24,TMIN,-218
CA008501900,2015-05-07,TMIN,-27
CA008501900,2015-10-23,TMAX,11
CA008501900,2015-11-25,TMIN,-136
CA008501900,2008-01-30,TMAX,1
CA008501900,2013-09-17,TMIN,5
CA008501900,2008-08-14,TMAX,205
CA008501900,2014-07-26,TMIN,131
CA008501900,2005-03-27,TMIN,-146
CA008501900,2014-03-22,TMIN,-134
CA008501900,2010-01-08,TMIN,-57
CA008501900,2008-06-03,TMAX,89
CA008501900,2010-06-04,TMIN,56
CA008501900,2012-09-30,TMAX,181
CA008501900,2006-11-27,TMAX,-34
CA008501900,2005-03-27,TMAX,37
CA008501900,2007-07-08,TMAX,147
CA008501900,2012-09-30,TMIN,38
CA008501900,2012-09-11,TMAX,168
CA008501900,2014-11-12,TMIN,-117
CA008501900,2014-07-31,TMIN,148
CA008501900,2015-04-06,TMIN,-206
CA008501900,2009-06-26,TMIN,91
CA008501900,2006-12-01,TMIN,-94
CA008501900,2009-09-05,TMIN,28
CA008501900,2006-12-01,TMAX,-37
CA008501900,2006-03-28,TMAX,-37
CA008501900,2009-09-05,TMAX,142
CA008501900,2013-09-07,TMIN,93
CA008501900,2005-06-06,TMIN,38
CA008501900,2014-11-13,TMIN,-68
CA008501900,2005-04-03,TMAX,58
CA008501900,2005-11-30,TMIN,28
CA008501900,2014-01-05,TMAX,-128
CA008501900,2007-09-03,TMAX,199
CA008501900,2007-05-26,TMAX,205
CA008501900,2007-09-03,TMIN,96
CA008501900,2012-01-03,TMIN,-103
CA008501900,2005-08-01,TMAX,250
CA008501900,2011-12-26,TMIN,-122
CA008501900,2015-12-22,TMIN,-261
CA008501900,2014-05-20,TMAX,128
CA008501900,2012-09-26,TMAX,161
CA008501900,2005-06-09,TMAX,159
CA008501900,2005-11-30,TMAX,129
CA008501900,2009-11-03,TMAX,18
CA008501900,2010-03-06,TMAX,25
CA008501900,2009-08-03,TMAX,197
CA008501900,2014-05-07,TMIN,-62
CA008501900,2009-06-26,TMAX,179
CA008501900,2010-03-06,TMIN,-112
CA008501900,2006-05-22,TMAX,63
CA008501900,2009-04-16,TMIN,-135
CA008501900,2014-03-01,TMIN,-240
CA008501900,2014-03-01,TMAX,-122
CA008501900,2010-10-01,TMAX,147
CA008501900,2013-11-24,TMIN,-38
CA008501900,2007-11-28,TMAX,-65
CA008501900,2012-06-07,TMAX,180
CA008501900,2012-09-17,TMIN,88
CA008501900,2012-01-31,TMIN,-215
CA008501900,2008-10-16,TMIN,1
CA008501900,2010-10-08,TMAX,71
CA008501900,2014-11-28,TMAX,-109
CA008501900,2009-03-27,TMIN,-39
CA008501900,2015-12-09,TMAX,-71
CA008501900,2010-04-26,TMIN,-17
CA008501900,2010-01-16,TMAX,-139
CA008501900,2010-01-16,TMIN,-219
CA008501900,2011-09-16,TMIN,21
CA008501900,2010-04-26,TMAX,62
CA008501900,2010-09-25,TMAX,120
CA008501900,2011-06-03,TMAX,73
CA008501900,2006-03-22,TMIN,3
CA008501900,2009-06-27,TMAX,176
CA008501900,2011-10-30,TMAX,-6
CA008501900,2015-12-09,TMIN,-211
CA008501900,2008-03-28,TMAX,-23
CA008501900,2005-03-19,TMIN,-42
CA008501900,2010-10-08,TMIN,23
CA008501900,2010-10-10,TMAX,64
CA008501900,2011-10-30,TMIN,-37
CA008501900,2005-05-16,TMAX,74
CA008501900,2014-01-05,TMIN,-174
CA008501900,2010-10-01,TMIN,112
CA008501900,2015-09-24,TMAX,103
CA008501900,2008-01-17,TMIN,-264
CA008501900,2005-05-16,TMIN,25
CA008501900,2008-01-17,TMAX,-91
CA008501900,2009-09-02,TMIN,79
CA008501900,2013-04-21,TMIN,-83
CA008501900,2009-09-02,TMAX,207
CA008501900,2013-04-21,TMAX,7
CA008501900,2014-11-13,TMAX,43
CA008501900,2011-09-16,TMAX,92
CA008501900,2005-04-28,TMIN,-48
CA008501900,2006-03-19,TMAX,10
CA008501900,2009-11-03,TMIN,-101
CA008501900,2015-11-02,TMAX,-10
CA008501900,2012-01-31,TMAX,-157
CA008501900,2008-06-24,TMAX,223
CA008501900,2010-04-08,TMAX,42
CA008501900,2006-08-07,TMAX,228
CA008501900,2015-03-10,TMIN,-282
CA008501900,2014-11-02,TMIN,-69
CA008501900,2014-10-25,TMIN,3
CA008501900,2008-06-29,TMIN,98
CA008501900,2006-09-14,TMAX,229
CA008501900,2010-01-30,TMAX,-113
CA008501900,2014-11-02,TMAX,1
CA008501900,2008-04-26,TMAX,75
CA008501900,2006-09-14,TMIN,71
CA008501900,2011-11-10,TMIN,-21
CA008501900,2011-11-10,TMAX,28
CA008501900,2013-11-17,TMAX,28
CA008501900,2007-09-12,TMAX,116
CA008501900,2013-11-17,TMIN,-52
CA008501900,2006-10-20,TMAX,58
CA008501900,2012-04-10,TMIN,1
CA008501900,2007-09-12,TMIN,53
CA008501900,2015-04-13,TMIN,-125
CA008501900,2011-04-24,TMAX,96
CA008501900,2006-08-11,TMAX,148
CA008501900,2014-09-17,TMIN,15
CA008501900,2005-09-27,TMIN,21
CA008501900,2014-07-27,TMIN,116
CA008501900,2007-08-19,TMAX,144
CA008501900,2013-09-18,TMAX,127
CA008501900,2015-06-24,TMAX,212
CA008501900,2010-05-17,TMIN,26
CA008501900,2005-08-09,TMIN,118
CA008501900,2015-09-03,TMIN,62
CA008501900,2008-04-26,TMIN,-58
CA008501900,2006-08-23,TMIN,105
CA008501900,2011-09-20,TMIN,65
CA008501900,2007-08-19,TMIN,97
CA008501900,2015-06-13,TMIN,26
CA008501900,2006-08-23,TMAX,199
CA008501900,2011-09-20,TMAX,210
CA008501900,2014-02-25,TMAX,-64
CA008501900,2006-09-04,TMIN,106
CA008501900,2014-10-25,TMAX,36
CA008501900,2006-09-05,TMIN,103
CA008501900,2008-06-14,TMIN,31
CA008501900,2014-10-15,TMAX,110
CA008501900,2013-06-20,TMIN,70
CA008501900,2009-11-13,TMAX,52
CA008501900,2009-12-23,TMIN,-70
CA008501900,2014-10-24,TMAX,83
CA008501900,2008-04-11,TMAX,-5
CA008501900,2006-09-04,TMAX,270
CA008501900,2012-03-04,TMIN,-268
CA008501900,2013-03-06,TMIN,-84
CA008501900,2008-06-14,TMAX,124
CA008501900,2011-11-13,TMIN,-42
CA008501900,2015-04-14,TMAX,75
CA008501900,2012-02-27,TMAX,-134
CA008501900,2014-01-10,TMAX,-89
CA008501900,2012-03-04,TMAX,-60
CA008501900,2011-11-13,TMAX,25
CA008501900,2009-12-13,TMAX,-93
CA008501900,2011-10-01,TMIN,-8
CA008501900,2014-07-04,TMAX,237
CA008501900,2010-06-01,TMIN,73
CA008501900,2012-04-10,TMAX,41
CA008501900,2011-12-16,TMIN,-138
CA008501900,2014-06-26,TMIN,84
CA008501900,2011-02-24,TMIN,-180
CA008501900,2010-01-30,TMIN,-192
CA008501900,2015-01-10,TMIN,-271
CA008501900,2009-05-09,TMIN,-37
CA008501900,2014-07-04,TMIN,125
CA008501900,2006-11-20,TMAX,9
CA008501900,2010-08-06,TMIN,150
CA008501900,2007-03-18,TMIN,-101
CA008501900,2006-11-20,TMIN,-9
CA008501900,2010-07-25,TMAX,247
CA008501900,2010-12-10,TMIN,-135
CA008501900,2014-09-17,TMAX,123
CA008501900,2010-12-10,TMAX,-85
CA008501900,2007-05-20,TMAX,47
CA008501900,2009-01-19,TMAX,-212
CA008501900,2006-08-11,TMIN,92
CA008501900,2013-04-11,TMIN,-52
CA008501900,2015-07-17,TMIN,89
CA008501900,2008-10-28,TMAX,87
CA008501900,2011-09-08,TMIN,84
CA008501900,2007-10-03,TMAX,96
CA008501900,2010-11-06,TMIN,22
CA008501900,2006-05-03,TMAX,192
CA008501900,2005-09-27,TMAX,112
CA008501900,2012-11-10,TMAX,-5
CA008501900,2005-06-10,TMIN,19
CA008501900,2010-07-25,TMIN,131
CA008501900,2010-11-06,TMAX,159
CA008501900,2012-07-26,TMAX,260
CA008501900,2006-11-01,TMAX,31
CA008501900,2015-03-18,TMIN,-108
CA008501900,2008-11-23,TMIN,-93
CA008501900,2011-09-08,TMAX,171
CA008501900,2006-11-01,TMIN,-7
CA008501900,2015-03-10,TMAX,-136
CA008501900,2013-09-16,TMAX,111
CA008501900,2005-11-04,TMIN,-58
CA008501900,2014-10-09,TMAX,176
CA008501900,2013-09-01,TMIN,33
CA008501900,2006-10-23,TMAX,61
CA008501900,2008-02-22,TMIN,-234
CA008501900,2005-11-03,TMIN,-57
CA008501900,2013-07-20,TMIN,120
CA008501900,2013-09-02,TMIN,15
CA008501900,2014-03-05,TMIN,-225
CA008501900,2015-03-05,TMIN,-233
CA008501900,2010-03-11,TMIN,-105
CA008501900,2008-02-22,TMAX,-117
CA008501900,2012-09-09,TMIN,156
CA008501900,2007-08-08,TMAX,182
CA008501900,2005-07-29,TMAX,276
CA008501900,2012-07-26,TMIN,92
CA008501900,2012-09-09,TMAX,234
CA008501900,2005-12-18,TMAX,-28
CA008501900,2011-04-24,TMIN,-24
CA008501900,2008-02-19,TMIN,-141
CA008501900,2008-11-27,TMIN,-146
CA008501900,2007-03-26,TMAX,52
CA008501900,2015-07-23,TMAX,165
CA008501900,2012-06-23,TMAX,303
CA008501900,2015-01-20,TMAX,-34
CA008501900,2013-04-24,TMIN,6
CA008501900,2008-03-07,TMIN,-226
CA008501900,2012-03-26,TMIN,-160
CA008501900,2009-05-09,TMAX,42
CA008501900,2006-12-17,TMAX,-59
CA008501900,2011-04-20,TMIN,-51
CA008501900,2011-04-20,TMAX,36
CA008501900,2012-03-26,TMAX,-96
CA008501900,2006-10-21,TMAX,78
CA008501900,2010-02-22,TMAX,25
CA008501900,2005-01-07,TMIN,-240
CA008501900,2015-01-20,TMIN,-97
CA008501900,2012-06-23,TMIN,107
CA008501900,2007-05-20,TMIN,-28
CA008501900,2007-07-17,TMIN,131
CA008501900,2008-02-12,TMAX,-90
CA008501900,2009-02-13,TMAX,-17
CA008501900,2012-04-25,TMIN,57
CA008501900,2005-07-29,TMIN,110
CA008501900,2012-04-25,TMAX,134
CA008501900,2014-03-05,TMAX,-150
CA008501900,2010-01-04,TMAX,28
CA008501900,2013-09-16,TMIN,25
CA008501900,2013-04-24,TMAX,105
CA008501900,2012-02-25,TMAX,-42
CA008501900,2008-03-07,TMAX,-13
CA008501900,2008-06-29,TMAX,188
CA008501900,2012-02-25,TMIN,-81
CA008501900,2008-01-06,TMAX,-205
CA008501900,2015-03-18,TMAX,-23
CA008501900,2006-12-17,TMIN,-112
CA008501900,2015-04-13,TMAX,126
CA008501900,2007-03-26,TMIN,-141
CA008501900,2013-04-11,TMAX,12
CA008501900,2014-01-10,TMIN,-208
CA008501900,2005-11-02,TMIN,-24
CA008501900,2011-10-01,TMAX,62
CA008501900,2006-08-26,TMIN,41
CA008501900,2011-09-24,TMIN,81
CA008501900,2012-04-12,TMIN,-74
CA008501900,2014-04-16,TMAX,116
CA008501900,2011-09-24,TMAX,170
CA008501900,2012-03-22,TMIN,-72
CA008501900,2008-05-10,TMIN,-4
CA008501900,2006-04-24,TMIN,6
CA008501900,2012-12-13,TMAX,-105
CA008501900,2010-05-21,TMIN,-8
CA008501900,2012-12-13,TMIN,-181
CA008501900,2007-02-22,TMIN,-177
CA008501900,2012-06-30,TMAX,206
CA008501900,2011-12-24,TMAX,-195
CA008501900,2013-01-03,TMIN,-167
CA008501900,2012-04-12,TMAX,10
CA008501900,2012-03-22,TMAX,49
CA008501900,2005-03-24,TMIN,-136
CA008501900,2008-05-10,TMAX,109
CA008501900,2007-02-03,TMAX,-20
CA008501900,2006-07-16,TMAX,231
CA008501900,2005-07-25,TMIN,82
CA008501900,2008-10-22,TMIN,-84
CA008501900,2011-09-18,TMIN,51
CA008501900,2006-01-03,TMIN,-221
CA008501900,2009-01-22,TMAX,-152
CA008501900,2005-03-03,TMIN,-98
CA008501900,2007-02-03,TMIN,-167
CA008501900,2014-05-01,TMAX,51
CA008501900,2014-05-01,TMIN,-47
CA008501900,2013-01-03,TMAX,-68
CA008501900,2011-12-24,TMIN,-262
CA008501900,2007-02-22,TMAX,-70
CA008501900,2007-11-03,TMIN,-68
CA008501900,2006-10-21,TMIN,-4
CA008501900,2009-01-19,TMIN,-294
CA008501900,2006-08-26,TMAX,165
CA008501900,2011-12-28,TMAX,-26
CA008501900,2010-07-15,TMIN,121
CA008501900,2010-07-04,TMAX,179
CA008501900,2005-06-04,TMIN,26
CA008501900,2015-08-09,TMIN,97
CA008501900,2009-09-03,TMIN,98
CA008501900,2009-09-03,TMAX,194
CA008501900,2011-12-28,TMIN,-134
CA008501900,2005-04-27,TMAX,54
CA008501900,2010-05-17,TMAX,69
CA008501900,2005-07-22,TMIN,141
CA008501900,2006-09-17,TMIN,-6
CA008501900,2005-06-04,TMAX,113
CA008501900,2008-08-29,TMIN,128
CA008501900,2009-01-06,TMAX,-24
CA008501900,2013-07-11,TMIN,136
CA008501900,2008-03-01,TMAX,-89
CA008501900,2008-08-29,TMAX,287
CA008501900,2009-01-06,TMIN,-97
CA008501900,2009-06-09,TMIN,36
CA008501900,2010-07-27,TMAX,154
CA008501900,2010-07-27,TMIN,71
CA008501900,2005-04-12,TMIN,-95
CA008501900,2012-06-30,TMIN,125
CA008501900,2010-07-04,TMIN,71
CA008501900,2007-01-08,TMIN,-91
CA008501900,2006-04-24,TMAX,201
CA008501900,2015-12-01,TMAX,-20
CA008501900,2007-09-18,TMAX,154
CA008501900,2010-11-22,TMIN,-88
CA008501900,2015-01-24,TMIN,-285
CA008501900,2013-05-06,TMIN,-23
CA008501900,2013-05-06,TMAX,112
CA008501900,2013-07-11,TMAX,253
CA008501900,2005-10-06,TMIN,-18
CA008501900,2009-11-22,TMIN,-81
CA008501900,2015-12-28,TMAX,-156
CA008501900,2010-03-12,TMAX,-21
CA008501900,2010-03-12,TMIN,-110
CA008501900,2009-11-22,TMAX,-44
CA008501900,2011-08-12,TMAX,157
CA008501900,2011-08-12,TMIN,121
CA008501900,2009-02-17,TMAX,-78
CA008501900,2012-05-05,TMAX,124
CA008501900,2009-06-09,TMAX,106
CA008501900,2012-11-26,TMAX,16
CA008501900,2014-08-10,TMAX,249
CA008501900,2012-12-25,TMAX,-2
CA008501900,2012-11-26,TMIN,-94
CA008501900,2005-05-13,TMAX,7
CA008501900,2005-11-02,TMAX,99
CA008501900,2014-07-27,TMAX,253
CA008501900,2007-10-13,TMAX,61
CA008501900,2005-11-20,TMIN,-83
CA008501900,2015-08-09,TMAX,269
CA008501900,2006-01-03,TMAX,-128
CA008501900,2005-10-22,TMIN,23
CA008501900,2012-12-25,TMIN,-81
CA008501900,2012-02-26,TMAX,-33
CA008501900,2014-07-28,TMAX,238
CA008501900,2009-01-31,TMIN,-244
CA008501900,2007-01-08,TMAX,-48
CA008501900,2014-08-10,TMIN,95
CA008501900,2015-07-30,TMIN,141
CA008501900,2010-12-24,TMAX,-65
CA008501900,2014-06-26,TMAX,260
CA008501900,2015-07-30,TMAX,237
CA008501900,2005-11-20,TMAX,-26
CA008501900,2012-02-27,TMIN,-231
CA008501900,2013-06-20,TMAX,244
CA008501900,2009-12-23,TMAX,-4
CA008501900,2005-08-09,TMAX,267
CA008501900,2013-11-09,TMIN,-60
CA008501900,2006-09-05,TMAX,158
CA008501900,2005-05-07,TMIN,32
CA008501900,2013-01-30,TMAX,-95
CA008501900,2010-12-24,TMIN,-83
CA008501900,2013-11-09,TMAX,-18
CA008501900,2009-11-13,TMIN,11
CA008501900,2006-05-16,TMIN,-6
CA008501900,2008-01-08,TMAX,-125
CA008501900,2015-05-29,TMAX,118
CA008501900,2015-10-08,TMIN,29
CA008501900,2010-07-06,TMIN,94
CA008501900,2005-10-22,TMAX,67
CA008501900,2005-07-07,TMIN,117
CA008501900,2012-05-08,TMAX,177
CA008501900,2011-09-18,TMAX,195
CA008501900,2012-05-08,TMIN,-6
CA008501900,2005-07-07,TMAX,266
CA008501900,2013-01-30,TMIN,-247
CA008501900,2011-11-14,TMIN,-37
CA008501900,2006-07-16,TMIN,112
CA008501900,2010-06-12,TMIN,37
CA008501900,2008-04-11,TMIN,-40
CA008501900,2011-09-15,TMAX,115
CA008501900,2011-09-15,TMIN,29
CA008501900,2014-10-04,TMIN,33
CA008501900,2006-06-08,TMAX,228
CA008501900,2012-05-05,TMIN,41
CA008501900,2006-06-08,TMIN,17
CA008501900,2013-11-12,TMAX,-14
CA008501900,2014-07-28,TMIN,171
CA008501900,2005-04-19,TMAX,54
CA008501900,2013-03-06,TMAX,9
CA008501900,2009-01-22,TMIN,-247
CA008501900,2009-04-28,TMAX,59
CA008501900,2007-01-20,TMAX,36
CA008501900,2006-05-16,TMAX,129
CA008501900,2008-02-12,TMIN,-150
CA008501900,2015-06-13,TMAX,87
CA008501900,2007-01-20,TMIN,-109
CA008501900,2007-07-19,TMIN,130
CA008501900,2015-12-01,TMIN,-144
CA008501900,2009-04-28,TMIN,-34
CA008501900,2012-02-26,TMIN,-141
CA008501900,2009-01-10,TMIN,-223
CA008501900,2013-11-12,TMIN,-86
CA008501900,2014-10-04,TMAX,214
CA008501900,2007-08-21,TMAX,150
CA008501900,2009-01-10,TMAX,-125
CA008501900,2005-04-27,TMIN,-43
CA008501900,2007-11-23,TMIN,-95
CA008501900,2011-01-04,TMIN,-29
CA008501900,2012-11-10,TMIN,-24
CA008501900,2009-08-18,TMIN,92
CA008501900,2009-12-31,TMAX,-189
CA008501900,2009-12-31,TMIN,-236
CA008501900,2015-02-08,TMIN,-342
CA008501900,2008-05-23,TMAX,51
CA008501900,2011-08-15,TMIN,107
CA008501900,2006-02-02,TMAX,-118
CA008501900,2008-06-22,TMIN,115
CA008501900,2010-05-23,TMIN,-17
CA008501900,2015-08-19,TMAX,247
CA008501900,2014-05-15,TMIN,61
CA008501900,2010-12-13,TMIN,-137
CA008501900,2012-11-13,TMIN,10
CA008501900,2005-02-13,TMIN,-208
CA008501900,2006-02-02,TMIN,-275
CA008501900,2007-08-16,TMIN,131
CA008501900,2007-08-16,TMAX,214
CA008501900,2015-02-08,TMAX,-224
CA008501900,2014-03-28,TMAX,-43
CA008501900,2014-05-15,TMAX,210
CA008501900,2009-07-31,TMAX,294
CA008501900,2009-09-09,TMAX,129
CA008501900,2014-03-21,TMAX,-31
CA008501900,2015-08-30,TMIN,71
CA008501900,2007-07-28,TMAX,270
CA008501900,2008-02-19,TMAX,2
CA008501900,2015-10-01,TMAX,75
CA008501900,2005-04-12,TMAX,16
CA008501900,2015-10-01,TMIN,34
CA008501900,2006-06-16,TMAX,266
CA008501900,2008-03-18,TMIN,-269
CA008501900,2006-12-09,TMIN,-184
CA008501900,2009-07-31,TMIN,152
CA008501900,2011-08-15,TMAX,257
CA008501900,2011-01-24,TMAX,-84
CA008501900,2005-02-03,TMIN,-116
CA008501900,2006-03-06,TMAX,5
CA008501900,2015-08-26,TMAX,202
CA008501900,2006-11-05,TMAX,16
CA008501900,2008-01-16,TMAX,-118
CA008501900,2013-12-19,TMIN,-191
CA008501900,2010-06-07,TMIN,28
CA008501900,2010-06-07,TMAX,59
CA008501900,2012-07-29,TMIN,119
CA008501900,2006-05-14,TMIN,93
CA008501900,2006-05-14,TMAX,284
CA008501900,2014-11-23,TMAX,-84
CA008501900,2011-07-09,TMIN,83
CA008501900,2012-06-05,TMIN,44
CA008501900,2005-07-09,TMIN,123
CA008501900,2005-07-26,TMAX,243
CA008501900,2011-07-09,TMAX,211
CA008501900,2008-07-13,TMIN,88
CA008501900,2005-05-08,TMIN,5
CA008501900,2010-03-04,TMIN,-160
CA008501900,2009-06-10,TMIN,27
CA008501900,2011-03-20,TMAX,-24
CA008501900,2013-10-22,TMAX,66
CA008501900,2013-04-16,TMIN,-58
CA008501900,2013-04-16,TMAX,103
CA008501900,2014-01-06,TMIN,-208
CA008501900,2010-12-13,TMAX,65
CA008501900,2013-01-28,TMIN,-232
CA008501900,2006-10-29,TMIN,-2
CA008501900,2013-01-28,TMAX,-139
CA008501900,2013-01-07,TMAX,-156
CA008501900,2013-01-07,TMIN,-248
CA008501900,2013-10-22,TMIN,-10
CA008501900,2010-03-18,TMIN,-89
CA008501900,2014-11-23,TMIN,-149
CA008501900,2013-07-10,TMIN,83
CA008501900,2014-03-28,TMIN,-141
CA008501900,2015-05-10,TMIN,3
CA008501900,2008-06-22,TMAX,231
CA008501900,2008-07-13,TMAX,245
CA008501900,2015-04-05,TMIN,-174
CA008501900,2015-05-16,TMAX,168
CA008501900,2005-07-26,TMIN,81
CA008501900,2015-04-05,TMAX,-102
CA008501900,2012-07-29,TMAX,279
CA008501900,2006-03-06,TMIN,-57
CA008501900,2010-05-23,TMAX,48
CA008501900,2012-04-14,TMIN,-72
CA008501900,2015-11-09,TMIN,-75
CA008501900,2005-02-06,TMIN,-232
CA008501900,2014-01-04,TMIN,-249
CA008501900,2011-03-03,TMAX,-106
CA008501900,2013-09-21,TMAX,131
CA008501900,2011-04-10,TMIN,-75
CA008501900,2013-12-07,TMIN,-100
CA008501900,2008-09-12,TMIN,96
CA008501900,2010-07-29,TMIN,75
CA008501900,2007-01-22,TMIN,-228
CA008501900,2015-10-29,TMAX,12
CA008501900,2008-03-05,TMAX,-104
CA008501900,2013-12-03,TMAX,-58
CA008501900,2010-07-29,TMAX,260
CA008501900,2007-01-22,TMAX,-197
CA008501900,2011-07-15,TMIN,125
CA008501900,2009-02-21,TMIN,-54
CA008501900,2011-09-10,TMAX,113
CA008501900,2014-08-25,TMIN,71
CA008501900,2008-09-12,TMAX,148
CA008501900,2011-10-03,TMAX,136
CA008501900,2011-09-10,TMIN,-2
CA008501900,2012-02-20,TMIN,-163
CA008501900,2012-04-14,TMAX,53
CA008501900,2011-05-08,TMAX,140
CA008501900,2010-12-03,TMAX,34
CA008501900,2008-09-05,TMIN,79
CA008501900,2014-02-26,TMAX,-113
CA008501900,2006-08-09,TMAX,240
CA008501900,2011-10-03,TMIN,-1
CA008501900,2006-08-09,TMIN,82
CA008501900,2008-10-18,TMAX,15
CA008501900,2010-09-30,TMIN,42
CA008501900,2005-05-07,TMAX,203
CA008501900,2005-02-06,TMAX,-26
CA008501900,2008-01-16,TMIN,-230
CA008501900,2009-06-10,TMAX,137
CA008501900,2013-12-03,TMIN,-140
CA008501900,2015-10-21,TMAX,33
CA008501900,2011-06-05,TMAX,174
CA008501900,2014-01-04,TMAX,-174
CA008501900,2009-02-21,TMAX,-1
CA008501900,2010-05-07,TMAX,67
CA008501900,2006-08-14,TMAX,187
CA008501900,2006-12-09,TMAX,-80
CA008501900,2013-05-21,TMAX,102
CA008501900,2011-06-05,TMIN,61
CA008501900,2013-05-21,TMIN,39
CA008501900,2007-05-19,TMAX,93
CA008501900,2015-08-30,TMAX,216
CA008501900,2013-02-05,TMIN,-217
CA008501900,2012-11-13,TMAX,103
CA008501900,2010-02-21,TMIN,-7
CA008501900,2013-02-05,TMAX,-71
CA008501900,2011-07-29,TMAX,300
CA008501900,2010-03-18,TMAX,8
CA008501900,2011-02-27,TMIN,-248
CA008501900,2007-05-19,TMIN,-21
CA008501900,2008-07-23,TMIN,124
CA008501900,2015-07-25,TMAX,213
CA008501900,2008-11-27,TMAX,8
CA008501900,2010-07-05,TMIN,44
CA008501900,2015-10-21,TMIN,-3
CA008501900,2014-08-25,TMAX,142
CA008501900,2006-09-03,TMAX,263
CA008501900,2015-07-25,TMIN,42
CA008501900,2006-10-29,TMAX,41
CA008501900,2009-09-09,TMIN,31
CA008501900,2011-04-10,TMAX,102
CA008501900,2013-06-07,TMAX,113
CA008501900,2006-06-16,TMIN,51
CA008501900,2007-07-28,TMIN,173
CA008501900,2008-05-23,TMIN,2
CA008501900,2006-08-14,TMIN,100
CA008501900,2006-09-03,TMIN,121
CA008501900,2008-10-27,TMAX,127
CA008501900,2011-07-29,TMIN,132
CA008501900,2010-03-04,TMAX,-73
CA008501900,2015-08-25,TMAX,190
CA008501900,2009-06-03,TMIN,32
CA008501900,2014-12-10,TMIN,-225
CA008501900,2007-09-07,TMIN,113
CA008501900,2007-09-07,TMAX,189
CA008501900,2011-07-08,TMIN,87
CA008501900,2007-07-07,TMIN,102
CA008501900,2014-12-10,TMAX,-91
CA008501900,2007-12-08,TMIN,-134
CA008501900,2007-07-07,TMAX,161
CA008501900,2005-05-02,TMAX,113
CA008501900,2009-03-28,TMAX,21
CA008501900,2005-06-10,TMAX,175
CA008501900,2011-07-08,TMAX,233
CA008501900,2008-09-30,TMAX,62
CA008501900,2012-04-26,TMIN,28
CA008501900,2011-01-17,TMIN,-199
CA008501900,2012-05-02,TMAX,78
CA008501900,2014-05-31,TMIN,33
CA008501900,2005-01-23,TMIN,-322
CA008501900,2011-04-09,TMIN,-134
CA008501900,2010-08-13,TMIN,98
CA008501900,2015-08-15,TMAX,242
CA008501900,2012-11-01,TMAX,72
CA008501900,2015-01-09,TMAX,-188
CA008501900,2014-03-06,TMAX,-97
CA008501900,2006-04-05,TMIN,-22
CA008501900,2012-10-25,TMAX,37
CA008501900,2012-10-25,TMIN,-44
CA008501900,2008-11-10,TMIN,4
CA008501900,2007-12-08,TMAX,-42
CA008501900,2012-11-03,TMIN,61
CA008501900,2013-05-23,TMAX,139
CA008501900,2012-11-03,TMAX,110
CA008501900,2005-12-18,TMIN,-134
CA008501900,2008-07-09,TMAX,242
CA008501900,2005-05-14,TMIN,4
CA008501900,2012-11-08,TMAX,-38
CA008501900,2008-05-22,TMIN,25
CA008501900,2012-04-26,TMAX,110
CA008501900,2008-07-09,TMIN,113
CA008501900,2006-05-03,TMIN,0
CA008501900,2005-02-07,TMAX,34
CA008501900,2011-04-27,TMIN,-93
CA008501900,2006-03-30,TMIN,-69
CA008501900,2008-12-27,TMIN,-321
CA008501900,2006-09-19,TMAX,91
CA008501900,2007-06-25,TMIN,97
CA008501900,2010-06-12,TMAX,158
CA008501900,2014-01-13,TMIN,-75
CA008501900,2014-10-24,TMIN,-12
CA008501900,2010-07-06,TMAX,153
CA008501900,2013-11-27,TMAX,29
CA008501900,2009-07-29,TMAX,212
CA008501900,2015-03-05,TMAX,-109
CA008501900,2015-07-17,TMAX,164
CA008501900,2008-05-22,TMAX,56
CA008501900,2011-04-27,TMAX,26
CA008501900,2009-07-29,TMIN,140
CA008501900,2008-11-13,TMIN,-111
CA008501900,2011-01-24,TMIN,-190
CA008501900,2006-09-19,TMIN,-26
CA008501900,2015-07-31,TMIN,141
CA008501900,2011-06-12,TMIN,44
CA008501900,2005-06-12,TMAX,170
CA008501900,2014-05-31,TMAX,186
CA008501900,2015-06-07,TMIN,46
CA008501900,2009-08-18,TMAX,137
CA008501900,2015-07-31,TMAX,223
CA008501900,2011-04-09,TMAX,28
CA008501900,2010-08-17,TMIN,172
CA008501900,2012-11-01,TMIN,43
CA008501900,2015-10-08,TMAX,93
CA008501900,2008-07-23,TMAX,277
CA008501900,2010-01-04,TMIN,8
CA008501900,2012-05-02,TMIN,-55
CA008501900,2006-04-05,TMAX,29
CA008501900,2005-04-01,TMIN,-131
CA008501900,2006-03-30,TMAX,63
CA008501900,2006-01-22,TMAX,-146
CA008501900,2006-07-26,TMAX,246
CA008501900,2011-01-17,TMAX,-111
CA008501900,2014-03-06,TMIN,-181
CA008501900,2013-07-20,TMAX,230
CA008501900,2014-03-21,TMIN,-123
CA008501900,2014-01-08,TMIN,-232
CA008501900,2015-06-24,TMIN,92
CA008501900,2015-12-10,TMAX,12
CA008501900,2008-02-25,TMAX,-108
CA008501900,2008-01-28,TMIN,-225
CA008501900,2014-10-07,TMAX,177
CA008501900,2008-03-01,TMIN,-284
CA008501900,2015-12-10,TMIN,-72
CA008501900,2008-05-09,TMIN,3
CA008501900,2009-02-12,TMIN,-162
CA008501900,2014-12-18,TMIN,-141
CA008501900,2013-07-10,TMAX,283
CA008501900,2015-08-28,TMAX,222
CA008501900,2009-05-19,TMIN,11
CA008501900,2007-03-05,TMAX,-25
CA008501900,2006-04-22,TMAX,165
CA008501900,2014-10-07,TMIN,51
CA008501900,2009-05-20,TMAX,78
CA008501900,2015-08-25,TMIN,141
CA008501900,2012-07-08,TMAX,204
CA008501900,2007-11-16,TMIN,16
CA008501900,2012-07-08,TMIN,157
CA008501900,2013-12-19,TMAX,-138
CA008501900,2015-08-26,TMIN,140
CA008501900,2008-01-28,TMAX,-110
CA008501900,2006-11-08,TMAX,19
CA008501900,2011-03-20,TMIN,-157
CA008501900,2005-09-04,TMAX,116
CA008501900,2006-01-22,TMIN,-244
CA008501900,2010-01-26,TMAX,46
CA008501900,2015-11-20,TMIN,15
CA008501900,2009-01-17,TMIN,-260
CA008501900,2007-01-31,TMAX,-198
CA008501900,2005-07-17,TMIN,74
CA008501900,2014-01-06,TMAX,-14
CA008501900,2014-12-18,TMAX,-105
CA008501900,2009-02-13,TMIN,-117
CA008501900,2008-11-06,TMIN,-82
CA008501900,2013-10-08,TMIN,36
CA008501900,2013-05-25,TMAX,115
CA008501900,2013-05-25,TMIN,12
CA008501900,2005-07-22,TMAX,231
CA008501900,2010-03-19,TMIN,-92
CA008501900,2014-08-07,TMAX,176
CA008501900,2005-12-02,TMIN,-60
CA008501900,2015-08-15,TMIN,149
CA008501900,2010-07-30,TMIN,73
CA008501900,2013-11-27,TMIN,-170
CA008501900,2013-09-02,TMAX,166
CA008501900,2012-11-08,TMIN,-54
CA008501900,2009-05-19,TMAX,148
CA008501900,2007-08-08,TMIN,83
CA008501900,2014-01-08,TMAX,-179
CA008501900,2006-07-26,TMIN,110
CA008501900,2014-08-07,TMIN,134
CA008501900,2015-05-16,TMIN,-28
CA008501900,2015-11-20,TMAX,47
CA008501900,2005-09-05,TMIN,62
CA008501900,2008-09-19,TMIN,13
CA008501900,2009-01-17,TMAX,-195
CA008501900,2006-02-10,TMIN,-251
CA008501900,2009-08-07,TMIN,133
CA008501900,2006-02-10,TMAX,-139
CA008501900,2006-04-22,TMIN,-21
CA008501900,2007-11-10,TMAX,-30
CA008501900,2009-08-07,TMAX,218
CA008501900,2013-10-08,TMAX,159
CA008501900,2008-11-06,TMAX,102
CA008501900,2008-01-13,TMAX,-90
CA008501900,2015-08-19,TMIN,92
CA008501900,2010-03-19,TMAX,1
CA008501900,2007-07-17,TMAX,238
CA008501900,2007-01-31,TMIN,-276
CA008501900,2007-07-19,TMAX,244
CA008501900,2008-09-30,TMIN,28
CA008501900,2010-07-30,TMAX,179
CA008501900,2008-01-13,TMIN,-170
CA008501900,2006-03-26,TMAX,55
CA008501900,2014-06-16,TMIN,75
CA008501900,2007-03-18,TMAX,72
CA008501900,2011-11-27,TMAX,-93
CA008501900,2011-07-10,TMAX,165
CA008501900,2006-05-29,TMIN,15
CA008501900,2015-09-29,TMIN,91
CA008501900,2009-06-14,TMAX,150
CA008501900,2008-08-09,TMAX,147
CA008501900,2015-11-24,TMIN,-103
CA008501900,2011-11-27,TMIN,-149
CA008501900,2006-01-15,TMIN,-66
CA008501900,2008-01-02,TMIN,-282
CA008501900,2015-09-11,TMAX,129
CA008501900,2005-05-08,TMAX,119
CA008501900,2006-05-29,TMAX,106
CA008501900,2009-07-14,TMAX,240
CA008501900,2013-08-26,TMIN,104
CA008501900,2009-12-17,TMIN,-79
CA008501900,2011-02-13,TMAX,-94
CA008501900,2005-05-02,TMIN,38
CA008501900,2014-12-25,TMIN,-83
CA008501900,2008-02-26,TMIN,-274
CA008501900,2011-07-19,TMIN,76
CA008501900,2014-10-02,TMAX,113
CA008501900,2014-10-02,TMIN,-26
CA008501900,2012-01-15,TMAX,-199
CA008501900,2015-01-22,TMAX,-190
CA008501900,2007-05-16,TMAX,33
CA008501900,2011-07-10,TMIN,80
CA008501900,2006-10-24,TMAX,48
CA008501900,2006-10-24,TMIN,17
CA008501900,2008-01-24,TMAX,-237
CA008501900,2011-03-24,TMIN,-122
CA008501900,2014-02-04,TMAX,-136
CA008501900,2014-02-04,TMIN,-266
CA008501900,2007-05-16,TMIN,-54
CA008501900,2015-01-22,TMIN,-298
CA008501900,2014-04-20,TMIN,-72
CA008501900,2013-02-07,TMAX,-219
CA008501900,2009-02-16,TMIN,-204
CA008501900,2015-09-11,TMIN,69
CA008501900,2008-04-07,TMIN,-36
CA008501900,2005-01-22,TMIN,-321
CA008501900,2008-08-20,TMIN,72
CA008501900,2012-05-30,TMIN,-15
CA008501900,2015-09-29,TMAX,153
CA008501900,2015-06-16,TMIN,110
CA008501900,2013-08-25,TMAX,237
CA008501900,2012-07-11,TMIN,120
CA008501900,2008-05-05,TMAX,151
CA008501900,2015-01-10,TMAX,-177
CA008501900,2006-07-12,TMIN,76
CA008501900,2005-03-25,TMIN,-150
CA008501900,2008-01-29,TMIN,-202
CA008501900,2012-07-11,TMAX,213
CA008501900,2015-01-27,TMIN,-296
CA008501900,2007-09-26,TMAX,72
CA008501900,2009-05-27,TMAX,158
CA008501900,2006-07-12,TMAX,163
CA008501900,2011-10-12,TMIN,-16
CA008501900,2006-03-11,TMAX,0
CA008501900,2015-02-18,TMIN,-283
CA008501900,2013-07-15,TMAX,250
CA008501900,2009-05-01,TMAX,105
CA008501900,2008-04-07,TMAX,124
CA008501900,2009-05-01,TMIN,-1
CA008501900,2013-07-15,TMIN,104
CA008501900,2015-11-24,TMAX,-50
CA008501900,2009-06-14,TMIN,26
CA008501900,2015-07-09,TMIN,106
CA008501900,2012-05-30,TMAX,112
CA008501900,2007-02-12,TMAX,-51
CA008501900,2005-03-10,TMAX,22
CA008501900,2010-05-20,TMAX,192
CA008501900,2015-12-19,TMAX,-18
CA008501900,2011-12-08,TMIN,-170
CA008501900,2011-06-25,TMAX,248
CA008501900,2015-12-19,TMIN,-74
CA008501900,2005-07-03,TMAX,276
CA008501900,2015-11-26,TMAX,22
CA008501900,2011-06-25,TMIN,103
CA008501900,2008-02-26,TMAX,-129
CA008501900,2008-11-13,TMAX,-11
CA008501900,2005-11-12,TMAX,8
CA008501900,2013-12-01,TMAX,-80
CA008501900,2007-08-11,TMIN,109
CA008501900,2009-07-14,TMIN,137
CA008501900,2014-11-11,TMAX,-42
CA008501900,2008-02-15,TMIN,-177
CA008501900,2013-11-04,TMAX,-23
CA008501900,2008-02-15,TMAX,-111
CA008501900,2008-08-20,TMAX,112
CA008501900,2014-10-03,TMIN,12
CA008501900,2013-05-23,TMIN,49
CA008501900,2011-10-13,TMIN,36
CA008501900,2013-08-04,TMAX,197
CA008501900,2015-05-22,TMIN,-18
CA008501900,2008-01-14,TMIN,-152
CA008501900,2005-12-20,TMAX,-84
CA008501900,2013-12-01,TMIN,-142
CA008501900,2008-01-14,TMAX,-93
CA008501900,2015-02-16,TMIN,-216
CA008501900,2014-10-03,TMAX,191
CA008501900,2010-05-06,TMAX,74
CA008501900,2007-06-10,TMIN,114
CA008501900,2006-04-10,TMAX,41
CA008501900,2007-04-11,TMIN,-141
CA008501900,2007-04-11,TMAX,-3
CA008501900,2006-04-15,TMAX,33
CA008501900,2005-08-19,TMAX,152
CA008501900,2010-06-26,TMIN,66
CA008501900,2010-02-01,TMIN,-258
CA008501900,2005-11-12,TMIN,-38
CA008501900,2014-04-28,TMAX,54
CA008501900,2007-06-10,TMAX,252
CA008501900,2007-09-26,TMIN,2
CA008501900,2011-08-03,TMIN,142
CA008501900,2006-05-02,TMIN,15
CA008501900,2009-07-07,TMAX,172
CA008501900,2012-08-14,TMAX,182
CA008501900,2012-10-01,TMIN,37
CA008501900,2010-03-13,TMIN,-133
CA008501900,2010-06-26,TMAX,154
CA008501900,2006-04-10,TMIN,-34
CA008501900,2006-11-22,TMIN,-91
CA008501900,2011-10-13,TMAX,109
CA008501900,2009-05-17,TMIN,-20
CA008501900,2006-07-03,TMIN,91
CA008501900,2009-08-08,TMAX,198
CA008501900,2007-08-11,TMAX,178
CA008501900,2005-01-22,TMAX,-248
CA008501900,2009-08-08,TMIN,119
CA008501900,2008-08-09,TMIN,85
CA008501900,2007-09-08,TMAX,238
CA008501900,2011-10-12,TMAX,85
CA008501900,2007-09-08,TMIN,92
CA008501900,2010-03-13,TMAX,43
CA008501900,2013-02-07,TMIN,-308
CA008501900,2010-09-16,TMAX,157
CA008501900,2006-07-03,TMAX,148
CA008501900,2009-02-28,TMIN,-274
CA008501900,2009-09-07,TMIN,65
CA008501900,2011-12-08,TMAX,-16
CA008501900,2013-08-25,TMIN,112
CA008501900,2009-11-23,TMAX,33
CA008501900,2008-06-11,TMIN,99
CA008501900,2010-05-20,TMIN,-9
CA008501900,2012-03-24,TMIN,-167
CA008501900,2009-02-28,TMAX,10
CA008501900,2005-07-03,TMIN,134
CA008501900,2012-03-24,TMAX,-95
CA008501900,2011-07-19,TMAX,211
CA008501900,2011-02-16,TMAX,-78
CA008501900,2015-10-26,TMIN,-48
CA008501900,2015-10-26,TMAX,13
CA008501900,2015-11-10,TMIN,-122
CA008501900,2006-04-15,TMIN,5
CA008501900,2013-08-04,TMIN,141
CA008501900,2009-09-07,TMAX,165
CA008501900,2006-11-22,TMAX,-27
CA008501900,2015-11-10,TMAX,8
CA008501900,2005-03-02,TMIN,-122
CA008501900,2006-04-20,TMAX,26
CA008501900,2010-12-26,TMIN,-114
CA008501900,2008-10-05,TMIN,29
CA008501900,2013-08-12,TMAX,165
CA008501900,2013-08-12,TMIN,108
CA008501900,2010-06-14,TMAX,175
CA008501900,2010-01-20,TMAX,-92
CA008501900,2011-03-16,TMAX,13
CA008501900,2013-11-15,TMAX,26
CA008501900,2011-03-16,TMIN,-85
CA008501900,2007-06-24,TMIN,97
CA008501900,2006-09-29,TMAX,172
CA008501900,2006-09-29,TMIN,84
CA008501900,2013-11-06,TMAX,19
CA008501900,2007-04-23,TMIN,8
CA008501900,2014-06-21,TMAX,82
CA008501900,2008-10-05,TMAX,103
CA008501900,2005-11-11,TMAX,27
CA008501900,2013-11-06,TMIN,-22
CA008501900,2005-06-05,TMAX,123
CA008501900,2013-11-15,TMIN,-75
CA008501900,2005-12-16,TMAX,-33
CA008501900,2009-09-04,TMIN,30
CA008501900,2007-08-22,TMAX,219
CA008501900,2014-10-12,TMAX,42
CA008501900,2009-01-25,TMAX,-202
CA008501900,2015-12-26,TMIN,-144
CA008501900,2006-02-25,TMAX,-95
CA008501900,2014-07-12,TMAX,227
CA008501900,2006-08-28,TMIN,60
CA008501900,2006-10-16,TMIN,0
CA008501900,2014-02-26,TMIN,-211
CA008501900,2013-12-15,TMAX,-185
CA008501900,2009-07-25,TMAX,238
CA008501900,2011-12-11,TMIN,-212
CA008501900,2010-01-20,TMIN,-219
CA008501900,2007-11-14,TMIN,-98
CA008501900,2010-08-10,TMAX,176
CA008501900,2007-06-14,TMIN,96
CA008501900,2008-10-24,TMAX,85
CA008501900,2006-08-28,TMAX,227
CA008501900,2013-07-21,TMIN,105
CA008501900,2015-06-27,TMIN,78
CA008501900,2007-11-14,TMAX,12
CA008501900,2013-09-28,TMIN,108
CA008501900,2005-09-10,TMIN,27
CA008501900,2015-02-18,TMAX,-126
CA008501900,2015-02-24,TMIN,-283
CA008501900,2010-05-09,TMAX,52
CA008501900,2013-02-15,TMIN,-139
CA008501900,2005-07-05,TMAX,230
CA008501900,2009-01-25,TMIN,-262
CA008501900,2012-04-18,TMAX,-16
CA008501900,2014-07-10,TMIN,103
CA008501900,2006-10-27,TMIN,7
CA008501900,2005-09-10,TMAX,120
CA008501900,2014-07-10,TMAX,268
CA008501900,2010-04-08,TMIN,5
CA008501900,2010-05-09,TMIN,18
CA008501900,2008-12-09,TMAX,-118
CA008501900,2015-03-25,TMAX,-16
CA008501900,2005-11-11,TMIN,-27
CA008501900,2010-01-02,TMIN,-146
CA008501900,2013-10-21,TMAX,67
CA008501900,2015-02-24,TMAX,-156
CA008501900,2009-07-25,TMIN,82
CA008501900,2005-03-24,TMAX,8
CA008501900,2010-11-03,TMAX,15
CA008501900,2008-11-18,TMAX,-26
CA008501900,2013-10-13,TMIN,-27
CA008501900,2010-11-03,TMIN,-13
CA008501900,2008-05-18,TMAX,62
CA008501900,2015-06-25,TMIN,72
CA008501900,2015-03-25,TMIN,-168
CA008501900,2012-08-01,TMIN,191
CA008501900,2008-10-27,TMIN,82
CA008501900,2013-10-21,TMIN,-3
CA008501900,2015-06-25,TMAX,144
CA008501900,2007-06-29,TMIN,107
CA008501900,2011-01-14,TMAX,-46
CA008501900,2005-08-12,TMIN,95
CA008501900,2009-09-04,TMAX,140
CA008501900,2008-05-26,TMAX,153
CA008501900,2010-04-02,TMIN,47
CA008501900,2009-06-07,TMIN,61
CA008501900,2006-10-20,TMIN,-28
CA008501900,2013-03-17,TMAX,-79
CA008501900,2013-12-15,TMIN,-231
CA008501900,2013-03-17,TMIN,-180
CA008501900,2005-08-08,TMIN,122
CA008501900,2010-03-23,TMAX,-42
CA008501900,2015-07-09,TMAX,205
CA008501900,2005-09-22,TMIN,52
CA008501900,2007-12-22,TMAX,-54
CA008501900,2005-08-08,TMAX,197
CA008501900,2013-12-06,TMIN,-91
CA008501900,2005-07-05,TMIN,78
CA008501900,2009-08-30,TMAX,136
CA008501900,2007-08-25,TMAX,172
CA008501900,2010-10-30,TMIN,3
CA008501900,2009-04-10,TMAX,68
CA008501900,2013-12-29,TMIN,-272
CA008501900,2010-06-14,TMIN,15
CA008501900,2007-09-01,TMIN,73
CA008501900,2015-02-03,TMIN,-310
CA008501900,2007-02-12,TMIN,-137
CA008501900,2010-04-02,TMAX,147
CA008501900,2005-01-24,TMAX,-167
CA008501900,2007-12-31,TMIN,-286
CA008501900,2015-01-27,TMAX,-246
CA008501900,2009-02-16,TMAX,-102
CA008501900,2011-08-25,TMIN,151
CA008501900,2007-07-05,TMAX,250
CA008501900,2013-12-29,TMAX,-205
CA008501900,2009-04-10,TMIN,-17
CA008501900,2007-07-05,TMIN,87
CA008501900,2005-12-16,TMIN,-147
CA008501900,2007-09-01,TMAX,187
CA008501900,2010-10-30,TMAX,35
CA008501900,2009-05-27,TMIN,12
CA008501900,2015-10-13,TMAX,158
CA008501900,2014-04-28,TMIN,-38
CA008501900,2007-04-23,TMAX,95
CA008501900,2011-03-24,TMAX,-50
CA008501900,2014-11-25,TMIN,-31
CA008501900,2014-02-15,TMIN,-243
CA008501900,2005-03-02,TMAX,12
CA008501900,2010-12-07,TMAX,61
CA008501900,2009-03-01,TMIN,-299
CA008501900,2009-03-01,TMAX,-159
CA008501900,2009-04-03,TMAX,8
CA008501900,2014-02-15,TMAX,-136
CA008501900,2009-04-03,TMIN,-49
CA008501900,2008-07-02,TMIN,118
CA008501900,2008-12-09,TMIN,-159
CA008501900,2008-05-26,TMIN,40
CA008501900,2005-08-12,TMAX,182
CA008501900,2008-07-02,TMAX,257
CA008501900,2011-01-14,TMIN,-162
CA008501900,2006-10-16,TMAX,92
CA008501900,2015-11-21,TMIN,-13
CA008501900,2009-06-07,TMAX,113
CA008501900,2010-03-22,TMAX,18
CA008501900,2014-11-25,TMAX,91
CA008501900,2010-03-23,TMIN,-130
CA008501900,2010-06-30,TMAX,129
CA008501900,2010-06-30,TMIN,72
CA008501900,2010-02-01,TMAX,-181
CA008501900,2007-12-22,TMIN,-172
CA008501900,2015-05-08,TMAX,92
CA008501900,2007-08-25,TMIN,127
CA008501900,2015-05-08,TMIN,-16
CA008501900,2015-06-27,TMAX,239
CA008501900,2008-09-07,TMAX,162
CA008501900,2008-05-05,TMIN,9
CA008501900,2008-09-07,TMIN,88
CA008501900,2010-03-22,TMIN,-178
CA008501900,2011-08-03,TMAX,271
CA008501900,2010-12-07,TMIN,-6
CA008501900,2005-09-22,TMAX,98
CA008501900,2012-08-01,TMAX,324
CA008501900,2013-12-06,TMAX,1
CA008501900,2011-12-16,TMAX,22
CA008501900,2005-12-20,TMIN,-213
CA008501900,2009-03-26,TMAX,45
CA008501900,2009-06-03,TMAX,78
CA008501900,2013-12-22,TMIN,-260
CA008501900,2008-05-16,TMIN,38
CA008501900,2012-04-29,TMIN,-62
CA008501900,2013-07-25,TMAX,211
CA008501900,2013-11-05,TMAX,13
CA008501900,2006-04-08,TMIN,-3
CA008501900,2013-05-19,TMIN,-38
CA008501900,2010-09-10,TMAX,148
CA008501900,2008-05-01,TMAX,124
CA008501900,2005-11-25,TMAX,133
CA008501900,2007-05-21,TMIN,-38
CA008501900,2011-02-13,TMIN,-279
CA008501900,2009-07-03,TMAX,312
CA008501900,2015-10-19,TMIN,-49
CA008501900,2008-07-30,TMAX,221
CA008501900,2011-05-08,TMIN,37
CA008501900,2009-12-13,TMIN,-180
CA008501900,2014-10-06,TMAX,121
CA008501900,2012-04-05,TMAX,-4
CA008501900,2008-12-23,TMAX,-184
CA008501900,2008-05-01,TMIN,9
CA008501900,2006-04-08,TMAX,57
CA008501900,2010-05-01,TMIN,19
CA008501900,2008-12-07,TMIN,-156
CA008501900,2014-10-22,TMIN,-44
CA008501900,2008-10-22,TMAX,13
CA008501900,2013-05-19,TMAX,158
CA008501900,2012-07-16,TMAX,193
CA008501900,2010-09-10,TMIN,31
CA008501900,2012-03-20,TMIN,-131
CA008501900,2008-12-23,TMIN,-245
CA008501900,2014-10-06,TMIN,47
CA008501900,2012-10-28,TMAX,50
CA008501900,2012-05-10,TMIN,-2
CA008501900,2013-06-01,TMAX,65
CA008501900,2012-03-20,TMAX,12
CA008501900,2005-08-10,TMIN,131
CA008501900,2013-09-09,TMAX,122
CA008501900,2013-11-19,TMIN,4
CA008501900,2008-08-22,TMIN,174
CA008501900,2015-03-06,TMIN,-265
CA008501900,2007-10-30,TMAX,-23
CA008501900,2014-04-06,TMIN,-40
CA008501900,2013-03-09,TMIN,-121
CA008501900,2009-01-13,TMIN,-287
CA008501900,2013-08-18,TMIN,122
CA008501900,2011-01-04,TMAX,27
CA008501900,2013-05-26,TMAX,38
CA008501900,2008-05-11,TMAX,145
CA008501900,2007-01-02,TMIN,-140
CA008501900,2014-06-11,TMIN,33
CA008501900,2013-03-09,TMAX,46
CA008501900,2008-05-11,TMIN,-6
CA008501900,2005-01-08,TMAX,-117
CA008501900,2014-06-08,TMAX,127
CA008501900,2013-11-05,TMIN,-69
CA008501900,2010-09-04,TMAX,165
CA008501900,2008-08-22,TMAX,324
CA008501900,2005-07-09,TMAX,198
CA008501900,2009-07-03,TMIN,101
CA008501900,2011-03-10,TMIN,-246
CA008501900,2007-05-21,TMAX,-14
CA008501900,2005-11-25,TMIN,-33
CA008501900,2008-05-16,TMAX,138
CA008501900,2007-01-02,TMAX,-7
CA008501900,2015-10-13,TMIN,19
CA008501900,2010-11-22,TMAX,-37
CA008501900,2013-09-26,TMAX,114
CA008501900,2012-05-10,TMAX,40
CA008501900,2009-05-24,TMIN,-20
CA008501900,2008-07-30,TMIN,150
CA008501900,2005-08-10,TMAX,236
CA008501900,2010-09-04,TMIN,77
CA008501900,2013-09-26,TMIN,27
CA008501900,2007-04-04,TMAX,-27
CA008501900,2008-05-08,TMAX,96
CA008501900,2006-05-26,TMAX,158
CA008501900,2005-03-04,TMAX,-49
CA008501900,2012-10-28,TMIN,-7
CA008501900,2013-12-22,TMAX,-198
CA008501900,2012-04-05,TMIN,-51
CA008501900,2006-08-21,TMIN,100
CA008501900,2013-06-10,TMIN,75
CA008501900,2013-06-10,TMAX,164
CA008501900,2010-01-26,TMIN,-34
CA008501900,2010-06-19,TMAX,188
CA008501900,2015-08-18,TMAX,225
CA008501900,2015-01-24,TMAX,-194
CA008501900,2015-08-22,TMAX,250
CA008501900,2012-01-21,TMAX,-151
CA008501900,2010-06-19,TMIN,17
CA008501900,2013-01-15,TMAX,-89
CA008501900,2011-06-16,TMIN,69
CA008501900,2014-03-13,TMAX,-162
CA008501900,2007-08-21,TMIN,75
CA008501900,2014-03-13,TMIN,-219
CA008501900,2011-11-14,TMAX,51
CA008501900,2007-06-24,TMAX,143
CA008501900,2010-06-06,TMIN,35
CA008501900,2006-08-21,TMAX,271
CA008501900,2014-06-16,TMAX,169
CA008501900,2005-10-28,TMAX,84
CA008501900,2013-07-31,TMAX,227
CA008501900,2005-06-08,TMAX,123
CA008501900,2015-08-18,TMIN,120
CA008501900,2005-10-28,TMIN,1
CA008501900,2010-05-01,TMAX,115
CA008501900,2006-03-26,TMIN,-65
CA008501900,2015-08-20,TMAX,211
CA008501900,2014-04-16,TMIN,-115
CA008501900,2010-07-15,TMAX,220
CA008501900,2010-10-09,TMAX,80
CA008501900,2013-11-19,TMAX,98
CA008501900,2015-09-25,TMAX,76
CA008501900,2011-10-06,TMIN,-6
CA008501900,2005-06-08,TMIN,26
CA008501900,2014-10-15,TMIN,49
CA008501900,2005-06-14,TMIN,31
CA008501900,2013-10-26,TMIN,-22
CA008501900,2005-06-14,TMAX,133
CA008501900,2006-03-08,TMIN,-210
CA008501900,2005-01-27,TMIN,-286
CA008501900,2005-03-25,TMAX,5
CA008501900,2014-11-06,TMAX,37
CA008501900,2005-01-30,TMIN,-295
CA008501900,2014-04-20,TMAX,35
CA008501900,2007-09-27,TMIN,29
CA008501900,2012-07-16,TMIN,110
CA008501900,2010-05-21,TMAX,61
CA008501900,2015-10-19,TMAX,-10
CA008501900,2010-09-25,TMIN,16
CA008501900,2015-03-06,TMAX,-163
CA008501900,2007-07-02,TMAX,156
CA008501900,2013-01-15,TMIN,-188
CA008501900,2013-06-01,TMIN,-4
CA008501900,2006-05-26,TMIN,62
CA008501900,2007-07-02,TMIN,65
CA008501900,2005-05-12,TMAX,122
CA008501900,2013-05-04,TMIN,1
CA008501900,2005-01-27,TMAX,-235
CA008501900,2007-04-04,TMIN,-175
CA008501900,2006-02-26,TMIN,-183
CA008501900,2012-01-21,TMIN,-240
CA008501900,2007-11-03,TMAX,60
CA008501900,2014-11-06,TMIN,-30
CA008501900,2005-07-15,TMAX,143
CA008501900,2013-02-10,TMIN,-263
CA008501900,2005-01-30,TMAX,-115
CA008501900,2005-04-01,TMAX,96
CA008501900,2013-02-10,TMAX,-106
CA008501900,2013-05-04,TMAX,27
CA008501900,2006-02-26,TMAX,-129
CA008501900,2011-08-22,TMIN,166
CA008501900,2011-06-16,TMAX,180
CA008501900,2015-08-22,TMIN,149
CA008501900,2006-09-17,TMAX,110
CA008501900,2011-08-22,TMAX,259
CA008501900,2006-03-08,TMAX,-35
CA008501900,2015-09-25,TMIN,11
CA008501900,2015-02-16,TMAX,-128
CA008501900,2014-06-08,TMIN,24
CA008501900,2014-06-11,TMAX,92
CA008501900,2010-03-30,TMAX,11
CA008501900,2012-07-06,TMIN,174
CA008501900,2006-03-11,TMIN,-29
CA008501900,2015-02-03,TMAX,-233
CA008501900,2008-05-15,TMAX,243
CA008501900,2008-04-15,TMAX,33
CA008501900,2008-05-15,TMIN,92
CA008501900,2010-06-06,TMAX,136
CA008501900,2011-10-06,TMAX,42
CA008501900,2009-10-25,TMAX,12
CA008501900,2013-07-25,TMIN,85
CA008501900,2007-03-16,TMIN,-211
CA008501900,2009-08-06,TMAX,225
CA008501900,2009-08-06,TMIN,122
CA008501900,2013-08-13,TMIN,72
CA008501900,2013-08-13,TMAX,194
CA008501900,2005-07-08,TMAX,293
CA008501900,2006-07-30,TMAX,167
CA008501900,2009-01-28,TMAX,-141
CA008501900,2009-05-24,TMAX,81
CA008501900,2006-11-02,TMIN,-14
CA008501900,2005-06-21,TMAX,267
CA008501900,2011-04-01,TMAX,38
CA008501900,2006-04-13,TMIN,29
CA008501900,2013-02-04,TMAX,-13
CA008501900,2014-07-12,TMIN,112
CA008501900,2006-01-15,TMAX,-19
CA008501900,2014-03-03,TMIN,-300
CA008501900,2006-11-02,TMAX,69
CA008501900,2006-10-08,TMIN,9
CA008501900,2012-05-23,TMAX,142
CA008501900,2011-02-16,TMIN,-185
CA008501900,2010-03-30,TMIN,-74
CA008501900,2013-02-04,TMIN,-289
CA008501900,2012-07-06,TMAX,270
CA008501900,2014-12-25,TMAX,53
CA008501900,2009-03-14,TMAX,-74
CA008501900,2006-02-08,TMAX,-39
CA008501900,2012-02-07,TMIN,-237
CA008501900,2013-12-10,TMAX,-119
CA008501900,2008-02-25,TMIN,-240
CA008501900,2010-05-06,TMIN,-7
CA008501900,2007-12-29,TMIN,-251
CA008501900,2013-08-01,TMIN,147
CA008501900,2011-01-22,TMIN,-124
CA008501900,2012-08-14,TMIN,134
CA008501900,2010-06-28,TMIN,57
CA008501900,2009-08-01,TMAX,170
CA008501900,2013-12-08,TMIN,-177
CA008501900,2008-01-29,TMAX,-88
CA008501900,2006-07-30,TMIN,96
CA008501900,2009-03-26,TMIN,-68
CA008501900,2015-05-22,TMAX,118
CA008501900,2013-08-01,TMAX,249
CA008501900,2005-06-05,TMIN,29
CA008501900,2009-11-23,TMIN,-104
CA008501900,2013-12-08,TMAX,-94
CA008501900,2009-08-01,TMIN,121
CA008501900,2007-08-22,TMIN,56
CA008501900,2012-02-07,TMAX,-111
CA008501900,2013-12-10,TMIN,-229
CA008501900,2014-11-11,TMIN,-83
CA008501900,2006-02-08,TMIN,-148
CA008501900,2013-06-28,TMIN,103
CA008501900,2009-10-25,TMIN,-18
CA008501900,2005-06-22,TMIN,75
CA008501900,2005-06-22,TMAX,175
CA008501900,2006-10-08,TMAX,72
CA008501900,2006-02-07,TMAX,8
CA008501900,2015-06-17,TMAX,176
CA008501900,2015-06-17,TMIN,83
CA008501900,2006-02-07,TMIN,-55
CA008501900,2007-02-05,TMIN,-253
CA008501900,2007-02-05,TMAX,-214
CA008501900,2012-10-21,TMIN,66
CA008501900,2012-10-21,TMAX,115
CA008501900,2005-07-08,TMIN,129
CA008501900,2010-06-28,TMAX,152
CA008501900,2012-01-15,TMIN,-258
CA008501900,2013-07-13,TMIN,171
CA008501900,2009-01-31,TMAX,-143
CA008501900,2006-11-15,TMIN,11
CA008501900,2012-05-23,TMIN,1
CA008501900,2008-06-27,TMIN,83
CA008501900,2012-04-29,TMAX,9
CA008501900,2009-04-14,TMAX,-31
CA008501900,2008-06-27,TMAX,140
CA008501900,2012-12-22,TMAX,-9
CA008501900,2013-06-28,TMAX,296
CA008501900,2007-07-01,TMAX,122
CA008501900,2010-10-09,TMIN,22
CA008501900,2012-12-22,TMIN,-183
CA008501900,2009-07-07,TMIN,28
CA008501900,2015-03-19,TMAX,-53
CA008501900,2012-03-23,TMAX,-29
CA008501900,2014-08-31,TMAX,202
CA008501900,2011-06-09,TMIN,44
CA008501900,2014-08-31,TMIN,85
CA008501900,2006-11-24,TMIN,-93
CA008501900,2006-11-15,TMAX,33
CA008501900,2007-07-01,TMIN,59
CA008501900,2006-01-07,TMIN,-90
CA008501900,2011-02-24,TMAX,-27
CA008501900,2008-12-07,TMAX,-43
CA008501900,2008-08-30,TMIN,90
CA008501900,2005-12-12,TMIN,-91
CA008501900,2009-01-13,TMAX,-166
CA008501900,2005-08-19,TMIN,56
CA008501900,2008-05-08,TMIN,8
CA008501900,2014-04-06,TMAX,-14
CA008501900,2006-11-24,TMAX,28
CA008501900,2015-03-19,TMIN,-103
CA008501900,2008-08-30,TMAX,260
CA008501900,2009-01-29,TMIN,-275
CA008501900,2008-04-15,TMIN,-47
CA008501900,2009-04-14,TMIN,-58
CA008501900,2013-08-18,TMAX,249
CA008501900,2010-12-21,TMIN,-13
CA008501900,2009-05-17,TMAX,118
CA008501900,2007-09-27,TMAX,87
CA008501900,2007-03-16,TMAX,-118
CA008501900,2012-03-23,TMIN,-130
CA008501900,2015-05-24,TMIN,15
CA008501900,2006-07-15,TMIN,99
CA008501900,2015-12-15,TMAX,-49
CA008501900,2007-01-12,TMAX,-134
CA008501900,2006-05-02,TMAX,217
CA008501900,2007-09-18,TMIN,61
CA008501900,2011-03-10,TMAX,-49
CA008501900,2013-09-24,TMAX,61
CA008501900,2005-04-24,TMIN,-34
CA008501900,2009-03-14,TMIN,-184
CA008501900,2007-12-29,TMAX,-188
CA008501900,2006-07-15,TMAX,215
CA008501900,2014-04-24,TMAX,16
CA008501900,2014-04-24,TMIN,-35
CA008501900,2011-04-01,TMIN,-129
CA008501900,2013-07-13,TMAX,319
CA008501900,2005-06-30,TMIN,61
CA008501900,2013-09-24,TMIN,36
CA008501900,2005-07-10,TMAX,257
CA008501900,2013-09-09,TMIN,47
CA008501900,2006-04-13,TMAX,172
CA008501900,2009-11-17,TMIN,-73
CA008501900,2009-11-02,TMIN,-93
CA008501900,2009-11-17,TMAX,-11
CA008501900,2011-12-13,TMIN,-197
CA008501900,2007-02-25,TMIN,-68
CA008501900,2010-12-21,TMAX,9
CA008501900,2007-02-25,TMAX,-37
CA008501900,2009-11-02,TMAX,5
CA008501900,2013-10-26,TMAX,39
CA008501900,2014-03-03,TMAX,-157
CA008501900,2013-01-24,TMAX,-104
CA008501900,2005-07-10,TMIN,103
CA008501900,2011-07-28,TMIN,128
CA008501900,2013-01-24,TMIN,-225
CA008501900,2011-07-28,TMAX,248
CA008501900,2013-05-26,TMIN,1
CA008501900,2007-01-12,TMIN,-213
CA008501900,2009-01-29,TMAX,-183
CA008501900,2006-04-07,TMAX,43
CA008501900,2009-04-17,TMAX,-45
CA008501900,2007-02-16,TMAX,-19
CA008501900,2014-04-25,TMAX,28
CA008501900,2014-12-22,TMIN,-209
CA008501900,2013-06-12,TMIN,48
CA008501900,2005-09-15,TMIN,94
CA008501900,2005-02-18,TMIN,-165
CA008501900,2014-02-02,TMAX,-133
CA008501900,2005-02-18,TMAX,-48
CA008501900,2007-02-16,TMIN,-206
CA008501900,2009-10-02,TMIN,38
CA008501900,2014-10-17,TMAX,117
CA008501900,2013-05-31,TMIN,26
CA008501900,2007-04-20,TMAX,66
CA008501900,2012-08-16,TMIN,135
CA008501900,2008-04-04,TMAX,5
CA008501900,2014-10-17,TMIN,1
CA008501900,2005-05-30,TMAX,93
CA008501900,2008-01-19,TMIN,-214
CA008501900,2015-01-19,TMIN,-135
CA008501900,2009-06-22,TMIN,71
CA008501900,2011-01-06,TMAX,-16
CA008501900,2015-01-02,TMIN,-233
CA008501900,2011-01-06,TMIN,-86
CA008501900,2015-02-26,TMAX,-80
CA008501900,2008-04-04,TMIN,-63
CA008501900,2014-12-22,TMAX,-111
CA008501900,2007-04-20,TMIN,-35
CA008501900,2008-11-29,TMAX,16
CA008501900,2008-09-25,TMIN,-33
CA008501900,2013-11-07,TMIN,-12
CA008501900,2014-08-02,TMAX,271
CA008501900,2012-11-18,TMIN,-88
CA008501900,2010-04-14,TMAX,50
CA008501900,2008-03-31,TMIN,-198
CA008501900,2015-02-13,TMAX,-184
CA008501900,2005-04-10,TMIN,-109
CA008501900,2007-01-01,TMAX,-38
CA008501900,2009-07-21,TMAX,159
CA008501900,2008-05-25,TMAX,145
CA008501900,2014-07-19,TMIN,67
CA008501900,2011-02-14,TMAX,-161
CA008501900,2014-07-19,TMAX,263
CA008501900,2005-12-14,TMIN,-224
CA008501900,2010-04-14,TMIN,-87
CA008501900,2009-11-01,TMIN,-4
CA008501900,2012-06-26,TMIN,153
CA008501900,2010-12-16,TMIN,11
CA008501900,2006-05-05,TMAX,140
CA008501900,2008-09-29,TMIN,30
CA008501900,2012-06-26,TMAX,261
CA008501900,2010-12-06,TMAX,99
CA008501900,2007-10-12,TMIN,-45
CA008501900,2007-06-04,TMIN,-13
CA008501900,2008-08-11,TMIN,142
CA008501900,2007-04-29,TMAX,55
CA008501900,2015-11-22,TMIN,-42
CA008501900,2007-06-12,TMAX,167
CA008501900,2013-11-07,TMAX,7
CA008501900,2007-11-11,TMIN,-66
CA008501900,2012-11-18,TMAX,-34
CA008501900,2014-08-02,TMIN,153
CA008501900,2006-12-12,TMIN,-126
CA008501900,2005-05-30,TMIN,11
CA008501900,2012-10-20,TMAX,77
CA008501900,2012-10-20,TMIN,11
CA008501900,2008-09-29,TMAX,72
CA008501900,2012-04-21,TMIN,-55
CA008501900,2012-03-12,TMIN,-165
CA008501900,2011-02-02,TMIN,-246
CA008501900,2015-01-02,TMAX,-132
CA008501900,2005-01-28,TMIN,-323
CA008501900,2013-06-02,TMIN,-3
CA008501900,2008-01-26,TMAX,-223
CA008501900,2007-12-07,TMIN,-184
CA008501900,2007-12-07,TMAX,-109
CA008501900,2011-01-08,TMAX,-69
CA008501900,2007-06-02,TMIN,-1
CA008501900,2011-01-01,TMIN,-24
CA008501900,2005-07-06,TMIN,70
CA008501900,2011-02-02,TMAX,-180
CA008501900,2007-11-20,TMIN,-125
CA008501900,2013-05-31,TMAX,169
CA008501900,2005-08-29,TMAX,133
CA008501900,2007-06-20,TMAX,280
CA008501900,2007-07-29,TMAX,247
CA008501900,2007-07-29,TMIN,120
CA008501900,2005-12-29,TMAX,-109
CA008501900,2006-07-22,TMIN,97
CA008501900,2005-08-29,TMIN,55
CA008501900,2005-06-25,TMAX,233
CA008501900,2007-05-29,TMAX,144
CA008501900,2012-01-02,TMAX,-75
CA008501900,2007-06-16,TMAX,342
CA008501900,2010-01-05,TMIN,5
CA008501900,2011-07-04,TMAX,184
CA008501900,2009-11-01,TMAX,96
CA008501900,2013-06-17,TMAX,171
CA008501900,2008-02-04,TMIN,-236
CA008501900,2008-01-19,TMAX,-34
CA008501900,2005-12-11,TMAX,-3
CA008501900,2009-10-02,TMAX,61
CA008501900,2015-02-26,TMIN,-231
CA008501900,2006-05-05,TMIN,64
CA008501900,2015-08-21,TMIN,172
CA008501900,2009-02-26,TMIN,-191
CA008501900,2013-05-13,TMIN,0
CA008501900,2015-08-21,TMAX,303
CA008501900,2013-05-13,TMAX,108
CA008501900,2010-07-02,TMAX,155
CA008501900,2010-07-02,TMIN,74
CA008501900,2008-11-29,TMIN,-2
CA008501900,2009-03-17,TMAX,-48
CA008501900,2013-03-22,TMAX,15
CA008501900,2009-12-08,TMAX,-93
CA008501900,2009-12-08,TMIN,-160
CA008501900,2006-01-24,TMIN,-289
CA008501900,2008-10-06,TMIN,29
CA008501900,2015-05-07,TMAX,44
CA008501900,2012-06-22,TMIN,103
CA008501900,2013-06-02,TMAX,66
CA008501900,2012-03-12,TMAX,-43
CA008501900,2008-01-04,TMAX,-126
CA008501900,2014-04-25,TMIN,-14
CA008501900,2013-06-05,TMIN,-2
CA008501900,2006-02-18,TMAX,-121
CA008501900,2009-06-22,TMAX,186
CA008501900,2013-06-17,TMIN,61
CA008501900,2015-06-23,TMIN,95
CA008501900,2005-08-30,TMAX,197
CA008501900,2008-07-29,TMAX,212
CA008501900,2013-10-05,TMAX,74
CA008501900,2005-01-16,TMAX,-191
CA008501900,2009-07-06,TMIN,33
CA008501900,2011-07-30,TMIN,136
CA008501900,2005-09-09,TMAX,116
CA008501900,2013-05-18,TMIN,-26
CA008501900,2007-03-11,TMIN,-109
CA008501900,2013-09-29,TMAX,268
CA008501900,2007-03-11,TMAX,23
CA008501900,2009-02-26,TMAX,-16
CA008501900,2012-12-31,TMAX,-23
CA008501900,2006-02-12,TMIN,-245
CA008501900,2011-10-26,TMIN,0
CA008501900,2011-11-25,TMAX,-7
CA008501900,2010-08-02,TMAX,294
CA008501900,2011-05-16,TMAX,107
CA008501900,2015-04-18,TMAX,-5
CA008501900,2005-05-17,TMAX,71
CA008501900,2008-10-07,TMIN,4
CA008501900,2009-03-17,TMIN,-231
CA008501900,2011-02-14,TMIN,-292
CA008501900,2015-11-06,TMAX,58
CA008501900,2009-10-19,TMIN,-60
CA008501900,2005-09-15,TMAX,214
CA008501900,2013-03-03,TMIN,-26
CA008501900,2013-03-03,TMAX,13
CA008501900,2009-10-07,TMIN,38
CA008501900,2007-11-22,TMAX,-40
CA008501900,2008-06-15,TMAX,198
CA008501900,2005-07-06,TMAX,205
CA008501900,2010-01-21,TMAX,-86
CA008501900,2009-07-21,TMIN,107
CA008501900,2007-07-27,TMAX,348
CA008501900,2008-12-18,TMIN,-245
CA008501900,2010-12-20,TMAX,26
CA008501900,2015-08-31,TMAX,139
CA008501900,2011-03-15,TMIN,-217
CA008501900,2010-12-14,TMAX,84
CA008501900,2008-08-15,TMAX,161
CA008501900,2013-02-06,TMAX,-193
CA008501900,2013-02-06,TMIN,-289
CA008501900,2011-08-24,TMAX,222
CA008501900,2014-09-26,TMIN,10
CA008501900,2014-09-26,TMAX,110
CA008501900,2009-04-17,TMIN,-113
CA008501900,2011-07-30,TMAX,227
CA008501900,2005-08-30,TMIN,113
CA008501900,2008-06-18,TMAX,204
CA008501900,2010-07-12,TMIN,129
CA008501900,2011-04-03,TMAX,-13
CA008501900,2009-07-06,TMAX,121
CA008501900,2006-01-24,TMAX,-126
CA008501900,2011-04-03,TMIN,-118
CA008501900,2013-03-10,TMAX,82
CA008501900,2006-12-10,TMAX,-34
CA008501900,2012-08-05,TMAX,285
CA008501900,2013-03-10,TMIN,-128
CA008501900,2013-06-30,TMAX,193
CA008501900,2012-08-05,TMIN,82
CA008501900,2007-08-31,TMAX,213
CA008501900,2013-07-09,TMAX,216
CA008501900,2010-06-05,TMAX,196
CA008501900,2006-02-12,TMAX,-99
CA008501900,2010-05-24,TMIN,-26
CA008501900,2011-11-19,TMIN,-72
CA008501900,2010-05-24,TMAX,95
CA008501900,2012-07-03,TMIN,146
CA008501900,2014-11-04,TMAX,2
CA008501900,2007-03-08,TMAX,-133
CA008501900,2013-07-19,TMIN,73
CA008501900,2012-11-24,TMAX,18
CA008501900,2006-10-01,TMIN,-1
CA008501900,2015-09-15,TMAX,145
CA008501900,2011-11-09,TMIN,-13
CA008501900,2008-11-03,TMAX,19
CA008501900,2006-12-12,TMAX,-88
CA008501900,2011-11-09,TMAX,52
CA008501900,2015-11-03,TMAX,6
CA008501900,2005-01-29,TMIN,-309
CA008501900,2006-11-07,TMIN,-84
CA008501900,2006-11-07,TMAX,40
CA008501900,2015-11-03,TMIN,-41
CA008501900,2015-08-06,TMAX,129
CA008501900,2011-10-29,TMAX,28
CA008501900,2015-05-02,TMIN,-2
CA008501900,2013-03-22,TMIN,-59
CA008501900,2015-01-15,TMAX,-132
CA008501900,2013-09-29,TMIN,138
CA008501900,2012-11-24,TMIN,-16
CA008501900,2013-05-18,TMAX,79
CA008501900,2008-09-25,TMAX,162
CA008501900,2011-01-27,TMIN,-199
CA008501900,2011-03-15,TMAX,-15
CA008501900,2007-04-29,TMIN,-20
CA008501900,2005-01-29,TMAX,-175
CA008501900,2012-07-03,TMAX,246
CA008501900,2013-10-05,TMIN,38
CA008501900,2014-11-04,TMIN,-33
CA008501900,2007-01-16,TMIN,-300
CA008501900,2015-09-15,TMIN,80
CA008501900,2011-11-19,TMAX,-23
CA008501900,2011-05-16,TMIN,-20
CA008501900,2008-08-25,TMIN,116
CA008501900,2009-10-19,TMAX,63
CA008501900,2006-09-24,TMIN,46
CA008501900,2015-11-04,TMIN,-51
CA008501900,2006-12-10,TMIN,-200
CA008501900,2008-04-05,TMIN,-114
CA008501900,2005-06-13,TMIN,44
CA008501900,2008-08-25,TMAX,234
CA008501900,2008-06-15,TMIN,80
CA008501900,2008-04-22,TMIN,-101
CA008501900,2010-06-05,TMIN,52
CA008501900,2005-10-16,TMAX,99
CA008501900,2008-04-22,TMAX,8
CA008501900,2012-02-09,TMIN,-187
CA008501900,2010-08-02,TMIN,118
CA008501900,2006-09-24,TMAX,129
CA008501900,2013-10-01,TMIN,79
CA008501900,2008-04-05,TMAX,62
CA008501900,2013-10-01,TMAX,183
CA008501900,2007-09-17,TMAX,198
CA008501900,2007-10-12,TMAX,70
CA008501900,2007-03-08,TMIN,-250
CA008501900,2015-03-04,TMIN,-251
CA008501900,2006-10-01,TMAX,131
CA008501900,2013-06-12,TMAX,209
CA008501900,2011-10-29,TMIN,-50
CA008501900,2015-03-04,TMAX,-117
CA008501900,2011-02-15,TMAX,-128
CA008501900,2007-06-12,TMIN,69
CA008501900,2015-01-14,TMIN,-284
CA008501900,2005-02-27,TMIN,-91
CA008501900,2006-03-23,TMAX,22
CA008501900,2012-02-13,TMIN,-230
CA008501900,2013-01-18,TMIN,-316
CA008501900,2012-02-15,TMIN,-159
CA008501900,2013-01-18,TMAX,-265
CA008501900,2011-01-03,TMAX,0
CA008501900,2014-11-24,TMIN,-130
CA008501900,2006-03-23,TMIN,-11
CA008501900,2006-12-15,TMAX,36
CA008501900,2011-04-25,TMIN,-47
CA008501900,2005-12-27,TMIN,-305
CA008501900,2008-10-19,TMIN,-40
CA008501900,2010-11-11,TMAX,47
CA008501900,2007-04-08,TMAX,3
CA008501900,2011-04-25,TMAX,131
CA008501900,2007-12-02,TMIN,-29
CA008501900,2014-11-24,TMAX,23
CA008501900,2012-11-09,TMAX,6
CA008501900,2006-04-27,TMIN,-34
CA008501900,2012-12-30,TMAX,-36
CA008501900,2015-07-13,TMAX,165
CA008501900,2012-11-09,TMIN,-42
CA008501900,2014-07-25,TMAX,239
CA008501900,2006-04-27,TMAX,32
CA008501900,2005-10-02,TMAX,132
CA008501900,2012-12-30,TMIN,-66
CA008501900,2012-02-15,TMAX,-28
CA008501900,2007-04-08,TMIN,-14
CA008501900,2009-05-23,TMIN,-14
CA008501900,2006-04-12,TMAX,108
CA008501900,2009-05-07,TMIN,-18
CA008501900,2010-04-05,TMAX,107
CA008501900,2015-03-11,TMIN,-249
CA008501900,2005-05-01,TMIN,17
CA008501900,2010-01-09,TMIN,-128
CA008501900,2015-01-12,TMIN,-309
CA008501900,2015-01-12,TMAX,-189
CA008501900,2015-12-31,TMAX,-128
CA008501900,2011-08-29,TMAX,138
CA008501900,2011-09-26,TMIN,61
CA008501900,2010-04-17,TMAX,116
CA008501900,2009-07-19,TMAX,127
CA008501900,2007-11-25,TMIN,-178
CA008501900,2005-08-25,TMIN,80
CA008501900,2011-07-27,TMIN,145
CA008501900,2009-08-27,TMAX,82
CA008501900,2011-09-17,TMAX,109
CA008501900,2011-09-17,TMIN,26
CA008501900,2012-05-25,TMIN,167
CA008501900,2010-04-17,TMIN,1
CA008501900,2007-12-23,TMAX,-33
CA008501900,2015-06-06,TMIN,52
CA008501900,2013-08-27,TMAX,185
CA008501900,2011-01-03,TMIN,-37
CA008501900,2015-01-15,TMIN,-226
CA008501900,2007-02-09,TMIN,-331
CA008501900,2006-12-15,TMIN,-16
CA008501900,2009-05-23,TMAX,64
CA008501900,2010-11-11,TMIN,-68
CA008501900,2011-09-26,TMAX,117
CA008501900,2006-11-28,TMIN,-107
CA008501900,2006-11-28,TMAX,-57
CA008501900,2014-10-13,TMIN,7
CA008501900,2010-09-28,TMAX,158
CA008501900,2008-06-07,TMIN,89
CA008501900,2009-02-25,TMAX,-38
CA008501900,2007-12-02,TMAX,1
CA008501900,2007-01-04,TMAX,13
CA008501900,2014-10-27,TMIN,10
CA008501900,2008-07-11,TMAX,159
CA008501900,2013-11-11,TMAX,-18
CA008501900,2008-07-11,TMIN,97
CA008501900,2013-11-11,TMIN,-82
CA008501900,2013-08-27,TMIN,76
CA008501900,2007-03-14,TMAX,13
CA008501900,2006-07-22,TMAX,181
CA008501900,2005-03-14,TMIN,-2
CA008501900,2009-12-29,TMAX,26
CA008501900,2006-02-17,TMIN,-243
CA008501900,2015-04-29,TMIN,8
CA008501900,2005-07-25,TMAX,112
CA008501900,2006-02-17,TMAX,-172
CA008501900,2011-05-20,TMAX,33
CA008501900,2015-04-29,TMAX,40
CA008501900,2005-04-04,TMAX,47
CA008501900,2006-03-21,TMIN,-21
CA008501900,2010-04-07,TMAX,124
CA008501900,2006-02-27,TMAX,-116
CA008501900,2011-01-31,TMAX,-207
CA008501900,2009-04-05,TMAX,-34
CA008501900,2005-10-05,TMAX,73
CA008501900,2012-03-30,TMAX,-25
CA008501900,2009-07-01,TMIN,106
CA008501900,2010-09-22,TMAX,108
CA008501900,2015-11-06,TMIN,-81
CA008501900,2010-09-22,TMIN,35
CA008501900,2007-02-27,TMAX,-91
CA008501900,2011-09-11,TMAX,160
CA008501900,2014-03-02,TMAX,-148
CA008501900,2009-09-12,TMIN,22
CA008501900,2012-03-30,TMIN,-91
CA008501900,2006-03-17,TMIN,-65
CA008501900,2011-07-27,TMAX,267
CA008501900,2005-10-04,TMAX,207
CA008501900,2013-01-13,TMAX,41
CA008501900,2015-02-20,TMIN,-208
CA008501900,2010-09-28,TMIN,83
CA008501900,2009-08-27,TMIN,41
CA008501900,2013-05-07,TMIN,-29
CA008501900,2009-12-18,TMAX,47
CA008501900,2013-01-13,TMIN,-101
CA008501900,2010-10-11,TMIN,26
CA008501900,2006-05-17,TMAX,120
CA008501900,2014-01-29,TMAX,-135
CA008501900,2006-03-17,TMAX,-29
CA008501900,2015-05-02,TMAX,80
CA008501900,2005-04-04,TMIN,7
CA008501900,2011-09-11,TMIN,41
CA008501900,2014-07-25,TMIN,77
CA008501900,2013-04-03,TMAX,-18
CA008501900,2013-04-03,TMIN,-109
CA008501900,2005-01-16,TMIN,-256
CA008501900,2007-09-19,TMIN,61
CA008501900,2012-08-10,TMAX,221
CA008501900,2007-09-19,TMAX,139
CA008501900,2008-07-26,TMAX,303
CA008501900,2007-02-27,TMIN,-146
CA008501900,2012-03-13,TMAX,-82
CA008501900,2010-04-05,TMIN,38
CA008501900,2009-07-19,TMIN,82
CA008501900,2012-03-02,TMIN,-254
CA008501900,2010-12-16,TMAX,65
CA008501900,2012-03-02,TMAX,-58
CA008501900,2009-08-26,TMAX,113
CA008501900,2014-07-11,TMAX,230
CA008501900,2011-06-20,TMAX,139
CA008501900,2013-08-11,TMAX,178
CA008501900,2009-11-28,TMIN,-4
CA008501900,2015-05-18,TMAX,176
CA008501900,2007-06-08,TMAX,130
CA008501900,2015-09-21,TMIN,43
CA008501900,2009-11-28,TMAX,8
CA008501900,2009-08-10,TMAX,193
CA008501900,2005-06-24,TMIN,124
CA008501900,2005-03-01,TMAX,-88
CA008501900,2005-03-01,TMIN,-219
CA008501900,2010-04-16,TMAX,16
CA008501900,2011-03-21,TMIN,-174
CA008501900,2006-04-18,TMIN,-13
CA008501900,2006-10-14,TMAX,125
CA008501900,2013-11-02,TMIN,-13
CA008501900,2007-01-03,TMIN,-157
CA008501900,2006-12-30,TMAX,-86
CA008501900,2015-06-12,TMIN,42
CA008501900,2008-01-26,TMIN,-334
CA008501900,2008-07-15,TMAX,275
CA008501900,2015-12-31,TMIN,-201
CA008501900,2006-08-05,TMIN,112
CA008501900,2006-04-11,TMIN,-79
CA008501900,2006-10-14,TMIN,28
CA008501900,2011-07-04,TMIN,108
CA008501900,2006-10-07,TMIN,71
CA008501900,2009-10-22,TMIN,-53
CA008501900,2015-02-07,TMIN,-363
CA008501900,2015-10-25,TMAX,66
CA008501900,2010-04-16,TMIN,-54
CA008501900,2010-01-09,TMAX,-51
CA008501900,2006-04-29,TMIN,-32
CA008501900,2006-04-29,TMAX,130
CA008501900,2011-09-25,TMAX,184
CA008501900,2008-12-10,TMAX,-120
CA008501900,2009-10-31,TMAX,96
CA008501900,2015-01-14,TMAX,-149
CA008501900,2012-04-21,TMAX,22
CA008501900,2009-10-22,TMAX,1
CA008501900,2012-12-07,TMAX,-71
CA008501900,2009-08-10,TMIN,98
CA008501900,2005-12-29,TMIN,-180
CA008501900,2010-10-12,TMIN,27
CA008501900,2012-12-07,TMIN,-153
CA008501900,2009-10-31,TMIN,14
CA008501900,2005-02-08,TMIN,-169
CA008501900,2008-02-11,TMAX,-45
CA008501900,2015-03-23,TMAX,13
CA008501900,2008-03-12,TMAX,-107
CA008501900,2009-02-15,TMIN,-121
CA008501900,2015-10-25,TMIN,9
CA008501900,2008-12-10,TMIN,-217
CA008501900,2005-06-25,TMIN,65
CA008501900,2011-09-25,TMIN,71
CA008501900,2011-01-08,TMIN,-158
CA008501900,2008-07-29,TMIN,176
CA008501900,2007-01-03,TMAX,-91
CA008501900,2007-11-10,TMIN,-88
CA008501900,2010-04-28,TMIN,1
CA008501900,2014-02-21,TMAX,-65
CA008501900,2011-09-12,TMIN,37
CA008501900,2006-04-30,TMAX,83
CA008501900,2008-05-19,TMAX,110
CA008501900,2010-11-16,TMAX,66
CA008501900,2013-11-02,TMAX,89
CA008501900,2009-08-26,TMIN,33
CA008501900,2015-10-07,TMAX,108
CA008501900,2013-04-22,TMIN,-100
CA008501900,2013-06-30,TMIN,118
CA008501900,2011-01-29,TMAX,-128
CA008501900,2012-12-01,TMAX,-70
CA008501900,2013-11-30,TMAX,-86
CA008501900,2005-05-01,TMAX,117
CA008501900,2012-11-20,TMAX,-20
CA008501900,2013-04-22,TMAX,59
CA008501900,2005-02-08,TMAX,-102
CA008501900,2007-12-23,TMIN,-97
CA008501900,2015-03-11,TMAX,-121
CA008501900,2012-11-20,TMIN,-139
CA008501900,2015-10-07,TMIN,56
CA008501900,2008-03-31,TMAX,-33
CA008501900,2005-10-02,TMIN,34
CA008501900,2008-07-15,TMIN,162
CA008501900,2014-10-11,TMIN,1
CA008501900,2006-04-30,TMIN,2
CA008501900,2015-08-11,TMAX,285
CA008501900,2009-04-05,TMIN,-91
CA008501900,2010-11-16,TMIN,-29
CA008501900,2009-09-12,TMAX,110
CA008501900,2007-06-08,TMIN,47
CA008501900,2006-08-05,TMAX,192
CA008501900,2015-12-07,TMAX,-17
CA008501900,2010-07-31,TMIN,94
CA008501900,2013-11-21,TMAX,-31
CA008501900,2011-01-29,TMIN,-233
CA008501900,2006-10-07,TMAX,122
CA008501900,2012-03-13,TMIN,-210
CA008501900,2006-12-30,TMIN,-159
CA008501900,2006-09-07,TMIN,42
CA008501900,2013-11-21,TMIN,-118
CA008501900,2011-04-17,TMIN,-108
CA008501900,2005-08-25,TMAX,273
CA008501900,2012-02-13,TMAX,-157
CA008501900,2010-01-05,TMAX,22
CA008501900,2015-08-11,TMIN,93
CA008501900,2013-08-11,TMIN,117
CA008501900,2007-04-19,TMIN,-59
CA008501900,2013-11-30,TMIN,-156
CA008501900,2010-12-25,TMAX,-20
CA008501900,2006-04-11,TMAX,6
CA008501900,2011-12-21,TMAX,-102
CA008501900,2009-04-30,TMAX,57
CA008501900,2012-12-01,TMIN,-126
CA008501900,2011-09-12,TMAX,165
CA008501900,2010-07-31,TMAX,217
CA008501900,2011-06-20,TMIN,64
CA008501900,2015-12-07,TMIN,-64
CA008501900,2008-10-06,TMAX,60
CA008501900,2009-04-30,TMIN,-57
CA008501900,2011-01-27,TMAX,-127
CA008501900,2011-12-21,TMIN,-223
CA008501900,2010-12-01,TMAX,-38
CA008501900,2007-11-08,TMIN,-81
CA008501900,2007-08-31,TMIN,45
CA008501900,2014-10-13,TMAX,106
CA008501900,2006-09-18,TMIN,-5
CA008501900,2012-07-23,TMAX,284
CA008501900,2012-06-08,TMAX,141
CA008501900,2007-08-12,TMIN,114
CA008501900,2008-11-02,TMAX,-6
CA008501900,2007-11-22,TMIN,-93
CA008501900,2007-08-12,TMAX,155
CA008501900,2005-05-03,TMAX,138
CA008501900,2006-03-10,TMAX,13
CA008501900,2008-11-02,TMIN,-72
CA008501900,2005-08-03,TMIN,99
CA008501900,2010-10-14,TMIN,13
CA008501900,2012-06-08,TMIN,43
CA008501900,2015-09-27,TMAX,170
CA008501900,2005-04-06,TMAX,78
CA008501900,2008-06-16,TMIN,70
CA008501900,2005-03-22,TMAX,-42
CA008501900,2008-06-16,TMAX,192
CA008501900,2010-01-17,TMAX,-177
CA008501900,2013-12-27,TMAX,-118
CA008501900,2009-03-03,TMAX,-107
CA008501900,2009-09-20,TMIN,18
CA008501900,2011-10-04,TMAX,75
CA008501900,2012-08-10,TMIN,106
CA008501900,2009-07-09,TMIN,47
CA008501900,2013-06-09,TMAX,212
CA008501900,2013-06-09,TMIN,34
CA008501900,2009-07-09,TMAX,244
CA008501900,2013-06-04,TMAX,162
CA008501900,2007-11-01,TMAX,96
CA008501900,2015-01-29,TMIN,-254
CA008501900,2005-12-23,TMIN,-260
CA008501900,2008-02-03,TMAX,-116
CA008501900,2006-07-28,TMAX,191
CA008501900,2005-04-26,TMIN,-30
CA008501900,2009-10-21,TMIN,1
CA008501900,2009-10-21,TMAX,35
CA008501900,2005-04-11,TMAX,-2
CA008501900,2005-08-20,TMAX,207
CA008501900,2013-05-12,TMAX,29
CA008501900,2013-02-21,TMAX,-72
CA008501900,2013-02-21,TMIN,-119
CA008501900,2011-01-01,TMAX,6
CA008501900,2013-10-19,TMIN,43
CA008501900,2014-06-24,TMAX,260
CA008501900,2013-10-19,TMAX,62
CA008501900,2015-10-27,TMIN,-63
CA008501900,2015-10-27,TMAX,7
CA008501900,2014-10-19,TMAX,63
CA008501900,2014-06-04,TMIN,66
CA008501900,2014-05-04,TMAX,108
CA008501900,2010-11-26,TMIN,7
CA008501900,2007-08-15,TMAX,204
CA008501900,2014-01-15,TMIN,-144
CA008501900,2005-12-21,TMAX,-192
CA008501900,2005-04-11,TMIN,-81
CA008501900,2007-12-21,TMAX,-148
CA008501900,2010-09-09,TMAX,142
CA008501900,2005-05-14,TMAX,50
CA008501900,2005-09-09,TMIN,58
CA008501900,2012-07-23,TMIN,176
CA008501900,2007-03-25,TMAX,15
CA008501900,2011-06-28,TMIN,52
CA008501900,2010-01-17,TMIN,-225
CA008501900,2005-12-07,TMIN,-96
CA008501900,2014-05-10,TMIN,-48
CA008501900,2005-06-20,TMIN,145
CA008501900,2005-12-07,TMAX,-13
CA008501900,2012-12-09,TMIN,-129
CA008501900,2010-04-27,TMAX,55
CA008501900,2008-02-07,TMAX,-162
CA008501900,2014-05-14,TMAX,151
CA008501900,2013-08-02,TMAX,221
CA008501900,2008-10-17,TMAX,79
CA008501900,2013-08-02,TMIN,137
CA008501900,2014-12-27,TMAX,-19
CA008501900,2010-04-04,TMIN,5
CA008501900,2007-10-21,TMAX,130
CA008501900,2013-07-19,TMAX,259
CA008501900,2010-09-08,TMIN,37
CA008501900,2008-11-17,TMIN,-34
CA008501900,2009-07-15,TMIN,111
CA008501900,2007-11-20,TMAX,-11
CA008501900,2014-12-27,TMIN,-51
CA008501900,2009-01-07,TMIN,-143
CA008501900,2011-11-12,TMIN,-20
CA008501900,2015-04-17,TMIN,-83
CA008501900,2005-07-30,TMAX,213
CA008501900,2015-04-18,TMIN,-111
CA008501900,2014-12-09,TMIN,-180
CA008501900,2009-01-16,TMIN,-297
CA008501900,2008-01-27,TMIN,-250
CA008501900,2014-08-24,TMAX,309
CA008501900,2008-11-26,TMAX,-84
CA008501900,2015-07-15,TMIN,107
CA008501900,2015-07-14,TMAX,280
CA008501900,2008-09-04,TMAX,284
CA008501900,2015-10-14,TMAX,159
CA008501900,2011-10-04,TMIN,-15
CA008501900,2008-02-03,TMIN,-201
CA008501900,2011-06-28,TMAX,152
CA008501900,2005-07-30,TMIN,115
CA008501900,2008-10-10,TMAX,89
CA008501900,2007-06-18,TMIN,26
CA008501900,2010-12-25,TMIN,-69
CA008501900,2005-06-20,TMAX,235
CA008501900,2007-06-18,TMAX,99
CA008501900,2005-01-14,TMAX,10
CA008501900,2010-08-11,TMIN,104
CA008501900,2010-02-07,TMAX,15
CA008501900,2007-03-25,TMIN,-240
CA008501900,2008-04-21,TMAX,76
CA008501900,2013-02-22,TMAX,-104
CA008501900,2008-11-26,TMIN,-185
CA008501900,2006-06-04,TMIN,20
CA008501900,2015-10-14,TMIN,94
CA008501900,2006-06-04,TMAX,255
CA008501900,2010-04-04,TMAX,93
CA008501900,2006-11-09,TMIN,-112
CA008501900,2005-01-14,TMIN,-172
CA008501900,2014-10-19,TMIN,50
CA008501900,2013-02-22,TMIN,-203
CA008501900,2012-12-09,TMAX,-51
CA008501900,2011-08-26,TMAX,227
CA008501900,2006-05-09,TMIN,15
CA008501900,2006-11-09,TMAX,15
CA008501900,2010-09-09,TMIN,15
CA008501900,2014-10-11,TMAX,55
CA008501900,2009-12-29,TMIN,-94
CA008501900,2009-11-15,TMAX,68
CA008501900,2009-06-13,TMIN,29
CA008501900,2013-05-12,TMIN,-9
CA008501900,2010-09-21,TMAX,118
CA008501900,2014-02-14,TMAX,-163
CA008501900,2006-06-19,TMIN,109
CA008501900,2006-01-19,TMAX,38
CA008501900,2011-02-28,TMIN,-235
CA008501900,2012-06-04,TMAX,164
CA008501900,2014-09-07,TMAX,150
CA008501900,2010-08-11,TMAX,168
CA008501900,2014-08-28,TMAX,147
CA008501900,2015-11-30,TMAX,-143
CA008501900,2007-12-19,TMIN,-233
CA008501900,2008-09-27,TMIN,88
CA008501900,2010-01-15,TMIN,-160
CA008501900,2015-01-06,TMAX,-131
CA008501900,2015-04-10,TMAX,23
CA008501900,2008-11-04,TMIN,-34
CA008501900,2010-01-15,TMAX,-39
CA008501900,2013-10-04,TMAX,98
CA008501900,2013-10-04,TMIN,55
CA008501900,2011-12-04,TMAX,12
CA008501900,2012-03-10,TMIN,-219
CA008501900,2006-08-16,TMAX,234
CA008501900,2006-10-12,TMAX,101
CA008501900,2013-04-28,TMIN,-41
CA008501900,2013-04-28,TMAX,184
CA008501900,2012-08-22,TMIN,123
CA008501900,2014-12-03,TMAX,-21
CA008501900,2012-11-29,TMAX,-73
CA008501900,2010-03-03,TMAX,-39
CA008501900,2011-02-28,TMAX,-88
CA008501900,2006-10-12,TMIN,-36
CA008501900,2014-10-28,TMIN,6
CA008501900,2006-01-19,TMIN,-105
CA008501900,2009-12-16,TMAX,8
CA008501900,2013-12-24,TMAX,-192
CA008501900,2009-09-01,TMIN,55
CA008501900,2009-12-16,TMIN,-163
CA008501900,2007-07-15,TMAX,255
CA008501900,2012-08-31,TMAX,132
CA008501900,2015-05-10,TMAX,109
CA008501900,2006-06-24,TMIN,56
CA008501900,2013-08-06,TMAX,149
CA008501900,2008-09-21,TMAX,105
CA008501900,2013-03-30,TMIN,-106
CA008501900,2011-12-04,TMIN,-100
CA008501900,2013-08-06,TMIN,96
CA008501900,2005-10-10,TMIN,-20
CA008501900,2014-02-14,TMIN,-219
CA008501900,2007-08-15,TMIN,96
CA008501900,2006-06-24,TMAX,250
CA008501900,2007-02-07,TMIN,-236
CA008501900,2007-08-04,TMAX,241
CA008501900,2007-02-07,TMAX,-177
CA008501900,2008-11-04,TMAX,19
CA008501900,2009-05-15,TMIN,8
CA008501900,2008-10-01,TMAX,81
CA008501900,2005-10-10,TMAX,128
CA008501900,2007-11-04,TMIN,-8
CA008501900,2013-12-24,TMIN,-263
CA008501900,2015-09-04,TMAX,183
CA008501900,2011-12-25,TMAX,-119
CA008501900,2014-09-07,TMIN,76
CA008501900,2011-09-06,TMAX,104
CA008501900,2015-02-14,TMIN,-240
CA008501900,2015-02-07,TMAX,-274
CA008501900,2009-05-15,TMAX,107
CA008501900,2014-04-21,TMIN,-65
CA008501900,2006-10-10,TMAX,73
CA008501900,2014-04-21,TMAX,61
CA008501900,2011-06-29,TMAX,221
CA008501900,2008-10-01,TMIN,61
CA008501900,2014-01-22,TMIN,-195
CA008501900,2014-05-04,TMIN,3
CA008501900,2006-03-10,TMIN,-216
CA008501900,2006-07-28,TMIN,165
CA008501900,2012-03-03,TMAX,-26
CA008501900,2011-06-29,TMIN,47
CA008501900,2009-10-12,TMAX,73
CA008501900,2014-01-22,TMAX,-111
CA008501900,2009-10-18,TMAX,39
CA008501900,2005-09-30,TMAX,153
CA008501900,2014-10-28,TMAX,36
CA008501900,2005-09-30,TMIN,23
CA008501900,2012-06-04,TMIN,16
CA008501900,2008-09-04,TMIN,99
CA008501900,2009-10-18,TMIN,-59
CA008501900,2007-10-17,TMAX,33
CA008501900,2009-01-05,TMAX,5
CA008501900,2014-01-15,TMAX,0
CA008501900,2010-09-21,TMIN,26
CA008501900,2009-06-13,TMAX,99
CA008501900,2009-11-15,TMIN,-14
CA008501900,2005-08-03,TMAX,170
CA008501900,2012-03-03,TMIN,-154
CA008501900,2009-10-12,TMIN,15
CA008501900,2006-10-10,TMIN,2
CA008501900,2010-10-24,TMIN,2
CA008501900,2009-02-17,TMIN,-228
CA008501900,2015-09-27,TMIN,18
CA008501900,2009-12-06,TMIN,-115
CA008501900,2013-02-08,TMAX,-201
CA008501900,2007-06-02,TMAX,80
CA008501900,2012-01-27,TMIN,-273
CA008501900,2005-08-20,TMIN,54
CA008501900,2010-03-03,TMIN,-166
CA008501900,2011-12-25,TMIN,-253
CA008501900,2008-10-08,TMIN,-19
CA008501900,2014-04-11,TMIN,-56
CA008501900,2007-11-25,TMAX,-107
CA008501900,2006-12-29,TMIN,-175
CA008501900,2008-01-23,TMIN,-348
CA008501900,2008-02-17,TMAX,-174
CA008501900,2012-09-13,TMIN,151
CA008501900,2014-08-28,TMIN,29
CA008501900,2014-11-21,TMIN,-163
CA008501900,2005-12-23,TMAX,-174
CA008501900,2014-06-04,TMAX,280
CA008501900,2008-10-08,TMAX,73
CA008501900,2008-02-17,TMIN,-279
CA008501900,2007-04-25,TMIN,-69
CA008501900,2009-01-05,TMIN,-24
CA008501900,2012-12-18,TMAX,-75
CA008501900,2005-03-06,TMAX,-158
CA008501900,2012-08-22,TMAX,221
CA008501900,2010-04-27,TMIN,-19
CA008501900,2012-03-10,TMAX,-118
CA008501900,2013-02-08,TMIN,-275
CA008501900,2005-12-21,TMIN,-235
CA008501900,2015-01-29,TMAX,-131
CA008501900,2009-07-01,TMAX,173
CA008501900,2007-11-21,TMAX,-14
CA008501900,2014-10-08,TMAX,136
CA008501900,2011-06-26,TMIN,121
CA008501900,2015-05-12,TMAX,74
CA008501900,2014-08-04,TMIN,149
CA008501900,2009-01-16,TMAX,-252
CA008501900,2014-08-30,TMIN,122
CA008501900,2005-05-04,TMIN,14
CA008501900,2014-01-23,TMIN,-227
CA008501900,2011-01-02,TMAX,8
CA008501900,2005-02-01,TMAX,-77
CA008501900,2011-09-21,TMIN,106
CA008501900,2011-09-21,TMAX,170
CA008501900,2012-02-14,TMAX,-116
CA008501900,2010-01-21,TMIN,-170
CA008501900,2009-12-03,TMAX,-13
CA008501900,2007-07-03,TMIN,76
CA008501900,2009-05-30,TMIN,68
CA008501900,2013-07-06,TMIN,167
CA008501900,2010-05-10,TMIN,7
CA008501900,2006-02-18,TMIN,-208
CA008501900,2009-03-18,TMAX,36
CA008501900,2007-11-08,TMAX,24
CA008501900,2006-12-23,TMIN,-171
CA008501900,2009-05-30,TMAX,106
CA008501900,2005-06-19,TMIN,40
CA008501900,2011-06-26,TMAX,165
CA008501900,2014-02-06,TMAX,-182
CA008501900,2008-06-28,TMAX,154
CA008501900,2012-12-31,TMIN,-47
CA008501900,2007-10-29,TMAX,3
CA008501900,2010-10-12,TMAX,71
CA008501900,2008-03-12,TMIN,-195
CA008501900,2009-09-17,TMIN,79
CA008501900,2011-10-28,TMAX,26
CA008501900,2014-08-04,TMAX,230
CA008501900,2014-08-27,TMIN,51
CA008501900,2014-01-23,TMAX,-131
CA008501900,2011-06-23,TMIN,48
CA008501900,2006-12-23,TMAX,-56
CA008501900,2011-10-23,TMIN,2
CA008501900,2008-06-02,TMAX,111
CA008501900,2008-06-02,TMIN,8
CA008501900,2010-10-24,TMAX,72
CA008501900,2011-10-28,TMIN,3
CA008501900,2007-07-22,TMAX,212
CA008501900,2011-05-18,TMIN,2
CA008501900,2006-03-01,TMIN,-297
CA008501900,2010-05-30,TMIN,27
CA008501900,2011-08-02,TMAX,221
CA008501900,2008-04-21,TMIN,-35
CA008501900,2010-12-01,TMIN,-119
CA008501900,2008-06-28,TMIN,87
CA008501900,2013-04-26,TMAX,76
CA008501900,2011-10-23,TMAX,77
CA008501900,2010-05-30,TMAX,118
CA008501900,2013-04-26,TMIN,-15
CA008501900,2015-11-22,TMAX,59
CA008501900,2009-09-20,TMAX,116
CA008501900,2008-10-10,TMIN,-47
CA008501900,2007-10-02,TMIN,12
CA008501900,2009-09-17,TMAX,193
CA008501900,2007-07-27,TMIN,169
CA008501900,2006-02-01,TMIN,-289
CA008501900,2008-10-19,TMAX,51
CA008501900,2005-10-16,TMIN,9
CA008501900,2009-03-18,TMIN,-222
CA008501900,2012-03-06,TMAX,-89
CA008501900,2008-08-15,TMIN,79
CA008501900,2009-11-19,TMAX,-9
CA008501900,2008-07-16,TMIN,153
CA008501900,2015-04-15,TMAX,-3
CA008501900,2013-07-28,TMIN,93
CA008501900,2007-01-01,TMIN,-206
CA008501900,2013-07-28,TMAX,209
CA008501900,2012-06-22,TMAX,205
CA008501900,2011-11-24,TMIN,-163
CA008501900,2008-10-09,TMAX,118
CA008501900,2008-01-25,TMIN,-332
CA008501900,2012-03-27,TMIN,-170
CA008501900,2015-11-04,TMAX,41
CA008501900,2014-11-21,TMAX,-96
CA008501900,2008-11-24,TMIN,-117
CA008501900,2010-12-14,TMIN,22
CA008501900,2005-06-19,TMAX,250
CA008501900,2014-02-06,TMIN,-275
CA008501900,2009-11-19,TMIN,-70
CA008501900,2005-12-14,TMAX,-103
CA008501900,2007-11-06,TMIN,-87
CA008501900,2007-04-25,TMAX,-14
CA008501900,2014-01-03,TMAX,-249
CA008501900,2014-01-03,TMIN,-301
CA008501900,2011-07-02,TMAX,170
CA008501900,2008-10-07,TMAX,92
CA008501900,2010-12-06,TMIN,20
CA008501900,2013-07-09,TMIN,71
CA008501900,2008-11-24,TMAX,-60
CA008501900,2012-08-16,TMAX,237
CA008501900,2010-06-08,TMIN,27
CA008501900,2010-05-26,TMAX,85
CA008501900,2012-02-14,TMIN,-203
CA008501900,2007-11-21,TMIN,-46
CA008501900,2010-12-30,TMAX,-26
CA008501900,2005-04-05,TMIN,13
CA008501900,2005-10-30,TMIN,-8
CA008501900,2012-03-06,TMIN,-293
CA008501900,2006-02-01,TMAX,-172
CA008501900,2013-03-18,TMIN,-200
CA008501900,2008-07-03,TMAX,302
CA008501900,2011-11-24,TMAX,-34
CA008501900,2008-07-03,TMIN,166
CA008501900,2008-11-07,TMIN,-103
CA008501900,2010-06-08,TMAX,60
CA008501900,2008-01-25,TMAX,-217
CA008501900,2014-06-19,TMIN,71
CA008501900,2005-05-04,TMAX,119
CA008501900,2010-02-07,TMIN,-13
CA008501900,2011-10-26,TMAX,39
CA008501900,2008-07-16,TMAX,281
CA008501900,2006-07-11,TMIN,71
CA008501900,2011-07-02,TMIN,96
CA008501900,2013-03-18,TMAX,-121
CA008501900,2006-07-11,TMAX,285
CA008501900,2010-10-07,TMAX,60
CA008501900,2010-10-07,TMIN,-17
CA008501900,2007-11-11,TMAX,-12
CA008501900,2008-01-04,TMIN,-265
CA008501900,2011-08-24,TMIN,141
CA008501900,2012-03-27,TMAX,-86
CA008501900,2015-06-23,TMAX,226
CA008501900,2011-08-02,TMIN,124
CA008501900,2014-08-27,TMAX,214
CA008501900,2007-04-26,TMIN,-77
CA008501900,2007-10-21,TMIN,13
CA008501900,2015-07-28,TMAX,245
CA008501900,2015-07-28,TMIN,142
CA008501900,2012-10-30,TMIN,54
CA008501900,2014-12-09,TMAX,-64
CA008501900,2005-06-28,TMIN,100
CA008501900,2014-06-17,TMAX,241
CA008501900,2010-02-10,TMIN,-54
CA008501900,2015-07-15,TMAX,245
CA008501900,2014-06-17,TMIN,58
CA008501900,2010-02-10,TMAX,-18
CA008501900,2009-01-07,TMAX,-90
CA008501900,2007-02-17,TMIN,-229
CA008501900,2011-01-02,TMIN,-20
CA008501900,2007-02-17,TMAX,-35
CA008501900,2009-01-12,TMIN,-238
CA008501900,2006-01-21,TMAX,-95
CA008501900,2011-07-05,TMAX,222
CA008501900,2011-06-27,TMIN,60
CA008501900,2013-11-13,TMAX,-28
CA008501900,2006-05-13,TMAX,249
CA008501900,2013-11-13,TMIN,-106
CA008501900,2012-12-08,TMIN,-122
CA008501900,2012-12-08,TMAX,-28
CA008501900,2011-06-27,TMAX,129
CA008501900,2012-10-22,TMIN,34
CA008501900,2012-10-22,TMAX,105
CA008501900,2005-04-02,TMAX,88
CA008501900,2007-08-07,TMIN,97
CA008501900,2005-10-19,TMAX,86
CA008501900,2006-05-13,TMIN,48
CA008501900,2013-03-21,TMAX,45
CA008501900,2012-04-09,TMAX,38
CA008501900,2008-02-07,TMIN,-263
CA008501900,2007-12-13,TMIN,-216
CA008501900,2014-08-24,TMIN,110
CA008501900,2012-05-31,TMAX,131
CA008501900,2006-06-01,TMAX,182
CA008501900,2010-10-14,TMAX,69
CA008501900,2007-04-15,TMAX,33
CA008501900,2011-08-26,TMIN,105
CA008501900,2006-06-01,TMIN,73
CA008501900,2006-12-29,TMAX,-121
CA008501900,2014-05-14,TMIN,-31
CA008501900,2005-04-10,TMAX,-6
CA008501900,2013-02-11,TMAX,-90
CA008501900,2007-08-07,TMAX,192
CA008501900,2014-08-30,TMAX,218
CA008501900,2007-12-13,TMAX,-159
CA008501900,2014-05-10,TMAX,32
CA008501900,2012-10-30,TMAX,117
CA008501900,2011-02-15,TMIN,-216
CA008501900,2013-02-11,TMIN,-219
CA008501900,2011-03-27,TMAX,-10
CA008501900,2012-04-09,TMIN,-23
CA008501900,2005-07-02,TMAX,251
CA008501900,2012-05-31,TMIN,34
CA008501900,2015-04-17,TMAX,-20
CA008501900,2012-12-18,TMIN,-149
CA008501900,2011-09-23,TMAX,108
CA008501900,2011-12-12,TMIN,-198
CA008501900,2011-09-23,TMIN,42
CA008501900,2013-03-21,TMIN,-55
CA008501900,2011-11-12,TMAX,117
CA008501900,2014-08-09,TMAX,208
CA008501900,2007-08-06,TMIN,108
CA008501900,2015-08-31,TMIN,59
CA008501900,2005-04-05,TMAX,66
CA008501900,2009-02-27,TMIN,-107
CA008501900,2008-01-11,TMAX,-65
CA008501900,2014-02-02,TMIN,-234
CA008501900,2006-09-18,TMAX,96
CA008501900,2009-02-27,TMAX,8
CA008501900,2015-02-14,TMAX,-166
CA008501900,2008-06-17,TMIN,93
CA008501900,2005-03-28,TMIN,-124
CA008501900,2006-11-14,TMIN,-30
CA008501900,2011-07-05,TMIN,136
CA008501900,2010-08-12,TMAX,164
CA008501900,2008-06-17,TMAX,183
CA008501900,2005-09-06,TMIN,53
CA008501900,2014-06-19,TMAX,131
CA008501900,2007-04-15,TMIN,-107
CA008501900,2008-03-23,TMAX,-2
CA008501900,2010-05-26,TMIN,36
CA008501900,2011-06-23,TMAX,117
CA008501900,2015-05-11,TMIN,-25
CA008501900,2005-06-26,TMIN,56
CA008501900,2009-01-21,TMIN,-272
CA008501900,2011-02-06,TMAX,-97
CA008501900,2007-01-16,TMAX,-229
CA008501900,2011-05-18,TMAX,244
CA008501900,2014-10-08,TMIN,79
CA008501900,2008-03-23,TMIN,-168
CA008501900,2005-03-28,TMAX,-23
CA008501900,2011-07-03,TMAX,122
CA008501900,2005-05-05,TMIN,-1
CA008501900,2007-08-03,TMAX,247
CA008501900,2007-04-26,TMAX,-5
CA008501900,2011-03-27,TMIN,-50
CA008501900,2009-08-05,TMAX,251
CA008501900,2006-11-14,TMAX,43
CA008501900,2014-09-06,TMAX,215
CA008501900,2007-07-22,TMIN,89
CA008501900,2009-03-03,TMIN,-169
CA008501900,2014-07-15,TMAX,165
CA008501900,2005-09-19,TMAX,139
CA008501900,2009-08-05,TMIN,129
CA008501900,2005-04-02,TMIN,-27
CA008501900,2010-08-21,TMAX,213
CA008501900,2008-01-27,TMAX,-154
CA008501900,2013-09-14,TMAX,91
CA008501900,2011-03-21,TMAX,22
CA008501900,2014-09-06,TMIN,98
CA008501900,2015-02-13,TMIN,-235
CA008501900,2013-05-10,TMAX,16
CA008501900,2005-10-30,TMAX,87
CA008501900,2011-08-27,TMAX,259
CA008501900,2013-12-27,TMIN,-201
CA008501900,2013-05-10,TMIN,-20
CA008501900,2009-01-12,TMAX,-142
CA008501900,2005-09-19,TMIN,44
CA008501900,2005-06-02,TMIN,73
CA008501900,2011-07-03,TMIN,88
CA008501900,2009-10-07,TMAX,67
CA008501900,2013-01-17,TMAX,-25
CA008501900,2013-01-17,TMIN,-297
CA008501900,2005-04-06,TMIN,-34
CA008501900,2014-08-09,TMIN,90
CA008501900,2010-10-27,TMAX,53
CA008501900,2015-12-13,TMIN,-58
CA008501900,2007-03-14,TMIN,-157
CA008501900,2014-05-02,TMAX,36
CA008501900,2008-03-04,TMIN,-203
CA008501900,2013-07-14,TMIN,195
CA008501900,2009-11-06,TMIN,-132
CA008501900,2013-07-14,TMAX,292
CA008501900,2007-09-25,TMIN,2
CA008501900,2014-09-30,TMAX,99
CA008501900,2014-03-20,TMIN,-198
CA008501900,2015-04-23,TMAX,47
CA008501900,2012-04-20,TMIN,-42
CA008501900,2010-11-18,TMAX,65
CA008501900,2012-10-07,TMAX,127
CA008501900,2006-06-22,TMAX,270
CA008501900,2014-09-30,TMIN,0
CA008501900,2007-06-13,TMIN,63
CA008501900,2009-11-09,TMAX,51
CA008501900,2006-06-22,TMIN,130
CA008501900,2007-09-25,TMAX,60
CA008501900,2007-03-22,TMAX,-64
CA008501900,2012-09-19,TMAX,202
CA008501900,2011-06-11,TMIN,36
CA008501900,2005-04-07,TMAX,64
CA008501900,2005-01-28,TMAX,-197
CA008501900,2007-07-11,TMIN,117
CA008501900,2011-08-30,TMIN,57
CA008501900,2009-02-15,TMAX,-2
CA008501900,2007-04-02,TMAX,-67
CA008501900,2013-12-05,TMAX,-12
CA008501900,2008-07-14,TMIN,153
CA008501900,2013-06-06,TMAX,79
CA008501900,2015-01-08,TMAX,-260
CA008501900,2012-10-26,TMAX,31
CA008501900,2013-04-13,TMAX,14
CA008501900,2013-04-13,TMIN,-86
CA008501900,2012-12-21,TMAX,-87
CA008501900,2006-05-20,TMAX,140
CA008501900,2006-09-10,TMAX,122
CA008501900,2013-07-07,TMAX,194
CA008501900,2012-04-20,TMAX,57
CA008501900,2009-05-02,TMIN,-48
CA008501900,2006-09-10,TMIN,26
CA008501900,2014-02-23,TMIN,-139
CA008501900,2011-05-19,TMIN,-15
CA008501900,2007-07-10,TMIN,71
CA008501900,2007-07-10,TMAX,231
CA008501900,2014-03-20,TMAX,-44
CA008501900,2005-04-08,TMAX,61
CA008501900,2010-10-20,TMIN,9
CA008501900,2007-06-13,TMAX,201
CA008501900,2014-02-16,TMAX,-99
CA008501900,2011-01-18,TMAX,-117
CA008501900,2009-11-09,TMIN,-16
CA008501900,2006-05-20,TMIN,65
CA008501900,2014-02-23,TMAX,-48
CA008501900,2011-11-06,TMIN,-16
CA008501900,2005-03-06,TMIN,-293
CA008501900,2009-11-06,TMAX,-7
CA008501900,2013-06-06,TMIN,22
CA008501900,2012-10-26,TMIN,-58
CA008501900,2010-10-20,TMAX,90
CA008501900,2014-05-23,TMIN,5
CA008501900,2014-06-27,TMAX,278
CA008501900,2012-09-27,TMIN,64
CA008501900,2008-12-02,TMIN,-55
CA008501900,2008-07-14,TMAX,257
CA008501900,2008-04-03,TMIN,-47
CA008501900,2015-06-04,TMIN,120
CA008501900,2012-07-24,TMIN,170
CA008501900,2015-07-12,TMIN,119
CA008501900,2013-06-05,TMAX,75
CA008501900,2015-08-03,TMAX,168
CA008501900,2010-07-28,TMAX,267
CA008501900,2015-05-01,TMIN,-9
CA008501900,2013-12-18,TMIN,-223
CA008501900,2015-04-21,TMIN,-70
CA008501900,2014-05-06,TMIN,-42
CA008501900,2008-06-13,TMAX,137
CA008501900,2010-09-23,TMAX,121
CA008501900,2005-09-28,TMAX,109
CA008501900,2006-07-25,TMIN,135
CA008501900,2010-05-05,TMAX,18
CA008501900,2010-11-08,TMIN,2
CA008501900,2008-04-03,TMAX,17
CA008501900,2009-03-10,TMIN,-205
CA008501900,2013-12-18,TMAX,-165
CA008501900,2015-03-21,TMAX,60
CA008501900,2010-12-15,TMIN,-7
CA008501900,2015-04-23,TMIN,-12
CA008501900,2005-09-28,TMIN,15
CA008501900,2014-07-03,TMIN,147
CA008501900,2008-09-18,TMIN,19
CA008501900,2014-07-22,TMAX,284
CA008501900,2008-09-18,TMAX,89
CA008501900,2006-07-31,TMIN,93
CA008501900,2012-07-24,TMAX,262
CA008501900,2012-09-19,TMIN,83
CA008501900,2011-08-30,TMAX,126
CA008501900,2015-04-21,TMAX,89
CA008501900,2006-07-25,TMAX,255
CA008501900,2013-12-05,TMIN,-69
CA008501900,2008-12-02,TMAX,34
CA008501900,2007-11-19,TMAX,-13
CA008501900,2006-02-28,TMIN,-229
CA008501900,2013-02-19,TMAX,10
CA008501900,2014-05-16,TMIN,21
CA008501900,2014-05-27,TMAX,125
CA008501900,2009-02-19,TMIN,-180
CA008501900,2011-11-25,TMIN,-128
CA008501900,2013-02-19,TMIN,-55
CA008501900,2008-06-13,TMIN,33
CA008501900,2006-02-21,TMIN,-289
CA008501900,2009-11-14,TMAX,114
CA008501900,2009-02-19,TMAX,-58
CA008501900,2009-12-10,TMAX,-34
CA008501900,2012-07-12,TMAX,214
CA008501900,2011-08-04,TMIN,166
CA008501900,2007-05-14,TMIN,-63
CA008501900,2012-07-12,TMIN,93
CA008501900,2014-04-26,TMIN,0
CA008501900,2015-10-03,TMIN,-13
CA008501900,2013-05-02,TMIN,-27
CA008501900,2012-09-28,TMAX,124
CA008501900,2012-10-07,TMIN,36
CA008501900,2005-11-16,TMIN,-72
CA008501900,2007-07-03,TMAX,219
CA008501900,2006-02-21,TMAX,-117
CA008501900,2013-05-02,TMAX,178
CA008501900,2015-05-01,TMAX,136
CA008501900,2006-07-31,TMAX,134
CA008501900,2008-06-18,TMIN,93
CA008501900,2007-11-02,TMAX,41
CA008501900,2011-02-18,TMAX,-86
CA008501900,2010-11-13,TMAX,67
CA008501900,2013-06-21,TMAX,187
CA008501900,2015-03-31,TMAX,29
CA008501900,2015-05-13,TMAX,58
CA008501900,2014-02-03,TMIN,-255
CA008501900,2015-05-13,TMIN,-20
CA008501900,2013-06-15,TMIN,48
CA008501900,2008-02-08,TMIN,-283
CA008501900,2010-01-27,TMIN,-59
CA008501900,2015-05-14,TMIN,-34
CA008501900,2005-08-06,TMAX,218
CA008501900,2014-02-03,TMAX,-149
CA008501900,2009-01-08,TMAX,-75
CA008501900,2015-10-31,TMIN,-28
CA008501900,2014-06-27,TMIN,145
CA008501900,2009-05-05,TMAX,117
CA008501900,2008-02-08,TMAX,-97
CA008501900,2007-03-12,TMIN,-204
CA008501900,2005-01-26,TMIN,-274
CA008501900,2012-02-05,TMAX,-140
CA008501900,2005-06-29,TMIN,71
CA008501900,2010-10-26,TMIN,-48
CA008501900,2011-11-06,TMAX,39
CA008501900,2011-02-18,TMIN,-145
CA008501900,2012-03-16,TMIN,-125
CA008501900,2012-03-16,TMAX,58
CA008501900,2010-04-29,TMAX,33
CA008501900,2014-02-22,TMAX,-80
CA008501900,2009-01-08,TMIN,-175
CA008501900,2011-03-17,TMAX,47
CA008501900,2014-10-29,TMAX,33
CA008501900,2007-11-02,TMIN,-42
CA008501900,2005-02-22,TMIN,-289
CA008501900,2013-07-22,TMAX,185
CA008501900,2007-02-01,TMIN,-310
CA008501900,2011-03-17,TMIN,-64
CA008501900,2014-11-29,TMIN,-211
CA008501900,2008-02-16,TMAX,-174
CA008501900,2014-10-29,TMIN,-4
CA008501900,2006-09-23,TMAX,132
CA008501900,2005-03-20,TMIN,-46
CA008501900,2013-02-24,TMAX,-85
CA008501900,2008-10-13,TMAX,59
CA008501900,2012-05-26,TMAX,234
CA008501900,2007-02-01,TMAX,-187
CA008501900,2008-05-30,TMAX,115
CA008501900,2008-05-30,TMIN,14
CA008501900,2005-06-29,TMAX,138
CA008501900,2005-11-07,TMIN,-73
CA008501900,2010-07-01,TMIN,80
CA008501900,2013-06-21,TMIN,99
CA008501900,2015-07-13,TMIN,114
CA008501900,2007-07-11,TMAX,256
CA008501900,2012-04-02,TMAX,-4
CA008501900,2012-07-15,TMAX,225
CA008501900,2012-03-31,TMAX,-14
CA008501900,2008-10-13,TMIN,-24
CA008501900,2006-08-17,TMAX,215
CA008501900,2009-07-08,TMIN,25
CA008501900,2010-01-27,TMAX,47
CA008501900,2014-08-03,TMAX,232
CA008501900,2015-04-27,TMAX,21
CA008501900,2010-03-17,TMAX,3
CA008501900,2012-02-05,TMIN,-231
CA008501900,2012-03-31,TMIN,-136
CA008501900,2013-11-23,TMIN,-24
CA008501900,2011-02-08,TMAX,-145
CA008501900,2005-05-05,TMAX,133
CA008501900,2014-04-14,TMIN,-132
CA008501900,2014-04-14,TMAX,17
CA008501900,2013-03-01,TMIN,-168
CA008501900,2015-05-14,TMAX,82
CA008501900,2013-11-23,TMAX,4
CA008501900,2009-05-25,TMIN,-18
CA008501900,2014-02-16,TMIN,-260
CA008501900,2009-05-25,TMAX,98
CA008501900,2015-01-08,TMIN,-323
CA008501900,2013-07-07,TMIN,110
CA008501900,2014-09-23,TMIN,-9
CA008501900,2009-11-18,TMAX,20
CA008501900,2012-04-15,TMIN,-116
CA008501900,2006-08-22,TMAX,279
CA008501900,2014-05-23,TMAX,54
CA008501900,2011-01-16,TMAX,-100
CA008501900,2010-08-04,TMAX,295
CA008501900,2011-01-16,TMIN,-149
CA008501900,2010-10-26,TMAX,57
CA008501900,2013-01-16,TMAX,-119
CA008501900,2013-01-16,TMIN,-218
CA008501900,2010-07-01,TMAX,141
CA008501900,2007-07-21,TMAX,163
CA008501900,2006-12-31,TMIN,-198
CA008501900,2005-07-19,TMAX,315
CA008501900,2009-11-18,TMIN,-62
CA008501900,2012-12-21,TMIN,-172
CA008501900,2009-10-20,TMAX,30
CA008501900,2008-11-01,TMAX,39
CA008501900,2006-04-07,TMIN,0
CA008501900,2014-05-19,TMAX,227
CA008501900,2012-04-02,TMIN,-65
CA008501900,2005-02-15,TMAX,-5
CA008501900,2011-05-19,TMAX,70
CA008501900,2007-05-22,TMAX,94
CA008501900,2015-06-05,TMIN,103
CA008501900,2011-02-08,TMIN,-260
CA008501900,2012-04-15,TMAX,54
CA008501900,2005-03-26,TMIN,-191
CA008501900,2015-01-19,TMAX,-96
CA008501900,2008-12-11,TMAX,-189
CA008501900,2010-07-18,TMAX,192
CA008501900,2011-03-18,TMIN,-128
CA008501900,2013-05-29,TMIN,53
CA008501900,2010-07-18,TMIN,120
CA008501900,2014-08-03,TMIN,152
CA008501900,2006-08-22,TMIN,111
CA008501900,2013-05-29,TMAX,233
CA008501900,2013-03-01,TMAX,-4
CA008501900,2005-03-26,TMAX,-37
CA008501900,2005-06-26,TMAX,239
CA008501900,2008-01-20,TMIN,-301
CA008501900,2005-02-15,TMIN,-212
CA008501900,2008-01-20,TMAX,-213
CA008501900,2014-11-29,TMAX,-122
CA008501900,2014-02-10,TMAX,-162
CA008501900,2007-04-02,TMIN,-203
CA008501900,2014-09-04,TMIN,75
CA008501900,2012-08-19,TMAX,182
CA008501900,2014-07-03,TMAX,332
CA008501900,2005-03-09,TMIN,-130
CA008501900,2005-09-24,TMAX,108
CA008501900,2010-11-05,TMIN,27
CA008501900,2014-04-15,TMAX,131
CA008501900,2010-08-05,TMIN,170
CA008501900,2010-09-11,TMAX,106
CA008501900,2007-07-06,TMAX,233
CA008501900,2007-05-14,TMAX,83
CA008501900,2014-02-09,TMAX,-187
CA008501900,2005-06-11,TMIN,75
CA008501900,2007-04-17,TMIN,-82
CA008501900,2014-02-09,TMIN,-251
CA008501900,2012-07-07,TMIN,160
CA008501900,2014-12-20,TMIN,-184
CA008501900,2013-09-14,TMIN,50
CA008501900,2012-05-16,TMAX,190
CA008501900,2015-07-19,TMIN,78
CA008501900,2005-07-12,TMIN,78
CA008501900,2005-06-11,TMAX,208
CA008501900,2014-01-28,TMIN,-230
CA008501900,2014-01-28,TMAX,-159
CA008501900,2014-12-20,TMAX,-81
CA008501900,2010-02-02,TMIN,-283
CA008501900,2010-02-26,TMAX,3
CA008501900,2009-04-07,TMIN,-30
CA008501900,2015-08-01,TMAX,231
CA008501900,2006-08-01,TMAX,163
CA008501900,2012-01-25,TMIN,-183
CA008501900,2010-12-15,TMAX,38
CA008501900,2015-08-01,TMIN,141
CA008501900,2014-02-10,TMIN,-247
CA008501900,2007-03-30,TMIN,-125
CA008501900,2012-01-04,TMAX,-35
CA008501900,2015-08-08,TMIN,74
CA008501900,2010-06-18,TMIN,25
CA008501900,2008-09-28,TMAX,165
CA008501900,2013-08-05,TMAX,199
CA008501900,2008-09-02,TMIN,122
CA008501900,2008-09-28,TMIN,71
CA008501900,2010-08-23,TMIN,93
CA008501900,2009-04-29,TMIN,-67
CA008501900,2015-08-08,TMAX,228
CA008501900,2006-06-26,TMIN,92
CA008501900,2015-11-30,TMIN,-217
CA008501900,2013-10-12,TMAX,67
CA008501900,2010-08-05,TMAX,244
CA008501900,2006-06-26,TMAX,236
CA008501900,2006-01-06,TMIN,-121
CA008501900,2010-06-18,TMAX,134
CA008501900,2011-02-25,TMIN,-147
CA008501900,2005-02-27,TMAX,-2
CA008501900,2007-08-27,TMAX,149
CA008501900,2009-03-10,TMAX,-68
CA008501900,2007-03-30,TMAX,9
CA008501900,2009-04-29,TMAX,-13
CA008501900,2014-10-21,TMAX,54
CA008501900,2014-07-30,TMIN,162
CA008501900,2014-04-15,TMIN,5
CA008501900,2015-07-19,TMAX,132
CA008501900,2008-11-21,TMIN,-78
CA008501900,2005-03-20,TMAX,6
CA008501900,2007-08-27,TMIN,99
CA008501900,2010-11-05,TMAX,43
CA008501900,2009-03-20,TMIN,-183
CA008501900,2006-06-25,TMIN,104
CA008501900,2009-09-25,TMAX,60
CA008501900,2015-09-12,TMIN,83
CA008501900,2014-08-05,TMAX,236
CA008501900,2014-11-22,TMAX,-69
CA008501900,2006-07-17,TMIN,150
CA008501900,2009-05-02,TMAX,62
CA008501900,2012-07-04,TMIN,138
CA008501900,2009-11-11,TMIN,-107
CA008501900,2012-07-04,TMAX,284
CA008501900,2010-07-21,TMIN,119
CA008501900,2006-07-17,TMAX,270
CA008501900,2007-04-17,TMAX,44
CA008501900,2013-07-30,TMIN,140
CA008501900,2009-03-20,TMAX,-94
CA008501900,2012-01-25,TMAX,-79
CA008501900,2011-01-30,TMAX,-176
CA008501900,2013-01-19,TMIN,-307
CA008501900,2008-06-30,TMIN,103
CA008501900,2005-09-24,TMIN,44
CA008501900,2011-01-30,TMIN,-281
CA008501900,2015-02-20,TMAX,-42
CA008501900,2014-11-22,TMIN,-134
CA008501900,2013-07-30,TMAX,231
CA008501900,2008-02-16,TMIN,-268
CA008501900,2008-12-28,TMIN,-287
CA008501900,2008-01-15,TMIN,-172
CA008501900,2005-07-12,TMAX,190
CA008501900,2008-12-28,TMAX,-26
CA008501900,2013-01-19,TMAX,-221
CA008501900,2015-03-17,TMIN,-245
CA008501900,2010-11-08,TMAX,39
CA008501900,2010-07-21,TMAX,219
CA008501900,2012-11-15,TMIN,-91
CA008501900,2005-05-18,TMAX,64
CA008501900,2005-03-31,TMAX,-7
CA008501900,2009-08-09,TMIN,99
CA008501900,2006-06-25,TMAX,233
CA008501900,2007-07-06,TMIN,155
CA008501900,2006-01-06,TMAX,-88
CA008501900,2012-12-15,TMIN,-249
CA008501900,2009-05-05,TMIN,-57
CA008501900,2008-08-07,TMAX,241
CA008501900,2012-12-15,TMAX,-80
CA008501900,2009-08-09,TMAX,246
CA008501900,2008-03-04,TMAX,-28
CA008501900,2015-05-19,TMAX,109
CA008501900,2007-06-15,TMAX,341
CA008501900,2015-04-26,TMIN,17
CA008501900,2008-08-07,TMIN,114
CA008501900,2013-12-23,TMIN,-268
CA008501900,2008-12-26,TMIN,-283
CA008501900,2008-10-09,TMIN,-34
CA008501900,2009-09-25,TMIN,-13
CA008501900,2008-11-21,TMAX,-23
CA008501900,2015-05-19,TMIN,2
CA008501900,2010-02-26,TMIN,-104
CA008501900,2012-07-07,TMAX,203
CA008501900,2005-10-05,TMIN,10
CA008501900,2006-08-01,TMIN,98
CA008501900,2008-12-11,TMIN,-267
CA008501900,2015-09-12,TMAX,164
CA008501900,2014-03-04,TMIN,-237
CA008501900,2010-02-02,TMAX,-222
CA008501900,2015-03-31,TMIN,-25
CA008501900,2014-03-04,TMAX,-163
CA008501900,2008-09-02,TMAX,306
CA008501900,2007-07-31,TMIN,129
CA008501900,2012-05-16,TMIN,96
CA008501900,2005-03-23,TMIN,-183
CA008501900,2013-07-05,TMIN,99
CA008501900,2011-08-04,TMAX,279
CA008501900,2006-12-03,TMIN,-163
CA008501900,2015-05-23,TMIN,11
CA008501900,2013-03-08,TMIN,-140
CA008501900,2015-07-10,TMIN,78
CA008501900,2006-12-03,TMAX,-103
CA008501900,2009-11-11,TMAX,-20
CA008501900,2009-03-19,TMAX,19
CA008501900,2010-09-14,TMIN,67
CA008501900,2011-03-18,TMAX,-51
CA008501900,2012-09-28,TMIN,30
CA008501900,2011-02-25,TMAX,-25
CA008501900,2010-03-31,TMIN,-117
CA008501900,2011-04-19,TMAX,15
CA008501900,2014-07-05,TMIN,101
CA008501900,2008-10-31,TMIN,-40
CA008501900,2011-04-19,TMIN,-29
CA008501900,2005-07-19,TMIN,149
CA008501900,2005-05-09,TMAX,207
CA008501900,2007-05-09,TMAX,108
CA008501900,2009-03-19,TMIN,-156
CA008501900,2011-06-11,TMAX,152
CA008501900,2008-06-30,TMAX,177
CA008501900,2007-01-18,TMIN,-259
CA008501900,2014-12-08,TMAX,-159
CA008501900,2010-01-28,TMIN,-78
CA008501900,2013-12-09,TMAX,-115
CA008501900,2009-05-22,TMAX,63
CA008501900,2013-12-23,TMAX,-219
CA008501900,2005-03-11,TMIN,-194
CA008501900,2005-03-09,TMAX,98
CA008501900,2008-07-19,TMAX,180
CA008501900,2015-06-12,TMAX,77
CA008501900,2015-08-03,TMIN,106
CA008501900,2014-04-26,TMAX,67
CA008501900,2008-03-20,TMIN,-136
CA008501900,2009-12-10,TMIN,-193
CA008501900,2014-01-11,TMAX,-62
CA008501900,2015-07-10,TMAX,142
CA008501900,2014-05-27,TMIN,-6
CA008501900,2010-12-02,TMAX,58
CA008501900,2009-10-26,TMIN,-57
CA008501900,2014-05-06,TMAX,64
CA008501900,2006-06-20,TMIN,115
CA008501900,2009-10-26,TMAX,5
CA008501900,2009-11-14,TMIN,0
CA008501900,2015-10-03,TMAX,132
CA008501900,2010-09-14,TMAX,168
CA008501900,2008-07-19,TMIN,97
CA008501900,2006-06-20,TMAX,240
CA008501900,2009-02-07,TMAX,-77
CA008501900,2009-11-04,TMAX,42
CA008501900,2014-10-21,TMIN,-30
CA008501900,2009-11-04,TMIN,-18
CA008501900,2015-04-26,TMAX,29
CA008501900,2014-05-16,TMAX,104
CA008501900,2015-12-18,TMAX,-72
CA008501900,2010-07-09,TMAX,189
CA008501900,2008-10-31,TMAX,56
CA008501900,2010-07-28,TMIN,57
CA008501900,2010-07-09,TMIN,142
CA008501900,2011-08-31,TMAX,192
CA008501900,2015-12-18,TMIN,-180
CA008501900,2007-01-18,TMAX,-171
CA008501900,2014-07-30,TMAX,265
CA008501900,2005-03-23,TMAX,-16
CA008501900,2015-03-17,TMAX,-57
CA008501900,2009-10-20,TMIN,-53
CA008501900,2008-03-19,TMIN,-279
CA008501900,2009-04-07,TMAX,23
CA008501900,2012-02-10,TMAX,-131
CA008501900,2010-04-12,TMAX,23
CA008501900,2010-04-12,TMIN,-36
CA008501900,2010-08-23,TMAX,273
CA008501900,2009-03-29,TMAX,-4
CA008501900,2006-07-05,TMAX,230
CA008501900,2006-07-05,TMIN,96
CA008501900,2007-12-20,TMIN,-257
CA008501900,2014-01-11,TMIN,-114
CA008501900,2015-10-24,TMIN,-73
CA008501900,2013-01-14,TMIN,-89
CA008501900,2013-01-14,TMAX,47
CA008501900,2008-12-26,TMAX,-234
CA008501900,2008-05-06,TMIN,-6
CA008501900,2015-01-21,TMAX,-92
CA008501900,2013-04-29,TMAX,209
CA008501900,2015-01-21,TMIN,-258
CA008501900,2015-10-24,TMAX,33
CA008501900,2010-09-23,TMIN,56
CA008501900,2008-03-19,TMAX,-99
CA008501900,2007-12-28,TMAX,-163
CA008501900,2007-05-09,TMIN,31
CA008501900,2012-11-15,TMAX,12
CA008501900,2012-01-04,TMIN,-116
CA008501900,2013-12-09,TMIN,-230
CA008501900,2013-03-08,TMAX,20
CA008501900,2015-03-21,TMIN,-137
CA008501900,2015-09-04,TMIN,45
CA008501900,2012-03-07,TMIN,-253
CA008501900,2012-03-07,TMAX,-32
CA008501900,2013-07-05,TMAX,295
CA008501900,2013-04-29,TMIN,24
CA008501900,2007-12-20,TMAX,-189
CA008501900,2007-01-28,TMIN,-188
CA008501900,2011-12-14,TMIN,-181
CA008501900,2005-09-12,TMAX,110
CA008501900,2010-01-28,TMAX,-53
CA008501900,2010-08-04,TMIN,180
CA008501900,2012-02-10,TMIN,-208
CA008501900,2009-08-24,TMIN,67
CA008501900,2010-09-11,TMIN,16
CA008501900,2007-01-28,TMAX,-124
CA008501900,2014-07-22,TMIN,152
CA008501900,2011-09-13,TMIN,27
CA008501900,2009-05-10,TMIN,-53
CA008501900,2013-10-12,TMIN,-28
CA008501900,2008-05-06,TMAX,117
CA008501900,2009-08-24,TMAX,183
CA008501900,2011-09-13,TMAX,150
CA008501900,2005-09-12,TMIN,70
CA008501900,2013-08-05,TMIN,134
CA008501900,2015-06-04,TMAX,205
CA008501900,2007-10-20,TMAX,76
CA008501900,2014-09-23,TMAX,86
CA008501900,2007-07-31,TMAX,208
CA008501900,2010-03-31,TMAX,13
CA008501900,2009-05-10,TMAX,7
CA008501900,2006-09-23,TMIN,25
CA008501900,2014-09-22,TMAX,95
CA008501900,2014-04-08,TMIN,-120
CA008501900,2015-01-11,TMAX,-232
CA008501900,2005-05-24,TMAX,229
CA008501900,2011-07-20,TMIN,112
CA008501900,2015-07-12,TMAX,145
CA008501900,2010-01-13,TMAX,-79
CA008501900,2008-11-05,TMIN,0
CA008501900,2010-02-06,TMIN,-177
CA008501900,2015-09-02,TMIN,77
CA008501900,2011-08-21,TMAX,260
CA008501900,2005-11-22,TMAX,99
CA008501900,2006-02-15,TMAX,-145
CA008501900,2008-11-05,TMAX,125
CA008501900,2009-12-05,TMIN,-85
CA008501900,2007-06-15,TMIN,137
CA008501900,2007-05-30,TMIN,-17
CA008501900,2006-05-15,TMIN,18
CA008501900,2005-12-27,TMAX,-152
CA008501900,2007-12-05,TMIN,-210
CA008501900,2013-06-11,TMAX,205
CA008501900,2010-10-21,TMAX,116
CA008501900,2011-11-21,TMIN,-101
CA008501900,2006-09-30,TMIN,64
CA008501900,2010-10-21,TMIN,-9
CA008501900,2011-11-21,TMAX,-49
CA008501900,2010-11-13,TMIN,-10
CA008501900,2007-10-26,TMAX,104
CA008501900,2005-08-21,TMIN,89
CA008501900,2015-12-27,TMIN,-190
CA008501900,2010-04-28,TMAX,25
CA008501900,2007-05-30,TMAX,117
CA008501900,2009-03-05,TMIN,-261
CA008501900,2005-05-24,TMIN,33
CA008501900,2008-08-19,TMAX,134
CA008501900,2005-10-17,TMAX,70
CA008501900,2007-04-10,TMAX,-25
CA008501900,2011-12-30,TMAX,-22
CA008501900,2012-01-20,TMIN,-332
CA008501900,2010-02-06,TMAX,-9
CA008501900,2006-02-15,TMIN,-246
CA008501900,2012-05-18,TMIN,27
CA008501900,2010-11-18,TMIN,1
CA008501900,2008-05-04,TMIN,5
CA008501900,2010-01-13,TMIN,-109
CA008501900,2006-08-02,TMAX,128
CA008501900,2008-05-04,TMAX,214
CA008501900,2008-08-19,TMIN,93
CA008501900,2014-07-20,TMAX,318
CA008501900,2005-01-31,TMIN,-289
CA008501900,2009-08-22,TMAX,205
CA008501900,2013-02-27,TMAX,10
CA008501900,2009-08-22,TMIN,139
CA008501900,2010-02-13,TMAX,28
CA008501900,2011-07-20,TMAX,228
CA008501900,2013-02-27,TMIN,-175
CA008501900,2012-02-01,TMAX,-158
CA008501900,2013-06-11,TMIN,58
CA008501900,2005-12-08,TMIN,-149
CA008501900,2007-06-04,TMAX,214
CA008501900,2006-03-21,TMAX,21
CA008501900,2015-11-26,TMIN,-157
CA008501900,2006-05-15,TMAX,135
CA008501900,2011-01-23,TMAX,-124
CA008501900,2015-12-13,TMAX,4
CA008501900,2015-07-06,TMAX,178
CA008501900,2009-03-05,TMAX,-141
CA008501900,2009-01-09,TMIN,-172
CA008501900,2011-05-11,TMIN,-32
CA008501900,2006-11-21,TMIN,-83
CA008501900,2006-07-10,TMIN,69
CA008501900,2006-07-10,TMAX,211
CA008501900,2011-05-11,TMAX,125
CA008501900,2008-12-08,TMAX,-31
CA008501900,2013-10-28,TMIN,-46
CA008501900,2010-09-12,TMIN,-6
CA008501900,2007-07-25,TMAX,264
CA008501900,2009-12-05,TMAX,-12
CA008501900,2005-11-28,TMAX,-42
CA008501900,2006-12-24,TMAX,-31
CA008501900,2015-01-11,TMIN,-288
CA008501900,2005-04-29,TMAX,122
CA008501900,2015-06-29,TMIN,146
CA008501900,2012-02-02,TMAX,-152
CA008501900,2010-06-25,TMAX,146
CA008501900,2011-04-16,TMAX,-3
CA008501900,2013-03-29,TMIN,-85
CA008501900,2014-04-08,TMAX,71
CA008501900,2009-06-12,TMAX,137
CA008501900,2005-01-12,TMAX,-168
CA008501900,2010-09-12,TMAX,159
CA008501900,2013-05-08,TMIN,-54
CA008501900,2011-12-30,TMIN,-194
CA008501900,2013-05-08,TMAX,175
CA008501900,2007-02-09,TMAX,-195
CA008501900,2014-10-23,TMIN,1
CA008501900,2009-01-09,TMAX,-76
CA008501900,2005-11-09,TMAX,-34
CA008501900,2010-06-25,TMIN,86
CA008501900,2012-08-19,TMIN,137
CA008501900,2011-08-21,TMIN,139
CA008501900,2014-04-30,TMIN,-40
CA008501900,2006-09-30,TMAX,194
CA008501900,2014-04-30,TMAX,100
CA008501900,2007-10-26,TMIN,12
CA008501900,2015-07-06,TMIN,99
CA008501900,2008-02-18,TMAX,-124
CA008501900,2011-12-17,TMIN,-200
CA008501900,2013-09-10,TMIN,-14
CA008501900,2015-10-02,TMIN,-16
CA008501900,2011-12-17,TMAX,-133
CA008501900,2005-07-11,TMAX,135
CA008501900,2007-12-28,TMIN,-263
CA008501900,2015-12-27,TMAX,-135
CA008501900,2009-06-29,TMIN,132
CA008501900,2005-08-21,TMAX,134
CA008501900,2015-11-14,TMIN,-12
CA008501900,2014-02-22,TMIN,-164
CA008501900,2007-12-24,TMAX,-34
CA008501900,2015-11-14,TMAX,9
CA008501900,2015-09-02,TMAX,171
CA008501900,2015-06-29,TMAX,289
CA008501900,2011-03-02,TMAX,-90
CA008501900,2009-06-29,TMAX,304
CA008501900,2005-11-09,TMIN,-152
CA008501900,2009-06-12,TMIN,56
CA008501900,2012-02-02,TMIN,-246
CA008501900,2008-12-18,TMAX,-175
CA008501900,2013-10-28,TMAX,19
CA008501900,2005-07-11,TMIN,91
CA008501900,2006-08-02,TMIN,81
CA008501900,2012-05-18,TMAX,104
CA008501900,2013-09-10,TMAX,120
CA008501900,2007-06-16,TMIN,120
CA008501900,2013-05-07,TMAX,148
CA008501900,2009-07-27,TMAX,283
CA008501900,2011-11-03,TMIN,2
CA008501900,2005-05-17,TMIN,25
CA008501900,2011-11-11,TMIN,12
CA008501900,2014-06-09,TMIN,66
CA008501900,2015-06-18,TMIN,91
CA008501900,2009-07-27,TMIN,110
CA008501900,2013-07-16,TMAX,191
CA008501900,2012-06-21,TMIN,103
CA008501900,2005-09-03,TMIN,103
CA008501900,2014-06-09,TMAX,143
CA008501900,2008-07-26,TMIN,212
CA008501900,2012-06-25,TMAX,217
CA008501900,2010-04-07,TMIN,-7
CA008501900,2011-07-18,TMIN,81
CA008501900,2006-04-12,TMIN,-93
CA008501900,2005-09-03,TMAX,217
CA008501900,2015-05-31,TMAX,90
CA008501900,2013-11-14,TMAX,-44
CA008501900,2005-07-01,TMAX,251
CA008501900,2014-11-16,TMIN,-142
CA008501900,2012-03-08,TMAX,0
CA008501900,2012-06-25,TMIN,140
CA008501900,2013-11-14,TMIN,-136
CA008501900,2007-02-26,TMIN,-111
CA008501900,2007-02-26,TMAX,-38
CA008501900,2013-08-09,TMIN,171
CA008501900,2007-09-24,TMIN,50
CA008501900,2008-02-11,TMIN,-199
CA008501900,2011-08-16,TMAX,196
CA008501900,2008-02-04,TMAX,-86
CA008501900,2009-04-02,TMIN,-109
CA008501900,2010-08-29,TMAX,226
CA008501900,2005-03-14,TMAX,25
CA008501900,2012-05-25,TMAX,327
CA008501900,2010-06-11,TMAX,247
CA008501900,2010-08-29,TMIN,103
CA008501900,2007-11-19,TMIN,-100
CA008501900,2010-06-11,TMIN,75
CA008501900,2009-04-02,TMAX,-28
CA008501900,2008-12-16,TMAX,-21
CA008501900,2013-07-16,TMIN,95
CA008501900,2010-08-01,TMAX,255
CA008501900,2005-07-01,TMIN,60
CA008501900,2014-03-02,TMIN,-272
CA008501900,2007-09-24,TMAX,92
CA008501900,2014-10-27,TMAX,20
CA008501900,2006-10-09,TMAX,173
CA008501900,2012-03-08,TMIN,-66
CA008501900,2006-06-13,TMAX,197
CA008501900,2015-03-01,TMIN,-271
CA008501900,2010-08-21,TMIN,129
CA008501900,2011-07-18,TMAX,232
CA008501900,2011-01-31,TMIN,-283
CA008501900,2006-06-13,TMIN,58
CA008501900,2006-05-17,TMIN,10
CA008501900,2007-01-04,TMIN,-104
CA008501900,2006-10-09,TMIN,11
CA008501900,2012-06-21,TMAX,176
CA008501900,2011-08-29,TMIN,100
CA008501900,2011-08-27,TMIN,101
CA008501900,2011-12-02,TMAX,-82
CA008501900,2014-11-16,TMAX,-65
CA008501900,2009-07-20,TMIN,95
CA008501900,2010-02-13,TMIN,16
CA008501900,2014-08-21,TMIN,129
CA008501900,2010-02-04,TMAX,-185
CA008501900,2009-04-27,TMIN,-66
CA008501900,2014-06-24,TMIN,100
CA008501900,2011-03-05,TMAX,-26
CA008501900,2011-11-03,TMAX,52
CA008501900,2010-04-21,TMIN,-2
CA008501900,2006-09-07,TMAX,220
CA008501900,2005-11-22,TMIN,18
CA008501900,2012-07-21,TMIN,127
CA008501900,2012-07-21,TMAX,265
CA008501900,2007-04-10,TMIN,-121
CA008501900,2014-07-20,TMIN,142
CA008501900,2014-04-07,TMIN,-92
CA008501900,2009-04-27,TMAX,56
CA008501900,2014-02-08,TMIN,-232
CA008501900,2014-03-07,TMAX,-63
CA008501900,2014-03-07,TMIN,-182
CA008501900,2014-02-08,TMAX,-120
CA008501900,2008-02-24,TMAX,-81
CA008501900,2006-04-01,TMIN,-20
CA008501900,2015-04-12,TMIN,-113
CA008501900,2005-10-04,TMIN,27
CA008501900,2012-01-20,TMAX,-233
CA008501900,2015-09-21,TMAX,140
CA008501900,2010-02-04,TMIN,-251
CA008501900,2014-04-07,TMAX,25
CA008501900,2006-04-01,TMAX,47
CA008501900,2007-03-12,TMAX,-79
CA008501900,2009-07-20,TMAX,139
CA008501900,2012-09-04,TMIN,82
CA008501900,2011-11-05,TMIN,-54
CA008501900,2013-08-09,TMAX,250
CA008501900,2013-10-30,TMIN,-74
CA008501900,2010-06-29,TMAX,142
CA008501900,2010-06-29,TMIN,68
CA008501900,2008-08-11,TMAX,241
CA008501900,2006-10-11,TMAX,76
CA008501900,2006-10-11,TMIN,-27
CA008501900,2006-02-27,TMIN,-226
CA008501900,2006-12-04,TMIN,-214
CA008501900,2010-08-01,TMIN,93
CA008501900,2006-12-04,TMAX,-128
CA008501900,2014-04-18,TMIN,-89
CA008501900,2012-10-14,TMAX,47
CA008501900,2015-05-31,TMIN,10
CA008501900,2012-01-24,TMIN,-291
CA008501900,2006-06-11,TMAX,165
CA008501900,2010-04-21,TMAX,58
CA008501900,2009-12-18,TMIN,-68
CA008501900,2014-08-21,TMAX,179
CA008501900,2011-11-05,TMAX,-6
CA008501900,2012-10-14,TMIN,-19
CA008501900,2012-02-01,TMIN,-236
CA008501900,2012-09-04,TMAX,153
CA008501900,2006-11-18,TMIN,13
CA008501900,2010-10-11,TMAX,67
CA008501900,2006-06-18,TMAX,283
CA008501900,2014-01-29,TMIN,-259
CA008501900,2006-11-18,TMAX,141
CA008501900,2012-01-24,TMAX,-181
CA008501900,2013-10-30,TMAX,-24
CA008501900,2011-05-20,TMIN,-16
CA008501900,2014-10-23,TMAX,124
CA008501900,2013-01-31,TMAX,73
CA008501900,2010-05-11,TMAX,75
CA008501900,2007-09-22,TMAX,153
CA008501900,2015-11-12,TMIN,-82
CA008501900,2008-06-12,TMIN,80
CA008501900,2005-11-28,TMIN,-110
CA008501900,2015-03-01,TMAX,-82
CA008501900,2006-01-16,TMIN,-97
CA008501900,2015-06-26,TMIN,45
CA008501900,2015-11-12,TMAX,1
CA008501900,2011-04-17,TMAX,32
CA008501900,2010-03-17,TMIN,-39
CA008501900,2010-05-05,TMIN,-5
CA008501900,2011-01-20,TMAX,-111
CA008501900,2012-12-27,TMIN,-188
CA008501900,2008-04-24,TMIN,-93
CA008501900,2014-10-18,TMIN,52
CA008501900,2008-11-12,TMAX,-2
CA008501900,2014-10-18,TMAX,175
CA008501900,2007-12-16,TMAX,-173
CA008501900,2005-06-17,TMAX,145
CA008501900,2015-10-31,TMAX,19
CA008501900,2014-03-12,TMAX,-27
CA008501900,2011-11-01,TMAX,4
CA008501900,2011-07-11,TMIN,78
CA008501900,2009-11-21,TMIN,-44
CA008501900,2009-05-22,TMIN,2
CA008501900,2007-11-18,TMIN,-100
CA008501900,2012-12-27,TMAX,-100
CA008501900,2009-02-07,TMIN,-193
CA008501900,2012-05-19,TMAX,75
CA008501900,2011-01-20,TMIN,-192
CA008501900,2015-05-21,TMIN,-14
CA008501900,2007-09-22,TMIN,41
CA008501900,2008-10-17,TMIN,1
CA008501900,2006-01-16,TMAX,-48
CA008501900,2011-11-11,TMAX,110
CA008501900,2011-11-08,TMAX,41
CA008501900,2008-08-23,TMIN,196
CA008501900,2011-03-25,TMAX,-52
CA008501900,2007-07-30,TMAX,243
CA008501900,2007-08-04,TMIN,148
CA008501900,2011-12-23,TMIN,-248
CA008501900,2011-04-16,TMIN,-120
CA008501900,2006-07-21,TMIN,110
CA008501900,2011-12-23,TMAX,-156
CA008501900,2009-06-20,TMAX,187
CA008501900,2008-08-23,TMAX,304
CA008501900,2009-06-20,TMIN,71
CA008501900,2006-07-21,TMAX,283
CA008501900,2007-04-19,TMAX,73
CA008501900,2012-01-02,TMIN,-230
CA008501900,2012-04-19,TMIN,-77
CA008501900,2006-09-12,TMAX,218
CA008501900,2005-04-08,TMIN,-55
CA008501900,2005-03-31,TMIN,-172
CA008501900,2009-11-12,TMIN,-124
CA008501900,2006-04-04,TMAX,-2
CA008501900,2006-01-17,TMIN,-226
CA008501900,2007-12-16,TMIN,-237
CA008501900,2010-05-12,TMAX,32
CA008501900,2007-05-22,TMIN,-37
CA008501900,2012-05-13,TMIN,4
CA008501900,2014-05-19,TMIN,86
CA008501900,2008-11-01,TMIN,-56
CA008501900,2015-07-22,TMIN,119
CA008501900,2006-10-30,TMIN,4
CA008501900,2006-10-30,TMAX,58
CA008501900,2005-02-28,TMIN,-187
CA008501900,2006-01-21,TMIN,-212
CA008501900,2008-04-24,TMAX,38
CA008501900,2015-04-24,TMIN,2
CA008501900,2005-02-28,TMAX,-86
CA008501900,2014-03-19,TMAX,-37
CA008501900,2011-03-28,TMAX,31
CA008501900,2006-02-28,TMAX,-108
CA008501900,2015-06-26,TMAX,171
CA008501900,2014-03-19,TMIN,-168
CA008501900,2005-08-06,TMIN,133
CA008501900,2008-04-16,TMAX,123
CA008501900,2013-07-22,TMIN,106
CA008501900,2008-04-16,TMIN,-51
CA008501900,2005-12-28,TMAX,-69
CA008501900,2014-09-04,TMAX,206
CA008501900,2007-03-22,TMIN,-164
CA008501900,2011-08-31,TMIN,43
CA008501900,2015-07-22,TMAX,188
CA008501900,2009-07-08,TMAX,195
CA008501900,2011-12-14,TMAX,-95
CA008501900,2008-07-07,TMAX,311
CA008501900,2011-03-02,TMIN,-202
CA008501900,2008-02-20,TMAX,-126
CA008501900,2012-07-15,TMIN,88
CA008501900,2015-06-05,TMAX,163
CA008501900,2014-02-21,TMIN,-180
CA008501900,2007-01-11,TMIN,-169
CA008501900,2014-09-01,TMIN,75
CA008501900,2015-04-24,TMAX,57
CA008501900,2015-03-23,TMIN,-151
CA008501900,2007-11-18,TMAX,11
CA008501900,2007-12-05,TMAX,-142
CA008501900,2005-05-03,TMIN,26
CA008501900,2015-08-29,TMAX,196
CA008501900,2007-03-09,TMAX,-116
CA008501900,2008-11-12,TMIN,-85
CA008501900,2011-07-11,TMAX,162
CA008501900,2005-02-11,TMAX,-61
CA008501900,2011-01-26,TMIN,-261
CA008501900,2005-02-11,TMIN,-177
CA008501900,2015-06-08,TMAX,236
CA008501900,2014-05-05,TMAX,45
CA008501900,2006-08-17,TMIN,99
CA008501900,2015-08-29,TMIN,93
CA008501900,2014-05-05,TMIN,-21
CA008501900,2014-12-08,TMIN,-228
CA008501900,2011-01-26,TMAX,-168
CA008501900,2015-06-08,TMIN,99
CA008501900,2012-05-19,TMIN,2
CA008501900,2011-03-28,TMIN,-54
CA008501900,2009-11-21,TMAX,-7
CA008501900,2008-06-12,TMAX,152
CA008501900,2008-07-07,TMIN,139
CA008501900,2007-09-17,TMIN,58
CA008501900,2005-10-31,TMAX,54
CA008501900,2010-12-02,TMIN,-76
CA008501900,2007-07-21,TMIN,113
CA008501900,2008-04-30,TMAX,172
CA008501900,2012-05-13,TMAX,56
CA008501900,2007-03-09,TMIN,-211
CA008501900,2013-03-26,TMIN,6
CA008501900,2006-04-04,TMIN,-40
CA008501900,2005-06-17,TMIN,81
CA008501900,2014-07-07,TMIN,74
CA008501900,2009-02-25,TMIN,-154
CA008501900,2009-05-29,TMIN,21
CA008501900,2009-05-29,TMAX,226
CA008501900,2012-08-02,TMIN,179
CA008501900,2012-08-02,TMAX,275
CA008501900,2005-12-03,TMAX,21
CA008501900,2009-12-06,TMAX,-72
CA008501900,2007-09-15,TMAX,177
CA008501900,2008-09-09,TMAX,212
CA008501900,2007-11-13,TMIN,-72
CA008501900,2005-11-16,TMAX,-29
CA008501900,2012-06-01,TMAX,117
CA008501900,2009-04-13,TMAX,7
CA008501900,2013-01-11,TMAX,-128
CA008501900,2008-09-09,TMIN,56
CA008501900,2014-04-18,TMAX,66
CA008501900,2005-03-11,TMAX,-61
CA008501900,2011-01-23,TMIN,-190
CA008501900,2011-01-12,TMIN,-42
CA008501900,2015-06-18,TMAX,263
CA008501900,2013-06-18,TMAX,179
CA008501900,2009-04-13,TMIN,-48
CA008501900,2014-12-04,TMAX,-24
CA008501900,2014-12-04,TMIN,-147
CA008501900,2013-06-18,TMIN,49
CA008501900,2008-02-24,TMIN,-166
CA008501900,2011-01-18,TMIN,-212
CA008501900,2012-04-19,TMAX,5
CA008501900,2014-07-07,TMAX,207
CA008501900,2014-07-11,TMIN,112
CA008501900,2008-02-18,TMIN,-247
CA008501900,2010-11-09,TMAX,53
CA008501900,2007-12-24,TMIN,-72
CA008501900,2013-01-31,TMIN,-108
CA008501900,2013-03-29,TMAX,-39
CA008501900,2013-12-26,TMIN,-199
CA008501900,2011-03-25,TMIN,-121
CA008501900,2006-11-21,TMAX,-7
CA008501900,2014-07-05,TMAX,145
CA008501900,2011-11-01,TMIN,-67
CA008501900,2013-08-19,TMAX,186
CA008501900,2008-06-07,TMAX,213
CA008501900,2013-08-19,TMIN,25
CA008501900,2015-04-27,TMIN,8
CA008501900,2005-04-29,TMIN,-29
CA008501900,2006-06-11,TMIN,80
CA008501900,2007-06-05,TMAX,193
CA008501900,2007-06-05,TMIN,87
CA008501900,2009-06-21,TMIN,82
CA008501900,2008-03-29,TMIN,-137
CA008501900,2013-01-11,TMIN,-236
CA008501900,2008-08-21,TMAX,222
CA008501900,2011-01-12,TMAX,7
CA008501900,2006-12-24,TMIN,-169
CA008501900,2009-05-07,TMAX,120
CA008501900,2006-06-29,TMAX,283
CA008501900,2005-12-08,TMAX,-86
CA008501900,2015-07-08,TMIN,120
CA008501900,2006-06-29,TMIN,175
CA008501900,2015-07-08,TMAX,178
CA008501900,2007-11-13,TMAX,-32
CA008501900,2009-06-21,TMAX,227
CA008501900,2011-12-02,TMIN,-119
CA008501900,2010-11-09,TMIN,-16
CA008501900,2005-01-12,TMIN,-229
CA008501900,2010-04-29,TMIN,1
CA008501900,2011-02-03,TMAX,-165
CA008501900,2009-11-12,TMAX,36
CA008501900,2015-10-11,TMIN,-27
CA008501900,2009-03-29,TMIN,-105
CA008501900,2012-06-28,TMAX,241
CA008501900,2011-12-29,TMAX,2
CA008501900,2011-12-29,TMIN,-26
CA008501900,2014-05-02,TMIN,-64
CA008501900,2010-05-12,TMIN,-2
CA008501900,2005-10-31,TMIN,-47
CA008501900,2010-05-11,TMIN,9
CA008501900,2009-11-24,TMIN,-1
CA008501900,2009-11-24,TMAX,41
CA008501900,2011-11-08,TMIN,0
CA008501900,2015-10-11,TMAX,40
CA008501900,2014-09-01,TMAX,191
CA008501900,2013-03-26,TMAX,33
CA008501900,2008-12-08,TMIN,-145
CA008501900,2006-01-17,TMAX,-96
CA008501900,2013-03-05,TMIN,-29
CA008501900,2007-08-28,TMIN,90
CA008501900,2008-02-27,TMAX,-188
CA008501900,2012-05-26,TMIN,41
CA008501900,2014-03-12,TMIN,-197
CA008501900,2007-01-11,TMAX,-82
CA008501900,2012-06-28,TMIN,157
CA008501900,2014-09-22,TMIN,63
CA008501900,2006-09-12,TMIN,95
CA008501900,2011-02-03,TMIN,-272
CA008501900,2006-06-18,TMIN,106
CA008501900,2007-08-28,TMAX,238
CA008501900,2013-02-24,TMIN,-216
CA008501900,2008-08-21,TMIN,44
CA008501900,2010-03-05,TMIN,-184
CA008501900,2015-05-18,TMIN,80
CA008501900,2005-04-09,TMAX,15
CA008501900,2010-03-05,TMAX,-24
CA008501900,2007-10-23,TMAX,75
CA008501900,2005-04-09,TMIN,-83
CA008501900,2007-07-25,TMIN,140
CA008501900,2005-10-11,TMIN,9
CA008501900,2015-05-21,TMAX,41
CA008501900,2013-03-05,TMAX,1
CA008501900,2005-02-22,TMAX,-118
CA008501900,2008-11-22,TMIN,-108
CA008501900,2007-09-15,TMIN,72
CA008501900,2007-12-09,TMAX,-83
CA008501900,2007-10-20,TMIN,-27
CA008501900,2008-03-29,TMAX,-20
CA008501900,2008-11-22,TMAX,10
CA008501900,2007-12-09,TMIN,-207
CA008501900,2005-06-18,TMAX,153
CA008501900,2012-06-01,TMIN,52
CA008501900,2007-07-30,TMIN,96
CA008501900,2005-12-28,TMIN,-156
CA008501900,2013-12-26,TMAX,-142
CA008501900,2009-07-26,TMAX,255
CA008501900,2005-10-11,TMAX,87
CA008501900,2008-10-21,TMIN,-54
CA008501900,2009-07-26,TMIN,110
CA008501900,2005-10-17,TMIN,46
CA008501900,2008-02-27,TMIN,-301
CA008501900,2008-08-03,TMAX,195
CA008501900,2014-08-05,TMIN,154
CA008501900,2009-07-05,TMIN,33
CA008501900,2010-10-29,TMAX,51
CA008501900,2009-12-09,TMIN,-194
CA008501900,2012-09-21,TMIN,-5
CA008501900,2009-09-22,TMIN,147
CA008501900,2005-08-17,TMAX,206
CA008501900,2010-11-02,TMIN,-22
CA008501900,2012-06-20,TMAX,276
CA008501900,2009-02-18,TMAX,-113
CA008501900,2014-07-08,TMIN,66
CA008501900,2006-08-27,TMAX,214
CA008501900,2013-06-14,TMIN,59
CA008501900,2015-01-30,TMIN,-258
CA008501900,2013-07-06,TMAX,248
CA008501900,2006-08-29,TMIN,75
CA008501900,2013-03-19,TMIN,-216
CA008501900,2014-08-14,TMAX,278
CA008501900,2010-10-19,TMIN,13
CA008501900,2009-04-08,TMIN,3
CA008501900,2009-12-09,TMAX,-80
CA008501900,2009-09-21,TMIN,84
CA008501900,2012-06-13,TMIN,171
CA008501900,2006-04-19,TMAX,183
CA008501900,2006-01-25,TMIN,-199
CA008501900,2009-01-21,TMAX,-156
CA008501900,2011-04-14,TMAX,61
CA008501900,2011-04-14,TMIN,-169
CA008501900,2012-09-12,TMAX,195
CA008501900,2008-07-21,TMAX,223
CA008501900,2011-12-06,TMAX,-89
CA008501900,2013-03-19,TMAX,-76
CA008501900,2015-10-02,TMAX,78
CA008501900,2013-11-16,TMAX,19
CA008501900,2010-09-05,TMIN,79
CA008501900,2015-03-07,TMAX,-79
CA008501900,2011-01-13,TMAX,-17
CA008501900,2007-03-19,TMIN,-162
CA008501900,2011-10-09,TMAX,195
CA008501900,2009-09-22,TMAX,252
CA008501900,2015-05-12,TMIN,-27
CA008501900,2010-11-25,TMAX,45
CA008501900,2009-04-08,TMAX,42
CA008501900,2013-03-02,TMAX,-21
CA008501900,2012-05-03,TMIN,-36
CA008501900,2013-08-22,TMAX,246
CA008501900,2013-09-15,TMAX,178
CA008501900,2006-07-24,TMAX,244
CA008501900,2006-09-22,TMAX,121
CA008501900,2005-08-02,TMIN,124
CA008501900,2010-09-24,TMAX,122
CA008501900,2007-12-19,TMAX,-171
CA008501900,2014-06-14,TMIN,64
CA008501900,2010-09-02,TMAX,153
CA008501900,2010-05-31,TMAX,122
CA008501900,2012-06-13,TMAX,324
CA008501900,2013-06-14,TMAX,179
CA008501900,2006-01-26,TMAX,-127
CA008501900,2005-01-15,TMAX,-170
CA008501900,2010-10-04,TMAX,146
CA008501900,2015-04-10,TMIN,-163
CA008501900,2011-09-27,TMAX,100
CA008501900,2005-12-26,TMIN,-303
CA008501900,2009-04-06,TMAX,6
CA008501900,2008-05-19,TMIN,27
CA008501900,2009-01-01,TMIN,-174
CA008501900,2010-11-02,TMAX,18
CA008501900,2013-06-03,TMAX,79
CA008501900,2009-08-20,TMAX,208
CA008501900,2006-02-23,TMAX,-112
CA008501900,2008-06-09,TMAX,114
CA008501900,2008-02-14,TMIN,-135
CA008501900,2008-09-27,TMAX,243
CA008501900,2009-08-20,TMIN,121
CA008501900,2010-02-19,TMAX,19
CA008501900,2006-08-15,TMIN,128
CA008501900,2011-01-10,TMAX,26
CA008501900,2007-09-28,TMIN,30
CA008501900,2012-05-06,TMIN,7
CA008501900,2010-04-24,TMIN,-23
CA008501900,2014-05-09,TMAX,103
CA008501900,2013-02-18,TMAX,15
CA008501900,2011-10-10,TMAX,111
CA008501900,2013-09-08,TMAX,120
CA008501900,2008-03-21,TMAX,32
CA008501900,2011-10-14,TMAX,72
CA008501900,2007-01-07,TMAX,5
CA008501900,2009-07-13,TMIN,160
CA008501900,2015-06-15,TMIN,-5
CA008501900,2008-06-26,TMAX,109
CA008501900,2010-11-10,TMIN,-64
CA008501900,2012-04-17,TMAX,-40
CA008501900,2013-08-15,TMIN,76
CA008501900,2014-12-15,TMIN,-134
CA008501900,2011-01-19,TMAX,-107
CA008501900,2013-03-07,TMIN,-115
CA008501900,2013-07-12,TMAX,261
CA008501900,2014-07-09,TMAX,161
CA008501900,2015-04-04,TMIN,-102
CA008501900,2013-10-02,TMIN,87
CA008501900,2011-10-10,TMIN,57
CA008501900,2009-07-10,TMIN,98
CA008501900,2011-05-07,TMAX,140
CA008501900,2006-02-13,TMIN,-252
CA008501900,2008-11-17,TMAX,145
CA008501900,2012-05-21,TMIN,8
CA008501900,2011-09-04,TMAX,182
CA008501900,2008-03-21,TMIN,-38
CA008501900,2012-05-06,TMAX,57
CA008501900,2009-10-13,TMIN,-9
CA008501900,2009-10-09,TMIN,13
CA008501900,2005-08-26,TMAX,208
CA008501900,2015-10-18,TMIN,-53
CA008501900,2009-09-18,TMIN,60
CA008501900,2013-10-02,TMAX,201
CA008501900,2009-12-07,TMIN,-126
CA008501900,2006-08-15,TMAX,204
CA008501900,2005-10-25,TMAX,47
CA008501900,2007-12-26,TMIN,-192
CA008501900,2006-01-25,TMAX,-117
CA008501900,2010-10-04,TMIN,32
CA008501900,2012-08-31,TMIN,56
CA008501900,2011-06-01,TMAX,100
CA008501900,2006-03-27,TMAX,-21
CA008501900,2010-02-03,TMAX,-185
CA008501900,2012-05-03,TMAX,68
CA008501900,2012-09-13,TMAX,255
CA008501900,2011-06-01,TMIN,-8
CA008501900,2005-08-17,TMIN,71
CA008501900,2005-04-07,TMIN,-35
CA008501900,2015-10-18,TMAX,5
CA008501900,2014-12-26,TMIN,-31
CA008501900,2007-10-18,TMIN,-18
CA008501900,2009-03-22,TMAX,-29
CA008501900,2010-12-30,TMIN,-95
CA008501900,2010-04-24,TMAX,31
CA008501900,2014-05-26,TMIN,-5
CA008501900,2005-04-17,TMAX,170
CA008501900,2010-11-25,TMIN,12
CA008501900,2007-10-27,TMAX,124
CA008501900,2008-06-26,TMIN,81
CA008501900,2012-08-13,TMAX,195
CA008501900,2013-08-21,TMAX,239
CA008501900,2014-12-15,TMAX,-15
CA008501900,2010-07-19,TMIN,104
CA008501900,2006-03-25,TMAX,37
CA008501900,2009-05-12,TMIN,-34
CA008501900,2015-06-03,TMIN,20
CA008501900,2006-03-25,TMIN,-65
CA008501900,2013-09-15,TMIN,67
CA008501900,2013-09-08,TMIN,62
CA008501900,2006-07-24,TMIN,134
CA008501900,2010-11-04,TMIN,-2
CA008501900,2007-08-03,TMIN,53
CA008501900,2007-04-22,TMIN,-83
CA008501900,2012-02-19,TMAX,-73
CA008501900,2005-05-09,TMIN,-2
CA008501900,2014-12-30,TMAX,-193
CA008501900,2015-01-07,TMAX,-271
CA008501900,2007-03-13,TMAX,-100
CA008501900,2010-11-04,TMAX,74
CA008501900,2015-01-07,TMIN,-315
CA008501900,2007-02-06,TMAX,-148
CA008501900,2015-11-01,TMIN,-48
CA008501900,2015-05-29,TMIN,3
CA008501900,2015-01-16,TMIN,-195
CA008501900,2012-01-06,TMAX,-159
CA008501900,2012-02-19,TMIN,-130
CA008501900,2015-11-08,TMIN,-42
CA008501900,2007-02-06,TMIN,-247
CA008501900,2010-05-31,TMIN,50
CA008501900,2011-10-02,TMAX,77
CA008501900,2014-02-01,TMIN,-196
CA008501900,2009-03-22,TMIN,-207
CA008501900,2009-05-28,TMIN,24
CA008501900,2014-11-10,TMAX,18
CA008501900,2011-11-20,TMAX,-56
CA008501900,2012-10-06,TMAX,139
CA008501900,2011-08-13,TMAX,200
CA008501900,2010-09-06,TMAX,157
CA008501900,2015-08-13,TMAX,159
CA008501900,2005-07-27,TMAX,247
CA008501900,2007-02-21,TMIN,-190
CA008501900,2010-07-12,TMAX,264
CA008501900,2006-02-23,TMIN,-310
CA008501900,2005-08-24,TMAX,195
CA008501900,2006-09-28,TMAX,195
CA008501900,2005-09-29,TMAX,185
CA008501900,2005-12-10,TMAX,-82
CA008501900,2013-02-12,TMIN,-174
CA008501900,2006-04-16,TMIN,-3
CA008501900,2012-12-05,TMAX,7
CA008501900,2015-08-07,TMAX,158
CA008501900,2014-02-27,TMAX,-153
CA008501900,2013-03-14,TMIN,36
CA008501900,2010-04-15,TMIN,-52
CA008501900,2012-12-05,TMIN,-37
CA008501900,2008-05-31,TMAX,134
CA008501900,2013-07-01,TMAX,228
CA008501900,2006-12-08,TMIN,-176
CA008501900,2012-08-15,TMAX,216
CA008501900,2012-09-20,TMIN,16
CA008501900,2012-09-20,TMAX,148
CA008501900,2005-07-27,TMIN,144
CA008501900,2008-01-18,TMAX,-33
CA008501900,2014-06-14,TMAX,231
CA008501900,2010-08-27,TMAX,208
CA008501900,2015-12-04,TMIN,-242
CA008501900,2014-12-26,TMAX,46
CA008501900,2008-02-14,TMAX,-77
CA008501900,2006-09-28,TMIN,1
CA008501900,2008-01-18,TMIN,-96
CA008501900,2014-11-27,TMAX,-95
CA008501900,2015-08-27,TMIN,156
CA008501900,2012-09-12,TMIN,40
CA008501900,2010-09-06,TMIN,89
CA008501900,2007-08-06,TMAX,241
CA008501900,2014-12-30,TMIN,-257
CA008501900,2011-11-20,TMIN,-101
CA008501900,2014-02-18,TMIN,-236
CA008501900,2010-06-10,TMIN,33
CA008501900,2011-01-13,TMIN,-48
CA008501900,2014-02-27,TMIN,-254
CA008501900,2007-03-13,TMIN,-235
CA008501900,2007-04-12,TMIN,-91
CA008501900,2010-08-12,TMIN,98
CA008501900,2008-09-15,TMIN,35
CA008501900,2010-02-19,TMIN,-12
CA008501900,2014-12-03,TMIN,-224
CA008501900,2006-03-07,TMIN,-164
CA008501900,2011-06-14,TMIN,75
CA008501900,2010-02-12,TMAX,20
CA008501900,2008-10-02,TMIN,74
CA008501900,2011-05-01,TMAX,159
CA008501900,2015-02-12,TMAX,-220
CA008501900,2015-04-15,TMIN,-95
CA008501900,2009-12-21,TMAX,26
CA008501900,2012-06-20,TMIN,149
CA008501900,2012-03-21,TMAX,-67
CA008501900,2014-07-24,TMAX,209
CA008501900,2014-03-23,TMIN,-142
CA008501900,2005-08-02,TMAX,237
CA008501900,2009-02-18,TMIN,-234
CA008501900,2013-06-03,TMIN,22
CA008501900,2006-12-31,TMAX,-101
CA008501900,2006-04-16,TMAX,20
CA008501900,2008-12-21,TMAX,-242
CA008501900,2010-11-19,TMAX,38
CA008501900,2005-02-23,TMIN,-254
CA008501900,2014-07-24,TMIN,95
CA008501900,2006-04-03,TMIN,-57
CA008501900,2008-08-08,TMIN,106
CA008501900,2007-01-07,TMIN,-48
CA008501900,2006-03-07,TMAX,-31
CA008501900,2015-09-23,TMIN,68
CA008501900,2008-09-19,TMAX,108
CA008501900,2013-02-18,TMIN,-54
CA008501900,2014-08-18,TMAX,218
CA008501900,2011-09-27,TMIN,46
CA008501900,2015-12-25,TMIN,-55
CA008501900,2015-06-15,TMAX,234
CA008501900,2005-11-17,TMIN,-49
CA008501900,2005-07-02,TMIN,149
CA008501900,2010-02-03,TMIN,-266
CA008501900,2006-06-14,TMIN,77
CA008501900,2015-06-21,TMIN,81
CA008501900,2013-03-04,TMIN,-14
CA008501900,2014-09-08,TMIN,60
CA008501900,2005-02-23,TMAX,-77
CA008501900,2005-04-14,TMAX,-35
CA008501900,2013-03-04,TMAX,13
CA008501900,2015-11-17,TMAX,-31
CA008501900,2012-01-07,TMIN,-261
CA008501900,2015-12-04,TMAX,-103
CA008501900,2009-05-28,TMAX,150
CA008501900,2014-11-30,TMAX,20
CA008501900,2014-08-14,TMIN,140
CA008501900,2008-09-15,TMAX,124
CA008501900,2008-12-12,TMAX,-87
CA008501900,2012-03-21,TMIN,-141
CA008501900,2015-12-25,TMAX,48
CA008501900,2005-01-15,TMIN,-233
CA008501900,2008-08-08,TMAX,157
CA008501900,2005-04-14,TMIN,-113
CA008501900,2015-03-07,TMIN,-271
CA008501900,2007-02-04,TMIN,-221
CA008501900,2011-09-06,TMIN,27
CA008501900,2012-01-26,TMAX,-117
CA008501900,2013-03-14,TMAX,100
CA008501900,2013-12-16,TMAX,-182
CA008501900,2008-03-10,TMAX,-63
CA008501900,2014-11-30,TMIN,-200
CA008501900,2008-03-22,TMAX,47
CA008501900,2007-04-22,TMAX,68
CA008501900,2014-09-09,TMAX,252
CA008501900,2010-06-16,TMAX,133
CA008501900,2011-07-22,TMAX,176
CA008501900,2009-01-20,TMIN,-261
CA008501900,2012-10-06,TMIN,54
CA008501900,2012-05-21,TMAX,142
CA008501900,2015-04-01,TMAX,14
CA008501900,2010-11-19,TMIN,-69
CA008501900,2005-12-24,TMIN,-269
CA008501900,2006-10-05,TMAX,91
CA008501900,2007-05-11,TMAX,135
CA008501900,2015-08-14,TMAX,257
CA008501900,2010-09-02,TMIN,98
CA008501900,2015-08-14,TMIN,146
CA008501900,2013-12-16,TMIN,-242
CA008501900,2010-11-15,TMAX,26
CA008501900,2010-11-15,TMIN,-82
CA008501900,2005-10-19,TMIN,44
CA008501900,2005-09-29,TMIN,53
CA008501900,2006-11-10,TMAX,47
CA008501900,2008-11-03,TMIN,-55
CA008501900,2005-10-24,TMIN,4
CA008501900,2011-04-21,TMIN,-86
CA008501900,2005-10-24,TMAX,50
CA008501900,2011-08-23,TMIN,152
CA008501900,2012-04-24,TMIN,-11
CA008501900,2012-12-20,TMIN,-202
CA008501900,2008-04-02,TMIN,-48
CA008501900,2014-07-08,TMAX,220
CA008501900,2011-08-23,TMAX,203
CA008501900,2009-03-06,TMAX,-90
CA008501900,2010-10-17,TMIN,50
CA008501900,2015-12-24,TMIN,-228
CA008501900,2012-04-24,TMAX,106
CA008501900,2011-01-11,TMIN,-35
CA008501900,2010-03-01,TMIN,-104
CA008501900,2008-02-21,TMAX,-143
CA008501900,2010-01-19,TMAX,-149
CA008501900,2006-11-10,TMIN,12
CA008501900,2006-05-06,TMIN,48
CA008501900,2006-10-05,TMIN,12
CA008501900,2009-03-31,TMAX,5
CA008501900,2008-03-25,TMAX,-79
CA008501900,2015-11-17,TMIN,-112
CA008501900,2013-05-17,TMIN,-17
CA008501900,2013-09-05,TMIN,57
CA008501900,2011-10-14,TMIN,30
CA008501900,2011-10-08,TMIN,30
CA008501900,2013-09-05,TMAX,140
CA008501900,2006-05-12,TMIN,51
CA008501900,2011-05-26,TMIN,-7
CA008501900,2006-09-16,TMAX,156
CA008501900,2015-07-04,TMIN,121
CA008501900,2013-07-01,TMIN,83
CA008501900,2009-08-04,TMIN,126
CA008501900,2005-09-07,TMAX,261
CA008501900,2015-10-04,TMAX,202
CA008501900,2009-12-21,TMIN,13
CA008501900,2005-06-18,TMIN,53
CA008501900,2014-04-17,TMIN,-124
CA008501900,2013-02-12,TMAX,-118
CA008501900,2005-10-20,TMIN,53
CA008501900,2009-06-18,TMAX,275
CA008501900,2010-01-22,TMIN,-236
CA008501900,2007-10-07,TMIN,39
CA008501900,2014-02-20,TMIN,-206
CA008501900,2006-06-02,TMIN,47
CA008501900,2012-10-16,TMIN,-15
CA008501900,2010-10-27,TMIN,-70
CA008501900,2009-07-10,TMAX,266
CA008501900,2009-08-12,TMIN,81
CA008501900,2006-09-22,TMIN,32
CA008501900,2007-05-11,TMIN,2
CA008501900,2014-02-07,TMAX,-134
CA008501900,2010-12-05,TMAX,55
CA008501900,2015-02-27,TMIN,-266
CA008501900,2013-05-11,TMIN,-37
CA008501900,2006-05-21,TMAX,84
CA008501900,2005-11-24,TMIN,8
CA008501900,2007-06-27,TMIN,90
CA008501900,2011-10-09,TMIN,60
CA008501900,2005-04-16,TMAX,154
CA008501900,2009-03-06,TMIN,-287
CA008501900,2011-07-22,TMIN,76
CA008501900,2007-10-29,TMIN,-54
CA008501900,2010-03-24,TMIN,-131
CA008501900,2015-07-11,TMAX,158
CA008501900,2010-03-24,TMAX,-36
CA008501900,2008-09-13,TMAX,204
CA008501900,2006-05-06,TMAX,142
CA008501900,2013-05-05,TMIN,-19
CA008501900,2010-01-19,TMIN,-251
CA008501900,2013-05-11,TMAX,36
CA008501900,2013-06-25,TMIN,29
CA008501900,2005-05-19,TMAX,107
CA008501900,2012-09-25,TMIN,50
CA008501900,2013-06-25,TMAX,135
CA008501900,2008-05-14,TMIN,-8
CA008501900,2012-03-17,TMIN,-93
CA008501900,2013-11-26,TMIN,-173
CA008501900,2006-06-14,TMAX,222
CA008501900,2008-01-02,TMAX,-210
CA008501900,2007-03-19,TMAX,22
CA008501900,2015-07-11,TMIN,84
CA008501900,2012-09-25,TMAX,140
CA008501900,2015-02-04,TMIN,-333
CA008501900,2015-06-21,TMAX,224
CA008501900,2015-02-27,TMAX,-173
CA008501900,2013-05-05,TMAX,53
CA008501900,2007-09-09,TMAX,147
CA008501900,2014-11-03,TMIN,-7
CA008501900,2012-08-15,TMIN,131
CA008501900,2008-05-14,TMAX,197
CA008501900,2015-05-05,TMIN,5
CA008501900,2007-09-09,TMIN,38
CA008501900,2008-03-10,TMIN,-222
CA008501900,2015-05-05,TMAX,56
CA008501900,2012-01-13,TMIN,-266
CA008501900,2005-01-20,TMIN,-226
CA008501900,2014-03-23,TMAX,-34
CA008501900,2015-02-04,TMAX,-205
CA008501900,2009-10-09,TMAX,47
CA008501900,2007-02-23,TMIN,-103
CA008501900,2013-08-10,TMIN,139
CA008501900,2013-11-26,TMAX,-101
CA008501900,2013-08-10,TMAX,227
CA008501900,2012-08-13,TMIN,140
CA008501900,2005-04-28,TMAX,89
CA008501900,2010-09-01,TMAX,151
CA008501900,2008-05-17,TMIN,28
CA008501900,2015-11-18,TMAX,-45
CA008501900,2012-09-27,TMAX,123
CA008501900,2010-12-04,TMAX,58
CA008501900,2008-07-01,TMAX,162
CA008501900,2013-11-29,TMAX,-71
CA008501900,2005-11-24,TMAX,126
CA008501900,2015-10-04,TMIN,38
CA008501900,2011-04-21,TMAX,17
CA008501900,2008-05-17,TMAX,116
CA008501900,2005-01-20,TMAX,-111
CA008501900,2010-12-04,TMIN,8
CA008501900,2011-09-04,TMIN,93
CA008501900,2006-07-13,TMAX,234
CA008501900,2009-03-31,TMIN,-82
CA008501900,2012-10-16,TMAX,21
CA008501900,2007-07-15,TMIN,107
CA008501900,2015-05-28,TMAX,160
CA008501900,2009-12-03,TMIN,-44
CA008501900,2007-11-04,TMAX,37
CA008501900,2007-02-23,TMAX,26
CA008501900,2010-03-01,TMAX,-27
CA008501900,2011-05-26,TMAX,165
CA008501900,2006-04-19,TMIN,-13
CA008501900,2008-07-01,TMIN,99
CA008501900,2008-04-02,TMAX,-14
CA008501900,2012-01-26,TMIN,-187
CA008501900,2005-12-24,TMAX,-172
CA008501900,2015-07-04,TMAX,180
CA008501900,2007-10-07,TMAX,58
CA008501900,2007-05-07,TMAX,42
CA008501900,2011-12-19,TMAX,-107
CA008501900,2011-01-19,TMIN,-216
CA008501900,2010-11-26,TMAX,47
CA008501900,2015-04-12,TMAX,-13
CA008501900,2009-08-23,TMAX,216
CA008501900,2014-04-17,TMAX,-32
CA008501900,2014-05-09,TMIN,-32
CA008501900,2011-10-05,TMAX,33
CA008501900,2014-11-03,TMAX,7
CA008501900,2015-09-22,TMAX,241
CA008501900,2008-12-21,TMIN,-332
CA008501900,2012-03-17,TMAX,17
CA008501900,2006-09-16,TMIN,37
CA008501900,2011-05-31,TMAX,114
CA008501900,2014-09-09,TMIN,45
CA008501900,2011-12-19,TMIN,-199
CA008501900,2008-02-21,TMIN,-221
CA008501900,2014-06-15,TMAX,147
CA008501900,2008-03-03,TMAX,-95
CA008501900,2005-12-03,TMIN,1
CA008501900,2006-07-13,TMIN,70
CA008501900,2005-09-06,TMAX,184
CA008501900,2005-08-11,TMAX,157
CA008501900,2015-12-03,TMIN,-219
CA008501900,2008-06-05,TMIN,8
CA008501900,2006-01-11,TMAX,-150
CA008501900,2010-04-23,TMAX,65
CA008501900,2011-06-14,TMAX,234
CA008501900,2005-03-21,TMAX,-44
CA008501900,2015-09-13,TMIN,68
CA008501900,2009-09-21,TMAX,219
CA008501900,2013-11-29,TMIN,-166
CA008501900,2007-10-02,TMAX,140
CA008501900,2005-03-12,TMAX,-57
CA008501900,2011-10-05,TMIN,-6
CA008501900,2009-05-12,TMAX,85
CA008501900,2010-10-16,TMIN,15
CA008501900,2009-08-21,TMIN,124
CA008501900,2007-02-04,TMAX,-35
CA008501900,2010-04-23,TMIN,-6
CA008501900,2009-08-21,TMAX,195
CA008501900,2009-07-13,TMAX,237
CA008501900,2011-02-12,TMIN,-272
CA008501900,2009-09-18,TMAX,188
CA008501900,2006-05-12,TMAX,228
CA008501900,2008-11-07,TMAX,-26
CA008501900,2014-12-06,TMAX,-59
CA008501900,2013-02-02,TMAX,-197
CA008501900,2007-09-23,TMAX,154
CA008501900,2014-12-06,TMIN,-219
CA008501900,2007-12-26,TMAX,-58
CA008501900,2012-11-07,TMIN,-50
CA008501900,2006-05-30,TMAX,175
CA008501900,2015-09-22,TMIN,44
CA008501900,2006-10-26,TMIN,12
CA008501900,2013-03-07,TMAX,-4
CA008501900,2008-07-21,TMIN,102
CA008501900,2014-08-11,TMAX,276
CA008501900,2013-08-15,TMAX,139
CA008501900,2014-06-15,TMIN,85
CA008501900,2014-02-01,TMAX,-152
CA008501900,2008-11-15,TMAX,70
CA008501900,2014-11-27,TMIN,-155
CA008501900,2011-12-12,TMAX,-145
CA008501900,2010-07-19,TMAX,219
CA008501900,2012-04-17,TMIN,-74
CA008501900,2012-11-07,TMAX,-8
CA008501900,2014-11-26,TMIN,-125
CA008501900,2013-02-02,TMIN,-253
CA008501900,2007-02-21,TMAX,-76
CA008501900,2014-07-15,TMIN,99
CA008501900,2005-09-07,TMIN,136
CA008501900,2006-05-21,TMIN,55
CA008501900,2009-05-13,TMAX,141
CA008501900,2009-08-04,TMAX,265
CA008501900,2015-07-01,TMIN,115
CA008501900,2009-03-04,TMAX,-67
CA008501900,2011-10-08,TMAX,113
CA008501900,2008-11-15,TMIN,40
CA008501900,2014-11-26,TMAX,-27
CA008501900,2012-11-19,TMIN,-65
CA008501900,2006-08-08,TMAX,189
CA008501900,2011-12-20,TMIN,-189
CA008501900,2006-08-08,TMIN,96
CA008501900,2011-12-20,TMAX,-84
CA008501900,2011-05-31,TMIN,1
CA008501900,2010-09-08,TMAX,139
CA008501900,2010-10-16,TMAX,83
CA008501900,2011-05-07,TMIN,12
CA008501900,2005-08-23,TMIN,63
CA008501900,2014-09-11,TMAX,131
CA008501900,2006-12-13,TMIN,-120
CA008501900,2005-10-20,TMAX,77
CA008501900,2009-04-06,TMIN,-35
CA008501900,2010-09-01,TMIN,48
CA008501900,2007-03-28,TMAX,4
CA008501900,2009-08-12,TMAX,238
CA008501900,2010-11-10,TMAX,16
CA008501900,2013-08-16,TMIN,63
CA008501900,2007-06-27,TMAX,159
CA008501900,2012-06-16,TMAX,245
CA008501900,2013-05-17,TMAX,17
CA008501900,2009-03-04,TMIN,-154
CA008501900,2012-06-16,TMIN,48
CA008501900,2006-12-25,TMIN,-74
CA008501900,2011-04-11,TMIN,25
CA008501900,2011-04-11,TMAX,147
CA008501900,2009-08-23,TMIN,93
CA008501900,2006-02-13,TMAX,-102
CA008501900,2013-07-12,TMIN,110
CA008501900,2012-11-19,TMAX,37
CA008501900,2005-03-12,TMIN,-219
CA008501900,2010-02-12,TMIN,-23
CA008501900,2012-01-13,TMAX,-169
CA008501900,2012-01-05,TMIN,-161
CA008501900,2012-01-05,TMAX,-41
CA008501900,2006-05-30,TMIN,57
CA008501900,2009-06-04,TMAX,131
CA008501900,2013-08-16,TMAX,206
CA008501900,2012-12-20,TMAX,-107
CA008501900,2015-07-01,TMAX,234
CA008501900,2007-11-06,TMAX,25
CA008501900,2008-12-29,TMIN,-160
CA008501900,2007-05-07,TMIN,-49
CA008501900,2010-10-23,TMAX,65
CA008501900,2010-10-22,TMAX,55
CA008501900,2008-03-03,TMIN,-164
CA008501900,2014-02-20,TMAX,-66
CA008501900,2014-09-11,TMIN,68
CA008501900,2006-09-27,TMIN,7
CA008501900,2010-10-22,TMIN,-6
CA008501900,2006-11-03,TMIN,-30
CA008501900,2013-08-29,TMIN,31
CA008501900,2006-06-02,TMAX,166
CA008501900,2010-01-22,TMAX,-169
CA008501900,2009-05-16,TMAX,113
CA008501900,2005-08-26,TMIN,86
CA008501900,2012-05-04,TMIN,17
CA008501900,2015-09-13,TMAX,194
CA008501900,2010-10-23,TMIN,46
CA008501900,2005-08-23,TMAX,157
CA008501900,2005-10-25,TMIN,5
CA008501900,2012-05-04,TMAX,109
CA008501900,2005-03-22,TMIN,-178
CA008501900,2006-09-27,TMAX,143
CA008501900,2015-12-24,TMAX,17
CA008501900,2010-12-05,TMIN,-6
CA008501900,2008-10-15,TMAX,107
CA008501900,2008-06-05,TMAX,99
CA008501900,2013-08-21,TMIN,121
CA008501900,2010-02-24,TMIN,-89
CA008501900,2008-07-05,TMAX,233
CA008501900,2013-04-19,TMIN,-33
CA008501900,2013-04-19,TMAX,27
CA008501900,2015-02-12,TMIN,-314
CA008501900,2009-12-22,TMIN,-5
CA008501900,2008-12-06,TMIN,-187
CA008501900,2015-09-17,TMIN,47
CA008501900,2008-10-15,TMIN,10
CA008501900,2006-05-23,TMAX,83
CA008501900,2007-07-26,TMIN,172
CA008501900,2005-03-15,TMIN,-21
CA008501900,2009-08-25,TMAX,152
CA008501900,2008-05-07,TMIN,3
CA008501900,2012-12-19,TMAX,-121
CA008501900,2012-06-14,TMAX,172
CA008501900,2012-05-20,TMIN,6
CA008501900,2008-07-24,TMIN,142
CA008501900,2010-03-27,TMIN,-199
CA008501900,2012-03-14,TMAX,-59
CA008501900,2014-03-24,TMAX,-95
CA008501900,2013-09-27,TMIN,19
CA008501900,2013-11-20,TMAX,15
CA008501900,2009-07-15,TMAX,205
CA008501900,2009-06-15,TMIN,18
CA008501900,2013-11-20,TMIN,-83
CA008501900,2012-12-17,TMAX,-44
CA008501900,2006-01-20,TMIN,-203
CA008501900,2009-07-04,TMIN,70
CA008501900,2007-06-20,TMIN,71
CA008501900,2011-11-28,TMIN,-129
CA008501900,2008-07-24,TMAX,327
CA008501900,2010-01-07,TMIN,-24
CA008501900,2008-12-16,TMIN,-148
CA008501900,2007-09-02,TMAX,164
CA008501900,2009-08-17,TMAX,148
CA008501900,2015-09-23,TMAX,196
CA008501900,2008-04-30,TMIN,50
CA008501900,2010-01-11,TMIN,-196
CA008501900,2007-01-09,TMAX,-65
CA008501900,2006-05-09,TMAX,185
CA008501900,2009-01-20,TMAX,-192
CA008501900,2007-04-03,TMIN,-224
CA008501900,2015-05-28,TMIN,33
CA008501900,2006-10-22,TMAX,60
CA008501900,2011-02-04,TMAX,-102
CA008501900,2011-05-25,TMAX,75
CA008501900,2005-03-15,TMAX,12
CA008501900,2013-06-04,TMIN,26
CA008501900,2008-01-15,TMAX,-97
CA008501900,2015-02-23,TMIN,-265
CA008501900,2015-06-09,TMIN,84
CA008501900,2008-03-22,TMIN,-14
CA008501900,2011-06-02,TMAX,105
CA008501900,2010-08-15,TMIN,108
CA008501900,2015-10-22,TMIN,-27
CA008501900,2009-07-16,TMIN,100
CA008501900,2008-01-11,TMIN,-170
CA008501900,2007-07-26,TMAX,261
CA008501900,2007-10-18,TMAX,46
CA008501900,2009-02-23,TMIN,-216
CA008501900,2014-03-24,TMIN,-194
CA008501900,2005-04-17,TMIN,24
CA008501900,2013-09-30,TMIN,112
CA008501900,2007-01-09,TMIN,-94
CA008501900,2012-03-14,TMIN,-238
CA008501900,2015-08-27,TMAX,193
CA008501900,2010-05-13,TMAX,36
CA008501900,2008-05-07,TMAX,104
CA008501900,2006-05-23,TMIN,26
CA008501900,2011-11-30,TMAX,13
CA008501900,2012-10-08,TMIN,7
CA008501900,2012-10-13,TMIN,3
CA008501900,2010-12-09,TMIN,-86
CA008501900,2015-12-11,TMIN,-12
CA008501900,2011-10-18,TMAX,109
CA008501900,2012-11-27,TMIN,-139
CA008501900,2014-11-10,TMIN,-59
CA008501900,2013-05-27,TMAX,29
CA008501900,2006-05-24,TMIN,-6
CA008501900,2010-02-08,TMIN,-36
CA008501900,2011-10-02,TMIN,-9
CA008501900,2008-03-20,TMAX,-36
CA008501900,2011-01-10,TMIN,5
CA008501900,2011-04-30,TMIN,-19
CA008501900,2012-12-23,TMIN,-15
CA008501900,2009-03-25,TMAX,45
CA008501900,2009-12-22,TMAX,15
CA008501900,2010-10-19,TMAX,62
CA008501900,2005-05-28,TMAX,200
CA008501900,2010-04-15,TMAX,38
CA008501900,2009-10-10,TMIN,1
CA008501900,2011-08-18,TMAX,218
CA008501900,2015-07-14,TMIN,99
CA008501900,2007-03-27,TMAX,87
CA008501900,2006-03-27,TMIN,-139
CA008501900,2008-03-06,TMIN,-209
CA008501900,2007-05-15,TMIN,-46
CA008501900,2010-06-16,TMIN,13
CA008501900,2010-10-29,TMIN,23
CA008501900,2011-07-01,TMIN,101
CA008501900,2015-01-17,TMIN,-281
CA008501900,2011-06-02,TMIN,29
CA008501900,2005-11-17,TMAX,26
CA008501900,2015-04-04,TMAX,-6
CA008501900,2007-05-02,TMIN,6
CA008501900,2011-05-25,TMIN,15
CA008501900,2009-10-03,TMIN,-3
CA008501900,2015-07-27,TMIN,118
CA008501900,2006-08-29,TMAX,211
CA008501900,2009-11-26,TMAX,1
CA008501900,2015-03-16,TMIN,-276
CA008501900,2012-06-27,TMIN,142
CA008501900,2007-05-08,TMIN,-16
CA008501900,2006-04-28,TMIN,-36
CA008501900,2012-07-18,TMAX,175
CA008501900,2011-08-18,TMIN,103
CA008501900,2009-10-03,TMAX,62
CA008501900,2012-12-17,TMIN,-76
CA008501900,2012-05-22,TMAX,301
CA008501900,2007-05-02,TMAX,44
CA008501900,2009-06-15,TMAX,207
CA008501900,2011-02-12,TMAX,-92
CA008501900,2012-09-21,TMAX,188
CA008501900,2008-07-10,TMAX,204
CA008501900,2012-10-13,TMAX,34
CA008501900,2012-12-23,TMAX,15
CA008501900,2012-05-20,TMAX,107
CA008501900,2012-06-14,TMIN,66
CA008501900,2011-05-01,TMIN,-19
CA008501900,2008-04-25,TMAX,86
CA008501900,2007-09-23,TMIN,52
CA008501900,2008-03-25,TMIN,-228
CA008501900,2006-07-18,TMIN,158
CA008501900,2006-05-24,TMAX,90
CA008501900,2007-08-01,TMIN,101
CA008501900,2011-10-15,TMIN,44
CA008501900,2010-04-25,TMIN,-14
CA008501900,2010-10-17,TMAX,75
CA008501900,2011-10-15,TMAX,122
CA008501900,2007-08-01,TMAX,171
CA008501900,2009-01-01,TMAX,-97
CA008501900,2006-10-26,TMAX,57
CA008501900,2010-02-20,TMIN,-5
CA008501900,2015-10-12,TMAX,48
CA008501900,2011-05-12,TMAX,163
CA008501900,2005-11-29,TMAX,88
CA008501900,2012-01-16,TMIN,-202
CA008501900,2011-11-28,TMAX,-44
CA008501900,2012-01-16,TMAX,-139
CA008501900,2015-09-30,TMAX,118
CA008501900,2007-02-02,TMIN,-306
CA008501900,2007-12-21,TMIN,-257
CA008501900,2010-06-13,TMIN,25
CA008501900,2006-08-27,TMIN,69
CA008501900,2012-04-27,TMAX,105
CA008501900,2006-10-22,TMIN,36
CA008501900,2011-10-21,TMAX,48
CA008501900,2011-07-21,TMIN,104
CA008501900,2009-04-25,TMAX,119
CA008501900,2015-10-12,TMIN,-34
CA008501900,2011-05-06,TMAX,64
CA008501900,2009-07-18,TMAX,177
CA008501900,2006-12-25,TMAX,-34
CA008501900,2007-10-15,TMIN,10
CA008501900,2012-12-19,TMIN,-195
CA008501900,2007-02-02,TMAX,-139
CA008501900,2006-08-16,TMIN,114
CA008501900,2005-04-26,TMAX,47
CA008501900,2008-04-25,TMIN,-76
CA008501900,2008-08-03,TMIN,134
CA008501900,2015-10-22,TMAX,17
CA008501900,2007-10-17,TMIN,-14
CA008501900,2012-02-09,TMAX,-81
CA008501900,2010-06-13,TMAX,208
CA008501900,2014-04-11,TMAX,102
CA008501900,2005-05-18,TMIN,20
CA008501900,2010-12-19,TMIN,5
CA008501900,2009-07-05,TMAX,88
CA008501900,2010-01-07,TMAX,0
CA008501900,2005-12-11,TMIN,-190
CA008501900,2008-08-27,TMIN,36
CA008501900,2011-10-21,TMIN,2
CA008501900,2011-05-12,TMIN,3
CA008501900,2015-12-11,TMAX,32
CA008501900,2005-10-15,TMIN,29
CA008501900,2015-03-16,TMAX,-97
CA008501900,2009-06-04,TMIN,23
CA008501900,2007-04-03,TMAX,-69
CA008501900,2014-11-18,TMIN,-143
CA008501900,2013-03-30,TMAX,-13
CA008501900,2012-04-27,TMIN,19
CA008501900,2011-12-06,TMIN,-199
CA008501900,2015-09-30,TMIN,46
CA008501900,2007-10-25,TMAX,73
CA008501900,2009-07-18,TMIN,94
CA008501900,2011-07-21,TMAX,190
CA008501900,2008-06-21,TMIN,110
CA008501900,2012-02-04,TMIN,-224
CA008501900,2014-03-16,TMIN,-104
CA008501900,2012-06-27,TMAX,218
CA008501900,2015-07-27,TMAX,238
CA008501900,2015-08-13,TMIN,103
CA008501900,2005-11-01,TMIN,-62
CA008501900,2010-02-20,TMAX,29
CA008501900,2008-07-05,TMIN,125
CA008501900,2008-06-09,TMIN,40
CA008501900,2005-11-01,TMAX,37
CA008501900,2009-09-23,TMIN,36
CA008501900,2006-11-03,TMAX,32
CA008501900,2012-02-18,TMIN,-254
CA008501900,2005-12-22,TMIN,-283
CA008501900,2009-03-02,TMAX,-154
CA008501900,2011-03-31,TMIN,-132
CA008501900,2005-11-29,TMIN,-63
CA008501900,2009-09-23,TMAX,224
CA008501900,2009-09-01,TMAX,175
CA008501900,2013-05-27,TMIN,1
CA008501900,2009-07-16,TMAX,165
CA008501900,2006-12-08,TMAX,-48
CA008501900,2015-01-06,TMIN,-276
CA008501900,2015-01-17,TMAX,-67
CA008501900,2015-11-18,TMIN,-73
CA008501900,2005-07-23,TMAX,219
CA008501900,2015-02-23,TMAX,-124
CA008501900,2009-06-24,TMAX,327
CA008501900,2006-06-19,TMAX,161
CA008501900,2006-01-26,TMIN,-164
CA008501900,2008-06-21,TMAX,247
CA008501900,2009-03-02,TMIN,-265
CA008501900,2007-10-15,TMAX,39
CA008501900,2010-05-10,TMAX,92
CA008501900,2010-04-25,TMAX,39
CA008501900,2008-09-21,TMIN,16
CA008501900,2008-02-20,TMIN,-199
CA008501900,2015-06-09,TMAX,114
CA008501900,2014-04-04,TMIN,-67
CA008501900,2011-05-06,TMIN,-37
CA008501900,2012-04-08,TMIN,-72
CA008501900,2008-08-27,TMAX,172
CA008501900,2012-02-18,TMAX,-93
CA008501900,2013-09-27,TMAX,209
CA008501900,2009-10-13,TMAX,64
CA008501900,2009-08-17,TMIN,65
CA008501900,2007-05-08,TMAX,120
CA008501900,2006-07-18,TMAX,261
CA008501900,2012-02-04,TMAX,-119
CA008501900,2010-01-11,TMAX,-60
CA008501900,2014-04-04,TMAX,7
CA008501900,2012-04-08,TMAX,30
CA008501900,2011-07-12,TMAX,111
CA008501900,2009-07-04,TMAX,103
CA008501900,2005-12-22,TMAX,-174
CA008501900,2012-07-18,TMIN,92
CA008501900,2007-05-29,TMIN,50
CA008501900,2011-03-31,TMAX,-4
CA008501900,2015-12-03,TMAX,-88
CA008501900,2013-09-03,TMAX,163
CA008501900,2012-11-29,TMIN,-177
CA008501900,2011-04-30,TMAX,48
CA008501900,2007-03-28,TMIN,-66
CA008501900,2009-08-25,TMIN,44
CA008501900,2013-04-15,TMAX,54
CA008501900,2015-04-19,TMAX,52
CA008501900,2013-11-16,TMIN,-46
CA008501900,2005-04-16,TMIN,-13
CA008501900,2008-08-10,TMAX,188
CA008501900,2006-12-13,TMAX,-2
CA008501900,2005-02-01,TMIN,-202
CA008501900,2014-04-10,TMIN,-138
CA008501900,2015-01-30,TMAX,-129
CA008501900,2005-12-10,TMIN,-170
CA008501900,2013-04-15,TMIN,-85
CA008501900,2011-10-18,TMIN,29
CA008501900,2013-06-19,TMAX,189
CA008501900,2015-01-16,TMAX,-45
CA008501900,2013-06-19,TMIN,84
CA008501900,2006-04-28,TMAX,44
CA008501900,2006-03-01,TMAX,-148
CA008501900,2011-05-04,TMAX,21
CA008501900,2008-08-10,TMIN,111
CA008501900,2008-12-29,TMAX,5
CA008501900,2009-06-24,TMIN,111
CA008501900,2010-09-24,TMIN,20
CA008501900,2014-03-17,TMIN,-108
CA008501900,2012-01-07,TMAX,-159
CA008501900,2009-11-26,TMIN,-31
CA008501900,2011-02-04,TMIN,-244
CA008501900,2009-02-23,TMAX,-102
CA008501900,2013-03-02,TMIN,-51
CA008501900,2011-02-06,TMIN,-194
CA008501900,2013-09-30,TMAX,250
CA008501900,2010-05-13,TMIN,1
CA008501900,2007-05-15,TMAX,90
CA008501900,2008-10-21,TMAX,6
CA008501900,2014-08-18,TMIN,150
CA008501900,2015-09-17,TMAX,83
CA008501900,2007-03-27,TMIN,-50
CA008501900,2006-01-11,TMIN,-233
CA008501900,2009-12-07,TMAX,-79
CA008501900,2006-09-25,TMIN,40
CA008501900,2008-10-02,TMAX,132
CA008501900,2012-11-27,TMAX,-93
CA008501900,2010-02-08,TMAX,13
CA008501900,2015-06-03,TMAX,239
CA008501900,2011-07-01,TMAX,154
CA008501900,2008-05-31,TMIN,15
CA008501900,2014-03-17,TMAX,-15
CA008501900,2015-04-22,TMAX,78
CA008501900,2015-11-01,TMAX,15
CA008501900,2014-07-09,TMIN,116
CA008501900,2007-04-12,TMAX,43
CA008501900,2015-04-01,TMIN,-70
CA008501900,2009-10-10,TMAX,60
CA008501900,2013-08-29,TMAX,188
CA008501900,2010-08-27,TMIN,111
CA008501900,2005-10-15,TMAX,127
CA008501900,2012-01-06,TMIN,-215
CA008501900,2014-11-18,TMAX,33
CA008501900,2015-05-23,TMAX,44
CA008501900,2006-09-25,TMAX,89
CA008501900,2006-01-31,TMIN,-281
CA008501900,2011-11-30,TMIN,-52
CA008501900,2015-11-08,TMAX,3
CA008501900,2006-04-18,TMAX,81
CA008501900,2014-04-10,TMAX,16
CA008501900,2008-07-10,TMIN,129
CA008501900,2014-05-18,TMAX,239
CA008501900,2014-09-08,TMAX,161
CA008501900,2005-08-24,TMIN,47
CA008501900,2010-09-05,TMAX,111
CA008501900,2014-08-11,TMIN,135
CA008501900,2014-05-18,TMIN,104
CA008501900,2008-10-12,TMAX,104
CA008501900,2008-10-12,TMIN,-2
CA008501900,2005-05-28,TMIN,51
CA008501900,2008-09-13,TMIN,98
CA008501900,2012-01-27,TMAX,-154
CA008501900,2008-12-06,TMAX,-123
CA008501900,2006-01-20,TMAX,-105
CA008501900,2015-08-07,TMIN,71
CA008501900,2012-10-08,TMAX,75
CA008501900,2015-04-22,TMIN,-13
