ID,Date,Element,Data_Value
ID000097900,2008-05-31,TMIN,220
ID000097900,2012-04-24,TMIN,242
ID000097900,2005-10-30,TMIN,244
ID000097900,2005-12-26,TMIN,240
ID000097900,2009-09-04,TMAX,303
ID000097900,2006-02-12,TMIN,250
ID000097900,2011-07-28,TMAX,287
ID000097900,2013-10-20,TMIN,260
ID000097900,2009-03-21,TMIN,235
ID000097900,2012-04-11,TMAX,320
ID000097900,2011-05-04,TMAX,314
ID000097900,2012-10-01,TMIN,253
ID000097900,2010-09-28,TMIN,254
ID000097900,2009-12-19,TMAX,320
ID000097900,2009-04-21,TMIN,224
ID000097900,2008-05-21,TMAX,300
ID000097900,2008-02-15,TMAX,283
ID000097900,2009-03-25,TMIN,236
ID000097900,2011-05-04,TMIN,248
ID000097900,2009-07-14,TMIN,224
ID000097900,2008-09-06,TMIN,235
ID000097900,2015-10-05,TMIN,230
ID000097900,2007-07-19,TMIN,220
ID000097900,2015-11-19,TMIN,247
ID000097900,2015-09-11,TMAX,300
ID000097900,2015-09-11,TMIN,245
ID000097900,2012-10-01,TMAX,310
ID000097900,2015-03-18,TMAX,334
ID000097900,2006-11-09,TMIN,240
ID000097900,2013-06-10,TMIN,247
ID000097900,2006-11-09,TMAX,330
ID000097900,2013-03-31,TMAX,333
ID000097900,2008-05-31,TMAX,292
ID000097900,2007-11-23,TMIN,234
ID000097900,2013-01-23,TMAX,329
ID000097900,2007-07-19,TMAX,271
ID000097900,2011-05-31,TMAX,302
ID000097900,2005-12-24,TMAX,322
ID000097900,2005-12-24,TMIN,242
ID000097900,2012-09-28,TMAX,315
ID000097900,2015-04-29,TMAX,310
ID000097900,2009-09-27,TMAX,316
ID000097900,2009-09-27,TMIN,250
ID000097900,2015-08-09,TMIN,228
ID000097900,2007-05-24,TMIN,225
ID000097900,2010-03-20,TMAX,331
ID000097900,2009-01-16,TMAX,322
ID000097900,2005-05-27,TMIN,240
ID000097900,2014-10-07,TMAX,308
ID000097900,2006-10-20,TMAX,304
ID000097900,2008-03-07,TMAX,326
ID000097900,2012-09-09,TMAX,300
ID000097900,2007-12-22,TMIN,240
ID000097900,2008-02-15,TMIN,221
ID000097900,2014-09-13,TMIN,229
ID000097900,2013-07-29,TMIN,247
ID000097900,2015-06-01,TMAX,304
ID000097900,2014-10-07,TMIN,219
ID000097900,2008-08-16,TMIN,230
ID000097900,2005-06-02,TMAX,306
ID000097900,2014-09-03,TMIN,236
ID000097900,2008-03-07,TMIN,235
ID000097900,2005-05-04,TMAX,314
ID000097900,2008-06-17,TMAX,302
ID000097900,2007-08-23,TMAX,286
ID000097900,2012-09-28,TMIN,246
ID000097900,2005-05-27,TMAX,304
ID000097900,2007-08-08,TMAX,288
ID000097900,2008-11-23,TMIN,250
ID000097900,2009-01-16,TMIN,235
ID000097900,2007-08-08,TMIN,230
ID000097900,2005-06-10,TMIN,245
ID000097900,2007-05-24,TMAX,319
ID000097900,2015-04-29,TMIN,249
ID000097900,2010-09-28,TMAX,312
ID000097900,2007-08-23,TMIN,220
ID000097900,2010-03-20,TMIN,256
ID000097900,2008-06-06,TMIN,240
ID000097900,2012-07-31,TMAX,272
ID000097900,2015-05-15,TMAX,296
ID000097900,2015-09-24,TMAX,300
ID000097900,2007-12-22,TMAX,348
ID000097900,2009-06-24,TMIN,236
ID000097900,2005-05-04,TMIN,251
ID000097900,2015-11-19,TMAX,334
ID000097900,2011-07-28,TMIN,246
ID000097900,2012-04-24,TMAX,312
ID000097900,2005-10-10,TMAX,320
ID000097900,2005-06-02,TMIN,240
ID000097900,2012-12-17,TMIN,259
ID000097900,2013-01-24,TMAX,328
ID000097900,2005-10-10,TMIN,234
ID000097900,2010-08-21,TMAX,298
ID000097900,2013-08-22,TMIN,232
ID000097900,2015-12-04,TMIN,249
ID000097900,2010-08-21,TMIN,250
ID000097900,2008-09-29,TMAX,310
ID000097900,2015-06-30,TMAX,293
ID000097900,2007-11-08,TMIN,248
ID000097900,2010-05-15,TMIN,258
ID000097900,2005-06-21,TMIN,226
ID000097900,2010-05-15,TMAX,312
ID000097900,2009-12-29,TMAX,338
ID000097900,2013-10-05,TMIN,240
ID000097900,2006-05-31,TMIN,235
ID000097900,2009-12-29,TMIN,256
ID000097900,2013-08-10,TMIN,235
ID000097900,2006-06-19,TMIN,224
ID000097900,2006-05-31,TMAX,302
ID000097900,2010-06-22,TMAX,286
ID000097900,2010-04-18,TMAX,340
ID000097900,2011-02-17,TMAX,318
ID000097900,2015-07-08,TMIN,242
ID000097900,2008-06-17,TMIN,223
ID000097900,2009-07-14,TMAX,304
ID000097900,2009-06-24,TMAX,300
ID000097900,2015-11-23,TMIN,260
ID000097900,2015-06-01,TMIN,242
ID000097900,2005-06-21,TMAX,313
ID000097900,2012-08-17,TMAX,289
ID000097900,2011-08-05,TMAX,288
ID000097900,2010-08-06,TMAX,292
ID000097900,2011-08-05,TMIN,242
ID000097900,2015-11-23,TMAX,334
ID000097900,2012-12-17,TMAX,342
ID000097900,2006-08-01,TMAX,298
ID000097900,2013-03-30,TMIN,252
ID000097900,2011-12-17,TMAX,326
ID000097900,2010-06-22,TMIN,245
ID000097900,2015-03-13,TMIN,263
ID000097900,2009-03-25,TMAX,325
ID000097900,2015-06-30,TMIN,236
ID000097900,2010-05-29,TMAX,284
ID000097900,2008-06-06,TMAX,300
ID000097900,2015-12-12,TMAX,342
ID000097900,2015-03-13,TMAX,324
ID000097900,2008-08-16,TMAX,293
ID000097900,2005-12-06,TMAX,328
ID000097900,2013-07-28,TMIN,239
ID000097900,2013-01-23,TMIN,273
ID000097900,2011-07-12,TMIN,250
ID000097900,2010-11-07,TMIN,236
ID000097900,2006-06-01,TMAX,292
ID000097900,2009-02-22,TMAX,322
ID000097900,2006-12-12,TMIN,239
ID000097900,2012-06-21,TMIN,239
ID000097900,2012-06-21,TMAX,296
ID000097900,2005-10-18,TMAX,310
ID000097900,2005-08-31,TMAX,297
ID000097900,2008-01-18,TMIN,252
ID000097900,2006-01-26,TMAX,310
ID000097900,2005-09-15,TMIN,235
ID000097900,2009-11-08,TMAX,324
ID000097900,2010-07-21,TMAX,290
ID000097900,2006-12-12,TMAX,338
ID000097900,2009-09-16,TMIN,254
ID000097900,2005-04-21,TMIN,240
ID000097900,2010-04-25,TMAX,324
ID000097900,2008-02-23,TMIN,246
ID000097900,2010-07-10,TMIN,247
ID000097900,2014-06-17,TMAX,293
ID000097900,2012-03-12,TMAX,300
ID000097900,2005-08-31,TMIN,231
ID000097900,2011-07-12,TMAX,282
ID000097900,2005-01-27,TMIN,252
ID000097900,2010-12-12,TMAX,314
ID000097900,2005-04-21,TMAX,315
ID000097900,2015-08-14,TMAX,286
ID000097900,2009-03-13,TMIN,235
ID000097900,2010-11-07,TMAX,318
ID000097900,2008-09-17,TMAX,302
ID000097900,2008-09-17,TMIN,230
ID000097900,2011-11-12,TMAX,325
ID000097900,2007-02-24,TMAX,326
ID000097900,2015-08-08,TMAX,289
ID000097900,2007-02-24,TMIN,231
ID000097900,2008-06-29,TMIN,207
ID000097900,2006-08-17,TMAX,290
ID000097900,2005-11-18,TMAX,345
ID000097900,2009-09-16,TMAX,311
ID000097900,2007-02-19,TMIN,225
ID000097900,2011-01-11,TMAX,331
ID000097900,2006-08-17,TMIN,230
ID000097900,2012-02-11,TMAX,324
ID000097900,2012-07-09,TMIN,238
ID000097900,2006-03-30,TMIN,240
ID000097900,2006-05-09,TMAX,321
ID000097900,2010-07-21,TMIN,238
ID000097900,2012-01-17,TMIN,258
ID000097900,2007-10-09,TMAX,338
ID000097900,2006-05-09,TMIN,230
ID000097900,2008-06-29,TMAX,286
ID000097900,2009-10-12,TMAX,316
ID000097900,2012-07-09,TMAX,290
ID000097900,2011-02-22,TMAX,318
ID000097900,2009-01-09,TMAX,328
ID000097900,2009-09-02,TMAX,304
ID000097900,2008-07-15,TMAX,292
ID000097900,2005-11-18,TMIN,249
ID000097900,2011-07-24,TMAX,279
ID000097900,2007-11-21,TMAX,340
ID000097900,2015-08-08,TMIN,230
ID000097900,2008-11-14,TMIN,250
ID000097900,2009-02-22,TMIN,240
ID000097900,2011-01-11,TMIN,270
ID000097900,2012-10-19,TMIN,254
ID000097900,2008-07-16,TMIN,236
ID000097900,2009-10-12,TMIN,254
ID000097900,2008-07-15,TMIN,230
ID000097900,2005-11-08,TMAX,332
ID000097900,2015-08-14,TMIN,237
ID000097900,2013-08-12,TMIN,245
ID000097900,2012-03-17,TMAX,292
ID000097900,2006-06-22,TMIN,236
ID000097900,2006-10-19,TMIN,230
ID000097900,2007-02-05,TMIN,252
ID000097900,2005-09-15,TMAX,308
ID000097900,2007-08-17,TMAX,274
ID000097900,2012-06-03,TMAX,301
ID000097900,2006-03-12,TMIN,228
ID000097900,2010-03-24,TMAX,328
ID000097900,2008-09-04,TMAX,292
ID000097900,2012-11-07,TMAX,324
ID000097900,2006-01-18,TMAX,276
ID000097900,2006-08-03,TMIN,220
ID000097900,2006-01-26,TMIN,249
ID000097900,2007-07-01,TMIN,225
ID000097900,2013-08-29,TMIN,251
ID000097900,2009-10-17,TMIN,258
ID000097900,2012-03-11,TMAX,282
ID000097900,2012-09-03,TMAX,296
ID000097900,2010-07-12,TMAX,291
ID000097900,2011-09-27,TMAX,292
ID000097900,2007-08-20,TMAX,286
ID000097900,2012-11-04,TMAX,326
ID000097900,2008-02-23,TMAX,320
ID000097900,2012-11-04,TMIN,244
ID000097900,2012-06-14,TMAX,286
ID000097900,2007-11-21,TMIN,246
ID000097900,2008-08-09,TMAX,278
ID000097900,2006-05-10,TMIN,221
ID000097900,2006-05-10,TMAX,318
ID000097900,2005-06-25,TMAX,303
ID000097900,2006-08-03,TMAX,296
ID000097900,2012-09-03,TMIN,243
ID000097900,2008-07-06,TMAX,283
ID000097900,2006-01-18,TMIN,240
ID000097900,2005-09-08,TMAX,298
ID000097900,2007-03-11,TMIN,230
ID000097900,2010-01-10,TMAX,310
ID000097900,2007-02-05,TMAX,324
ID000097900,2009-06-23,TMIN,214
ID000097900,2007-06-01,TMAX,302
ID000097900,2010-04-05,TMAX,336
ID000097900,2011-01-17,TMIN,242
ID000097900,2007-06-01,TMIN,240
ID000097900,2009-06-23,TMAX,295
ID000097900,2014-04-09,TMIN,251
ID000097900,2011-03-25,TMAX,308
ID000097900,2010-11-19,TMIN,250
ID000097900,2010-11-19,TMAX,328
ID000097900,2011-03-25,TMIN,249
ID000097900,2006-10-19,TMAX,300
ID000097900,2007-08-20,TMIN,227
ID000097900,2011-01-17,TMAX,330
ID000097900,2013-11-17,TMIN,254
ID000097900,2008-02-20,TMIN,236
ID000097900,2009-09-02,TMIN,246
ID000097900,2010-01-10,TMIN,240
ID000097900,2007-03-11,TMAX,284
ID000097900,2010-08-25,TMIN,250
ID000097900,2015-03-06,TMAX,300
ID000097900,2008-08-09,TMIN,224
ID000097900,2009-06-27,TMIN,225
ID000097900,2010-05-01,TMIN,254
ID000097900,2012-05-17,TMAX,300
ID000097900,2008-06-11,TMIN,236
ID000097900,2006-06-01,TMIN,225
ID000097900,2008-10-30,TMAX,318
ID000097900,2005-03-19,TMAX,314
ID000097900,2008-06-11,TMAX,296
ID000097900,2008-07-16,TMAX,288
ID000097900,2008-12-21,TMIN,229
ID000097900,2008-09-04,TMIN,226
ID000097900,2007-11-23,TMAX,340
ID000097900,2008-11-23,TMAX,362
ID000097900,2012-06-06,TMAX,274
ID000097900,2011-12-12,TMAX,315
ID000097900,2006-08-04,TMAX,290
ID000097900,2008-05-24,TMAX,284
ID000097900,2006-09-21,TMIN,232
ID000097900,2006-11-08,TMAX,319
ID000097900,2006-08-04,TMIN,227
ID000097900,2009-02-01,TMIN,248
ID000097900,2014-05-24,TMAX,308
ID000097900,2011-04-03,TMIN,257
ID000097900,2013-03-11,TMAX,304
ID000097900,2013-02-25,TMIN,255
ID000097900,2005-07-23,TMIN,240
ID000097900,2005-07-23,TMAX,299
ID000097900,2010-01-06,TMAX,308
ID000097900,2008-05-24,TMIN,233
ID000097900,2012-10-20,TMAX,312
ID000097900,2013-04-01,TMAX,329
ID000097900,2014-02-10,TMIN,252
ID000097900,2005-01-27,TMAX,346
ID000097900,2012-10-20,TMIN,256
ID000097900,2008-12-26,TMAX,306
ID000097900,2007-04-16,TMAX,310
ID000097900,2014-11-15,TMAX,328
ID000097900,2006-10-26,TMAX,302
ID000097900,2005-12-07,TMIN,238
ID000097900,2011-11-10,TMIN,257
ID000097900,2007-04-16,TMIN,222
ID000097900,2015-02-17,TMAX,324
ID000097900,2008-03-19,TMIN,240
ID000097900,2008-03-19,TMAX,314
ID000097900,2008-09-26,TMAX,309
ID000097900,2014-05-24,TMIN,249
ID000097900,2011-11-10,TMAX,336
ID000097900,2011-04-03,TMAX,324
ID000097900,2015-02-04,TMIN,262
ID000097900,2010-01-06,TMIN,257
ID000097900,2013-09-27,TMIN,222
ID000097900,2006-07-11,TMIN,223
ID000097900,2008-09-26,TMIN,240
ID000097900,2008-10-31,TMAX,319
ID000097900,2005-10-30,TMAX,332
ID000097900,2015-12-26,TMIN,270
ID000097900,2014-11-18,TMAX,323
ID000097900,2006-04-03,TMAX,300
ID000097900,2012-04-08,TMAX,320
ID000097900,2008-12-01,TMAX,328
ID000097900,2006-01-03,TMIN,215
ID000097900,2007-04-20,TMAX,313
ID000097900,2013-09-28,TMIN,224
ID000097900,2007-04-20,TMIN,234
ID000097900,2015-12-26,TMAX,320
ID000097900,2010-12-29,TMIN,266
ID000097900,2005-01-22,TMAX,310
ID000097900,2008-01-28,TMAX,336
ID000097900,2006-11-08,TMIN,229
ID000097900,2011-04-10,TMIN,253
ID000097900,2015-01-15,TMAX,322
ID000097900,2015-06-07,TMIN,260
ID000097900,2013-02-25,TMAX,296
ID000097900,2015-02-04,TMAX,333
ID000097900,2010-12-29,TMAX,322
ID000097900,2005-01-22,TMIN,225
ID000097900,2014-10-25,TMAX,312
ID000097900,2008-01-28,TMIN,239
ID000097900,2005-06-08,TMIN,240
ID000097900,2006-02-12,TMAX,328
ID000097900,2005-06-08,TMAX,302
ID000097900,2015-01-15,TMIN,256
ID000097900,2006-04-03,TMIN,236
ID000097900,2008-12-26,TMIN,234
ID000097900,2015-02-17,TMIN,241
ID000097900,2007-08-13,TMAX,282
ID000097900,2007-08-13,TMIN,225
ID000097900,2009-04-08,TMIN,232
ID000097900,2007-02-19,TMAX,340
ID000097900,2011-06-17,TMAX,292
ID000097900,2012-11-27,TMIN,256
ID000097900,2011-01-04,TMAX,335
ID000097900,2009-06-21,TMAX,304
ID000097900,2007-12-10,TMIN,240
ID000097900,2011-01-04,TMIN,249
ID000097900,2006-12-13,TMIN,246
ID000097900,2014-03-28,TMIN,250
ID000097900,2009-06-21,TMIN,207
ID000097900,2013-12-24,TMIN,246
ID000097900,2015-02-24,TMAX,338
ID000097900,2012-01-17,TMAX,328
ID000097900,2010-05-25,TMIN,263
ID000097900,2007-12-10,TMAX,344
ID000097900,2007-10-09,TMIN,215
ID000097900,2015-06-10,TMAX,298
ID000097900,2005-09-08,TMIN,232
ID000097900,2009-05-07,TMAX,301
ID000097900,2011-02-24,TMIN,238
ID000097900,2011-01-07,TMAX,312
ID000097900,2011-01-07,TMIN,238
ID000097900,2014-02-26,TMIN,247
ID000097900,2011-08-04,TMAX,286
ID000097900,2011-08-04,TMIN,244
ID000097900,2009-03-13,TMAX,329
ID000097900,2006-03-15,TMIN,244
ID000097900,2010-12-06,TMAX,344
ID000097900,2012-11-27,TMAX,336
ID000097900,2006-03-15,TMAX,318
ID000097900,2008-08-04,TMIN,230
ID000097900,2014-01-11,TMIN,228
ID000097900,2012-12-22,TMIN,262
ID000097900,2014-06-11,TMAX,299
ID000097900,2006-12-13,TMAX,338
ID000097900,2009-01-03,TMAX,306
ID000097900,2012-06-13,TMAX,283
ID000097900,2013-05-08,TMIN,262
ID000097900,2006-07-10,TMIN,235
ID000097900,2014-03-29,TMIN,258
ID000097900,2014-03-10,TMIN,245
ID000097900,2009-05-07,TMIN,225
ID000097900,2013-08-14,TMIN,247
ID000097900,2014-07-30,TMAX,286
ID000097900,2009-04-08,TMAX,328
ID000097900,2005-01-08,TMIN,225
ID000097900,2008-08-04,TMAX,288
ID000097900,2010-05-25,TMAX,306
ID000097900,2011-04-10,TMAX,302
ID000097900,2005-01-08,TMAX,326
ID000097900,2006-07-13,TMIN,230
ID000097900,2008-05-21,TMIN,233
ID000097900,2006-07-10,TMAX,288
ID000097900,2015-03-18,TMIN,240
ID000097900,2009-01-03,TMIN,235
ID000097900,2012-08-07,TMAX,288
ID000097900,2015-06-10,TMIN,256
ID000097900,2012-08-07,TMIN,244
ID000097900,2006-07-13,TMAX,302
ID000097900,2006-10-20,TMIN,240
ID000097900,2014-12-30,TMIN,252
ID000097900,2010-07-01,TMIN,244
ID000097900,2009-06-08,TMAX,309
ID000097900,2011-02-24,TMAX,296
ID000097900,2006-10-26,TMIN,235
ID000097900,2010-09-23,TMAX,308
ID000097900,2009-06-08,TMIN,236
ID000097900,2015-11-14,TMAX,332
ID000097900,2015-09-02,TMIN,216
ID000097900,2013-12-02,TMIN,251
ID000097900,2005-12-05,TMAX,319
ID000097900,2012-02-12,TMIN,250
ID000097900,2012-11-09,TMAX,322
ID000097900,2015-04-08,TMIN,254
ID000097900,2007-01-28,TMIN,229
ID000097900,2011-04-08,TMIN,254
ID000097900,2009-10-29,TMIN,232
ID000097900,2010-03-02,TMIN,264
ID000097900,2014-02-13,TMIN,246
ID000097900,2012-05-16,TMIN,242
ID000097900,2009-10-29,TMAX,322
ID000097900,2010-11-24,TMIN,259
ID000097900,2010-03-06,TMIN,267
ID000097900,2008-02-10,TMAX,316
ID000097900,2009-03-15,TMAX,333
ID000097900,2007-09-01,TMAX,296
ID000097900,2013-02-28,TMAX,334
ID000097900,2009-01-17,TMIN,225
ID000097900,2011-01-27,TMAX,316
ID000097900,2011-11-08,TMAX,332
ID000097900,2011-05-22,TMAX,304
ID000097900,2007-07-05,TMIN,225
ID000097900,2007-07-05,TMAX,287
ID000097900,2015-08-17,TMIN,220
ID000097900,2015-08-17,TMAX,290
ID000097900,2015-07-27,TMAX,294
ID000097900,2006-08-19,TMAX,282
ID000097900,2005-05-05,TMIN,255
ID000097900,2005-12-17,TMAX,332
ID000097900,2012-12-06,TMIN,258
ID000097900,2014-08-19,TMAX,286
ID000097900,2006-02-09,TMIN,235
ID000097900,2006-06-18,TMAX,282
ID000097900,2008-07-25,TMIN,225
ID000097900,2008-09-16,TMAX,296
ID000097900,2013-09-17,TMIN,235
ID000097900,2010-06-09,TMAX,296
ID000097900,2012-05-15,TMAX,304
ID000097900,2011-05-22,TMIN,256
ID000097900,2011-04-08,TMAX,315
ID000097900,2010-03-21,TMAX,334
ID000097900,2011-03-08,TMAX,339
ID000097900,2014-09-21,TMIN,227
ID000097900,2014-09-21,TMAX,299
ID000097900,2007-12-21,TMIN,247
ID000097900,2009-05-28,TMIN,236
ID000097900,2006-06-18,TMIN,225
ID000097900,2015-07-05,TMIN,218
ID000097900,2009-01-31,TMIN,244
ID000097900,2007-02-03,TMIN,253
ID000097900,2007-02-03,TMAX,328
ID000097900,2005-06-18,TMIN,235
ID000097900,2005-05-10,TMAX,316
ID000097900,2015-08-15,TMIN,236
ID000097900,2014-05-30,TMAX,300
ID000097900,2014-04-17,TMIN,246
ID000097900,2012-05-16,TMAX,298
ID000097900,2007-03-19,TMIN,235
ID000097900,2015-08-15,TMAX,287
ID000097900,2010-08-15,TMIN,252
ID000097900,2012-01-14,TMAX,328
ID000097900,2012-01-14,TMIN,256
ID000097900,2005-03-03,TMAX,306
ID000097900,2012-05-21,TMAX,304
ID000097900,2006-02-09,TMAX,318
ID000097900,2015-09-21,TMAX,296
ID000097900,2010-03-21,TMIN,256
ID000097900,2006-04-09,TMIN,235
ID000097900,2012-05-21,TMIN,237
ID000097900,2005-05-10,TMIN,256
ID000097900,2007-09-01,TMIN,235
ID000097900,2011-10-22,TMAX,320
ID000097900,2006-04-09,TMAX,322
ID000097900,2010-09-09,TMAX,290
ID000097900,2011-03-08,TMIN,261
ID000097900,2010-11-13,TMAX,326
ID000097900,2007-03-30,TMAX,324
ID000097900,2007-03-30,TMIN,234
ID000097900,2008-04-08,TMAX,314
ID000097900,2014-10-10,TMAX,308
ID000097900,2006-05-21,TMAX,303
ID000097900,2009-08-19,TMAX,298
ID000097900,2014-10-10,TMIN,219
ID000097900,2011-06-27,TMAX,290
ID000097900,2014-01-29,TMIN,246
ID000097900,2010-06-29,TMIN,242
ID000097900,2013-07-26,TMIN,249
ID000097900,2015-07-05,TMAX,286
ID000097900,2009-04-22,TMIN,234
ID000097900,2009-11-19,TMAX,329
ID000097900,2009-05-28,TMAX,306
ID000097900,2009-04-10,TMAX,324
ID000097900,2011-10-29,TMAX,322
ID000097900,2006-05-21,TMIN,238
ID000097900,2011-10-29,TMIN,266
ID000097900,2005-03-12,TMAX,291
ID000097900,2015-11-06,TMIN,247
ID000097900,2011-10-21,TMIN,270
ID000097900,2011-03-24,TMAX,315
ID000097900,2009-02-26,TMIN,247
ID000097900,2006-08-19,TMIN,225
ID000097900,2005-01-29,TMIN,252
ID000097900,2011-12-08,TMIN,260
ID000097900,2006-11-20,TMIN,238
ID000097900,2009-09-17,TMIN,238
ID000097900,2009-09-17,TMAX,311
ID000097900,2006-11-20,TMAX,318
ID000097900,2009-11-09,TMAX,332
ID000097900,2005-04-30,TMAX,310
ID000097900,2011-12-08,TMAX,336
ID000097900,2014-07-29,TMIN,233
ID000097900,2013-05-15,TMIN,251
ID000097900,2014-07-29,TMAX,284
ID000097900,2006-06-03,TMAX,298
ID000097900,2013-12-16,TMIN,255
ID000097900,2010-06-29,TMAX,290
ID000097900,2009-04-22,TMAX,300
ID000097900,2010-11-24,TMAX,332
ID000097900,2011-03-27,TMAX,316
ID000097900,2011-03-27,TMIN,244
ID000097900,2014-04-28,TMIN,247
ID000097900,2005-03-30,TMIN,253
ID000097900,2015-07-27,TMIN,245
ID000097900,2010-07-06,TMIN,256
ID000097900,2005-03-03,TMIN,235
ID000097900,2007-01-15,TMAX,338
ID000097900,2007-01-15,TMIN,245
ID000097900,2009-02-26,TMAX,328
ID000097900,2005-03-30,TMAX,309
ID000097900,2005-05-28,TMAX,310
ID000097900,2005-05-28,TMIN,245
ID000097900,2014-07-15,TMAX,295
ID000097900,2005-06-18,TMAX,300
ID000097900,2012-07-12,TMIN,248
ID000097900,2015-10-31,TMAX,311
ID000097900,2009-09-25,TMAX,314
ID000097900,2010-03-02,TMAX,333
ID000097900,2005-04-30,TMIN,250
ID000097900,2007-09-16,TMIN,240
ID000097900,2005-01-29,TMAX,339
ID000097900,2013-02-28,TMIN,262
ID000097900,2008-09-16,TMIN,230
ID000097900,2014-05-17,TMIN,247
ID000097900,2009-05-24,TMIN,225
ID000097900,2009-01-31,TMAX,288
ID000097900,2008-05-09,TMIN,240
ID000097900,2010-02-16,TMAX,339
ID000097900,2007-02-21,TMIN,240
ID000097900,2007-02-21,TMAX,320
ID000097900,2012-07-12,TMAX,299
ID000097900,2012-02-14,TMAX,280
ID000097900,2007-12-05,TMAX,340
ID000097900,2014-05-30,TMIN,247
ID000097900,2009-07-15,TMIN,238
ID000097900,2010-10-31,TMAX,320
ID000097900,2011-02-06,TMAX,311
ID000097900,2006-05-22,TMIN,240
ID000097900,2012-11-10,TMAX,324
ID000097900,2007-11-19,TMAX,328
ID000097900,2006-09-06,TMAX,292
ID000097900,2006-09-06,TMIN,230
ID000097900,2012-12-23,TMAX,339
ID000097900,2010-12-19,TMAX,303
ID000097900,2010-08-01,TMIN,250
ID000097900,2009-02-06,TMAX,302
ID000097900,2006-05-22,TMAX,304
ID000097900,2006-05-30,TMAX,288
ID000097900,2005-04-10,TMAX,310
ID000097900,2013-06-30,TMIN,240
ID000097900,2007-12-21,TMAX,342
ID000097900,2007-07-28,TMIN,224
ID000097900,2011-08-31,TMAX,293
ID000097900,2012-11-10,TMIN,268
ID000097900,2007-09-12,TMAX,292
ID000097900,2007-09-12,TMIN,223
ID000097900,2008-04-22,TMAX,315
ID000097900,2011-02-16,TMIN,260
ID000097900,2011-04-23,TMAX,284
ID000097900,2005-10-04,TMIN,241
ID000097900,2009-04-28,TMIN,250
ID000097900,2008-08-02,TMIN,225
ID000097900,2008-08-02,TMAX,283
ID000097900,2015-05-02,TMIN,244
ID000097900,2011-11-11,TMIN,272
ID000097900,2010-11-10,TMAX,320
ID000097900,2005-11-20,TMIN,235
ID000097900,2013-02-23,TMAX,329
ID000097900,2013-02-23,TMIN,254
ID000097900,2010-10-31,TMIN,241
ID000097900,2006-06-24,TMIN,233
ID000097900,2012-04-06,TMIN,262
ID000097900,2006-10-13,TMIN,230
ID000097900,2010-01-11,TMAX,308
ID000097900,2008-10-09,TMIN,245
ID000097900,2009-03-02,TMIN,225
ID000097900,2009-06-09,TMAX,308
ID000097900,2015-01-25,TMAX,322
ID000097900,2013-01-20,TMAX,318
ID000097900,2009-08-18,TMAX,298
ID000097900,2005-08-03,TMIN,221
ID000097900,2009-03-02,TMAX,320
ID000097900,2013-02-27,TMIN,266
ID000097900,2010-12-31,TMIN,248
ID000097900,2005-08-03,TMAX,294
ID000097900,2009-12-28,TMAX,323
ID000097900,2005-09-18,TMIN,230
ID000097900,2015-01-25,TMIN,229
ID000097900,2007-11-19,TMIN,245
ID000097900,2012-04-06,TMAX,330
ID000097900,2009-08-18,TMIN,248
ID000097900,2009-10-30,TMIN,250
ID000097900,2014-10-17,TMIN,249
ID000097900,2009-12-20,TMIN,256
ID000097900,2014-10-17,TMAX,312
ID000097900,2007-06-23,TMAX,300
ID000097900,2006-10-13,TMAX,290
ID000097900,2006-07-24,TMAX,286
ID000097900,2010-04-07,TMAX,334
ID000097900,2006-07-30,TMIN,225
ID000097900,2006-07-30,TMAX,291
ID000097900,2006-07-24,TMIN,230
ID000097900,2009-02-06,TMIN,235
ID000097900,2006-05-30,TMIN,236
ID000097900,2007-06-23,TMIN,240
ID000097900,2010-01-11,TMIN,246
ID000097900,2008-10-09,TMAX,320
ID000097900,2006-02-01,TMAX,324
ID000097900,2011-10-21,TMAX,322
ID000097900,2009-04-28,TMAX,302
ID000097900,2008-05-30,TMAX,276
ID000097900,2014-07-20,TMIN,233
ID000097900,2014-07-20,TMAX,280
ID000097900,2015-09-08,TMAX,300
ID000097900,2011-05-07,TMAX,300
ID000097900,2006-03-01,TMAX,312
ID000097900,2006-03-01,TMIN,239
ID000097900,2010-07-29,TMAX,290
ID000097900,2005-09-18,TMAX,308
ID000097900,2007-03-19,TMAX,324
ID000097900,2014-10-19,TMAX,306
ID000097900,2008-07-25,TMAX,276
ID000097900,2015-09-08,TMIN,242
ID000097900,2005-11-20,TMAX,342
ID000097900,2007-12-30,TMIN,225
ID000097900,2007-07-29,TMIN,220
ID000097900,2005-02-01,TMIN,247
ID000097900,2007-07-29,TMAX,284
ID000097900,2005-02-01,TMAX,340
ID000097900,2005-12-12,TMAX,308
ID000097900,2010-09-09,TMIN,239
ID000097900,2015-03-11,TMIN,262
ID000097900,2009-07-15,TMAX,297
ID000097900,2006-06-03,TMIN,240
ID000097900,2010-07-29,TMIN,251
ID000097900,2013-11-26,TMIN,235
ID000097900,2009-07-25,TMAX,298
ID000097900,2009-08-02,TMIN,233
ID000097900,2009-03-15,TMIN,234
ID000097900,2008-05-22,TMIN,240
ID000097900,2009-03-20,TMIN,242
ID000097900,2015-10-27,TMIN,256
ID000097900,2009-08-02,TMAX,296
ID000097900,2008-05-22,TMAX,302
ID000097900,2012-07-11,TMAX,294
ID000097900,2009-07-25,TMIN,226
ID000097900,2008-04-22,TMIN,250
ID000097900,2008-05-14,TMIN,225
ID000097900,2011-11-08,TMIN,246
ID000097900,2007-12-20,TMIN,236
ID000097900,2008-05-09,TMAX,310
ID000097900,2011-06-09,TMAX,302
ID000097900,2006-07-31,TMIN,225
ID000097900,2009-03-20,TMAX,330
ID000097900,2008-05-30,TMIN,220
ID000097900,2005-09-11,TMAX,307
ID000097900,2007-12-20,TMAX,334
ID000097900,2010-09-03,TMAX,305
ID000097900,2015-02-11,TMIN,236
ID000097900,2015-02-11,TMAX,338
ID000097900,2005-01-07,TMAX,317
ID000097900,2012-11-06,TMAX,322
ID000097900,2010-12-31,TMAX,330
ID000097900,2006-09-16,TMIN,229
ID000097900,2007-06-22,TMIN,232
ID000097900,2006-09-16,TMAX,289
ID000097900,2015-10-02,TMIN,252
ID000097900,2015-10-02,TMAX,302
ID000097900,2010-08-15,TMAX,298
ID000097900,2014-10-19,TMIN,252
ID000097900,2007-05-03,TMAX,320
ID000097900,2014-03-04,TMIN,257
ID000097900,2008-03-27,TMAX,322
ID000097900,2011-09-24,TMIN,246
ID000097900,2007-05-03,TMIN,250
ID000097900,2005-12-12,TMIN,245
ID000097900,2011-02-16,TMAX,310
ID000097900,2010-12-22,TMIN,251
ID000097900,2010-12-22,TMAX,299
ID000097900,2008-05-14,TMAX,266
ID000097900,2011-10-09,TMAX,322
ID000097900,2006-06-24,TMAX,292
ID000097900,2009-02-08,TMAX,312
ID000097900,2005-09-11,TMIN,198
ID000097900,2009-09-25,TMIN,248
ID000097900,2008-04-15,TMIN,230
ID000097900,2013-05-03,TMIN,262
ID000097900,2013-08-28,TMIN,247
ID000097900,2010-10-24,TMAX,310
ID000097900,2015-02-13,TMIN,232
ID000097900,2009-05-03,TMIN,230
ID000097900,2007-06-15,TMIN,236
ID000097900,2005-08-28,TMAX,299
ID000097900,2012-01-09,TMIN,246
ID000097900,2006-11-07,TMAX,306
ID000097900,2011-08-30,TMAX,286
ID000097900,2011-08-30,TMIN,246
ID000097900,2015-02-13,TMAX,317
ID000097900,2009-07-23,TMIN,238
ID000097900,2009-12-27,TMAX,306
ID000097900,2015-04-20,TMIN,241
ID000097900,2014-04-12,TMIN,251
ID000097900,2010-04-17,TMAX,336
ID000097900,2006-12-23,TMAX,326
ID000097900,2012-09-04,TMAX,298
ID000097900,2014-07-06,TMAX,286
ID000097900,2007-06-15,TMAX,280
ID000097900,2015-08-30,TMAX,298
ID000097900,2005-02-15,TMIN,232
ID000097900,2008-05-03,TMAX,288
ID000097900,2005-07-11,TMAX,288
ID000097900,2012-03-15,TMIN,265
ID000097900,2006-10-02,TMAX,290
ID000097900,2006-09-05,TMIN,225
ID000097900,2007-08-30,TMAX,289
ID000097900,2006-09-05,TMAX,286
ID000097900,2012-06-04,TMAX,288
ID000097900,2007-08-31,TMAX,292
ID000097900,2007-08-30,TMIN,226
ID000097900,2005-08-28,TMIN,230
ID000097900,2005-02-12,TMIN,252
ID000097900,2015-10-06,TMAX,300
ID000097900,2009-10-31,TMIN,254
ID000097900,2008-09-06,TMAX,296
ID000097900,2009-12-14,TMIN,252
ID000097900,2008-03-14,TMAX,312
ID000097900,2012-08-08,TMAX,294
ID000097900,2015-05-09,TMIN,238
ID000097900,2008-08-12,TMAX,290
ID000097900,2009-12-08,TMAX,352
ID000097900,2009-01-23,TMIN,224
ID000097900,2008-02-04,TMAX,325
ID000097900,2005-05-30,TMAX,308
ID000097900,2009-01-23,TMAX,309
ID000097900,2008-08-12,TMIN,230
ID000097900,2006-10-15,TMIN,229
ID000097900,2013-02-24,TMIN,264
ID000097900,2013-02-24,TMAX,314
ID000097900,2009-01-28,TMIN,245
ID000097900,2012-07-30,TMAX,288
ID000097900,2006-11-07,TMIN,225
ID000097900,2015-01-23,TMAX,297
ID000097900,2007-10-27,TMIN,243
ID000097900,2010-11-18,TMAX,328
ID000097900,2009-11-28,TMIN,258
ID000097900,2006-03-28,TMAX,320
ID000097900,2005-11-15,TMIN,256
ID000097900,2006-10-02,TMIN,225
ID000097900,2009-11-28,TMAX,338
ID000097900,2006-12-23,TMIN,250
ID000097900,2015-05-09,TMAX,310
ID000097900,2008-03-14,TMIN,220
ID000097900,2007-02-07,TMAX,316
ID000097900,2010-05-28,TMAX,317
ID000097900,2007-10-27,TMAX,330
ID000097900,2012-08-08,TMIN,241
ID000097900,2009-12-14,TMAX,315
ID000097900,2010-05-28,TMIN,257
ID000097900,2015-04-01,TMIN,252
ID000097900,2008-01-07,TMIN,238
ID000097900,2015-04-01,TMAX,320
ID000097900,2008-05-03,TMIN,226
ID000097900,2009-10-31,TMAX,335
ID000097900,2005-01-05,TMIN,252
ID000097900,2012-04-23,TMIN,244
ID000097900,2012-01-11,TMAX,325
ID000097900,2007-10-30,TMAX,328
ID000097900,2008-04-23,TMAX,310
ID000097900,2011-11-09,TMAX,328
ID000097900,2013-03-15,TMAX,324
ID000097900,2009-11-29,TMIN,268
ID000097900,2008-04-23,TMIN,252
ID000097900,2012-12-04,TMAX,334
ID000097900,2009-11-15,TMIN,254
ID000097900,2014-10-24,TMIN,246
ID000097900,2012-04-23,TMAX,316
ID000097900,2005-07-11,TMIN,220
ID000097900,2014-12-16,TMIN,262
ID000097900,2014-03-24,TMIN,251
ID000097900,2007-11-08,TMAX,322
ID000097900,2011-11-09,TMIN,244
ID000097900,2012-12-21,TMAX,340
ID000097900,2005-03-05,TMAX,320
ID000097900,2015-04-15,TMAX,320
ID000097900,2009-04-21,TMAX,302
ID000097900,2009-01-06,TMIN,243
ID000097900,2012-11-09,TMIN,260
ID000097900,2008-10-07,TMAX,312
ID000097900,2015-04-15,TMIN,230
ID000097900,2008-10-07,TMIN,243
ID000097900,2009-03-21,TMAX,328
ID000097900,2006-08-20,TMAX,277
ID000097900,2011-03-11,TMAX,344
ID000097900,2011-03-11,TMIN,262
ID000097900,2007-08-31,TMIN,226
ID000097900,2011-08-14,TMAX,286
ID000097900,2006-08-01,TMIN,225
ID000097900,2006-04-11,TMAX,328
ID000097900,2012-12-20,TMAX,343
ID000097900,2013-10-27,TMIN,256
ID000097900,2008-11-27,TMIN,243
ID000097900,2010-08-27,TMIN,246
ID000097900,2008-08-24,TMAX,280
ID000097900,2009-07-23,TMAX,300
ID000097900,2012-07-08,TMAX,283
ID000097900,2008-08-24,TMIN,219
ID000097900,2007-02-22,TMAX,314
ID000097900,2008-12-30,TMIN,230
ID000097900,2015-10-06,TMIN,248
ID000097900,2008-12-30,TMAX,326
ID000097900,2005-09-28,TMAX,324
ID000097900,2007-02-22,TMIN,230
ID000097900,2012-03-15,TMAX,320
ID000097900,2009-11-15,TMAX,331
ID000097900,2010-12-04,TMAX,337
ID000097900,2005-02-12,TMAX,324
ID000097900,2015-09-01,TMAX,290
ID000097900,2013-03-15,TMIN,250
ID000097900,2007-03-08,TMIN,240
ID000097900,2005-09-28,TMIN,225
ID000097900,2015-05-23,TMAX,302
ID000097900,2010-08-27,TMAX,302
ID000097900,2008-11-27,TMAX,334
ID000097900,2015-05-23,TMIN,258
ID000097900,2012-04-07,TMAX,324
ID000097900,2012-04-07,TMIN,260
ID000097900,2014-12-16,TMAX,336
ID000097900,2006-04-11,TMIN,229
ID000097900,2008-05-08,TMIN,233
ID000097900,2015-12-01,TMAX,346
ID000097900,2013-01-21,TMIN,262
ID000097900,2010-12-04,TMIN,258
ID000097900,2008-01-18,TMAX,326
ID000097900,2014-07-06,TMIN,249
ID000097900,2012-10-17,TMAX,312
ID000097900,2005-03-05,TMIN,235
ID000097900,2014-07-30,TMIN,240
ID000097900,2008-09-10,TMAX,300
ID000097900,2011-01-12,TMAX,330
ID000097900,2008-12-13,TMIN,244
ID000097900,2008-06-16,TMIN,239
ID000097900,2012-05-20,TMAX,286
ID000097900,2012-05-20,TMIN,232
ID000097900,2015-06-22,TMAX,298
ID000097900,2009-03-16,TMIN,244
ID000097900,2015-06-22,TMIN,247
ID000097900,2006-06-16,TMIN,228
ID000097900,2008-06-16,TMAX,294
ID000097900,2009-10-18,TMAX,325
ID000097900,2006-10-04,TMAX,293
ID000097900,2006-10-04,TMIN,212
ID000097900,2005-11-05,TMAX,326
ID000097900,2015-05-21,TMAX,310
ID000097900,2006-11-26,TMAX,318
ID000097900,2005-03-15,TMIN,235
ID000097900,2009-10-18,TMIN,268
ID000097900,2014-06-29,TMAX,294
ID000097900,2012-04-10,TMIN,265
ID000097900,2006-06-02,TMAX,310
ID000097900,2015-08-26,TMAX,290
ID000097900,2015-08-26,TMIN,237
ID000097900,2005-08-08,TMAX,298
ID000097900,2007-09-26,TMIN,230
ID000097900,2007-09-26,TMAX,300
ID000097900,2011-02-13,TMAX,328
ID000097900,2006-06-20,TMIN,238
ID000097900,2012-02-01,TMIN,250
ID000097900,2014-04-11,TMIN,242
ID000097900,2005-08-08,TMIN,246
ID000097900,2006-09-09,TMIN,230
ID000097900,2009-05-03,TMAX,307
ID000097900,2014-06-29,TMIN,245
ID000097900,2008-12-13,TMAX,335
ID000097900,2012-04-10,TMAX,322
ID000097900,2015-05-05,TMIN,221
ID000097900,2014-01-02,TMIN,251
ID000097900,2005-03-15,TMAX,320
ID000097900,2013-11-18,TMIN,255
ID000097900,2013-01-28,TMIN,236
ID000097900,2009-04-10,TMIN,236
ID000097900,2009-05-24,TMAX,301
ID000097900,2013-04-07,TMIN,260
ID000097900,2008-07-21,TMAX,286
ID000097900,2006-04-02,TMIN,225
ID000097900,2008-01-07,TMAX,317
ID000097900,2014-09-14,TMAX,294
ID000097900,2010-04-30,TMIN,236
ID000097900,2008-04-15,TMAX,306
ID000097900,2008-07-28,TMIN,222
ID000097900,2008-07-28,TMAX,292
ID000097900,2011-03-24,TMIN,250
ID000097900,2008-04-08,TMIN,245
ID000097900,2006-11-10,TMAX,332
ID000097900,2010-04-30,TMAX,298
ID000097900,2006-11-10,TMIN,220
ID000097900,2009-12-19,TMIN,246
ID000097900,2015-05-21,TMIN,252
ID000097900,2011-09-11,TMAX,287
ID000097900,2008-06-27,TMIN,202
ID000097900,2008-06-27,TMAX,266
ID000097900,2013-04-07,TMAX,302
ID000097900,2007-12-03,TMAX,354
ID000097900,2007-12-03,TMIN,262
ID000097900,2006-12-22,TMAX,328
ID000097900,2014-09-14,TMIN,236
ID000097900,2007-08-03,TMIN,210
ID000097900,2014-01-22,TMIN,232
ID000097900,2014-05-19,TMIN,237
ID000097900,2008-07-21,TMIN,224
ID000097900,2006-12-22,TMIN,250
ID000097900,2010-10-06,TMAX,311
ID000097900,2007-08-03,TMAX,280
ID000097900,2012-07-30,TMIN,242
ID000097900,2015-11-21,TMIN,264
ID000097900,2013-01-17,TMIN,242
ID000097900,2011-08-11,TMAX,292
ID000097900,2008-05-08,TMAX,310
ID000097900,2005-05-30,TMIN,245
ID000097900,2006-10-15,TMAX,298
ID000097900,2010-11-08,TMIN,242
ID000097900,2005-07-09,TMIN,239
ID000097900,2008-12-08,TMIN,232
ID000097900,2007-04-19,TMAX,309
ID000097900,2012-02-01,TMAX,318
ID000097900,2015-05-05,TMAX,310
ID000097900,2011-05-16,TMAX,292
ID000097900,2005-07-09,TMAX,301
ID000097900,2005-12-06,TMIN,234
ID000097900,2006-05-07,TMIN,215
ID000097900,2011-05-16,TMIN,258
ID000097900,2009-06-26,TMAX,300
ID000097900,2007-04-19,TMIN,236
ID000097900,2006-03-28,TMIN,240
ID000097900,2007-05-25,TMAX,314
ID000097900,2005-11-15,TMAX,344
ID000097900,2009-05-08,TMIN,241
ID000097900,2008-02-04,TMIN,245
ID000097900,2005-05-03,TMIN,252
ID000097900,2013-04-05,TMAX,305
ID000097900,2008-09-10,TMIN,235
ID000097900,2009-01-28,TMAX,340
ID000097900,2009-08-21,TMAX,300
ID000097900,2013-03-12,TMAX,292
ID000097900,2009-05-08,TMAX,306
ID000097900,2013-04-05,TMIN,247
ID000097900,2015-05-31,TMAX,294
ID000097900,2015-05-31,TMIN,236
ID000097900,2014-06-22,TMAX,292
ID000097900,2007-05-25,TMIN,235
ID000097900,2013-03-12,TMIN,238
ID000097900,2006-06-02,TMIN,230
ID000097900,2011-05-06,TMAX,293
ID000097900,2009-08-21,TMIN,250
ID000097900,2010-12-01,TMAX,330
ID000097900,2014-10-30,TMIN,216
ID000097900,2007-10-04,TMAX,308
ID000097900,2010-11-08,TMAX,314
ID000097900,2007-10-04,TMIN,242
ID000097900,2007-05-31,TMAX,312
ID000097900,2007-09-16,TMAX,300
ID000097900,2009-01-08,TMIN,255
ID000097900,2009-01-08,TMAX,335
ID000097900,2009-02-18,TMIN,215
ID000097900,2005-04-27,TMIN,260
ID000097900,2005-05-03,TMAX,311
ID000097900,2010-01-05,TMAX,328
ID000097900,2007-05-31,TMIN,243
ID000097900,2015-11-21,TMAX,326
ID000097900,2011-02-13,TMIN,250
ID000097900,2011-09-26,TMAX,296
ID000097900,2013-11-02,TMIN,252
ID000097900,2008-12-08,TMAX,322
ID000097900,2013-11-15,TMIN,230
ID000097900,2011-07-27,TMAX,275
ID000097900,2011-10-30,TMAX,318
ID000097900,2010-12-01,TMIN,251
ID000097900,2015-03-08,TMAX,322
ID000097900,2014-06-22,TMIN,232
ID000097900,2014-10-30,TMAX,310
ID000097900,2012-10-18,TMIN,260
ID000097900,2012-10-18,TMAX,310
ID000097900,2009-04-13,TMAX,335
ID000097900,2009-04-13,TMIN,257
ID000097900,2015-03-08,TMIN,250
ID000097900,2011-07-04,TMAX,288
ID000097900,2011-09-26,TMIN,232
ID000097900,2009-09-18,TMIN,253
ID000097900,2009-09-18,TMAX,316
ID000097900,2005-10-16,TMIN,240
ID000097900,2015-11-11,TMAX,338
ID000097900,2009-05-25,TMIN,235
ID000097900,2006-10-14,TMIN,227
ID000097900,2006-03-17,TMIN,216
ID000097900,2010-12-27,TMAX,298
ID000097900,2009-08-20,TMAX,299
ID000097900,2006-11-06,TMAX,311
ID000097900,2010-01-19,TMIN,244
ID000097900,2014-03-03,TMIN,257
ID000097900,2006-11-06,TMIN,224
ID000097900,2008-06-12,TMIN,240
ID000097900,2012-11-24,TMAX,342
ID000097900,2006-12-02,TMIN,235
ID000097900,2006-11-25,TMAX,322
ID000097900,2015-10-24,TMAX,304
ID000097900,2010-12-27,TMIN,248
ID000097900,2005-10-07,TMAX,310
ID000097900,2010-01-19,TMAX,323
ID000097900,2006-08-22,TMIN,220
ID000097900,2009-01-15,TMIN,243
ID000097900,2007-08-14,TMIN,214
ID000097900,2006-07-12,TMAX,288
ID000097900,2008-03-31,TMAX,326
ID000097900,2007-09-18,TMIN,220
ID000097900,2007-06-05,TMIN,230
ID000097900,2007-01-04,TMIN,236
ID000097900,2006-08-24,TMAX,283
ID000097900,2007-01-04,TMAX,296
ID000097900,2007-12-14,TMIN,246
ID000097900,2006-08-24,TMIN,221
ID000097900,2006-12-29,TMIN,235
ID000097900,2012-05-19,TMAX,290
ID000097900,2006-10-14,TMAX,290
ID000097900,2012-03-09,TMAX,326
ID000097900,2006-07-21,TMAX,270
ID000097900,2012-09-27,TMAX,318
ID000097900,2006-07-21,TMIN,220
ID000097900,2012-09-25,TMAX,303
ID000097900,2010-12-15,TMAX,305
ID000097900,2010-08-14,TMIN,240
ID000097900,2006-11-19,TMAX,326
ID000097900,2007-09-13,TMIN,220
ID000097900,2007-09-13,TMAX,290
ID000097900,2013-01-27,TMAX,348
ID000097900,2011-04-22,TMIN,262
ID000097900,2012-01-29,TMIN,254
ID000097900,2015-04-30,TMAX,283
ID000097900,2006-03-22,TMIN,250
ID000097900,2007-06-17,TMIN,231
ID000097900,2007-09-09,TMAX,296
ID000097900,2013-03-29,TMAX,293
ID000097900,2008-10-13,TMAX,318
ID000097900,2007-07-15,TMAX,280
ID000097900,2006-11-19,TMIN,245
ID000097900,2007-07-15,TMIN,230
ID000097900,2009-10-08,TMIN,248
ID000097900,2008-02-02,TMIN,245
ID000097900,2012-09-25,TMIN,238
ID000097900,2011-12-11,TMIN,256
ID000097900,2006-04-24,TMIN,234
ID000097900,2010-08-14,TMAX,304
ID000097900,2008-03-22,TMAX,325
ID000097900,2013-06-11,TMIN,254
ID000097900,2014-03-27,TMIN,246
ID000097900,2006-12-02,TMAX,337
ID000097900,2010-03-23,TMIN,254
ID000097900,2005-02-07,TMIN,256
ID000097900,2013-04-06,TMIN,254
ID000097900,2015-04-30,TMIN,236
ID000097900,2013-04-06,TMAX,304
ID000097900,2007-08-14,TMAX,288
ID000097900,2010-03-23,TMAX,332
ID000097900,2011-01-23,TMAX,292
ID000097900,2008-06-12,TMAX,292
ID000097900,2007-10-26,TMAX,315
ID000097900,2009-02-28,TMIN,243
ID000097900,2005-07-29,TMIN,218
ID000097900,2009-01-15,TMAX,278
ID000097900,2013-05-06,TMIN,255
ID000097900,2011-09-01,TMAX,294
ID000097900,2015-06-08,TMIN,247
ID000097900,2012-07-29,TMIN,242
ID000097900,2012-02-15,TMAX,323
ID000097900,2005-01-03,TMAX,348
ID000097900,2008-03-26,TMIN,232
ID000097900,2008-03-26,TMAX,302
ID000097900,2015-02-26,TMAX,310
ID000097900,2015-10-13,TMAX,304
ID000097900,2007-02-04,TMIN,225
ID000097900,2015-06-09,TMAX,302
ID000097900,2006-07-14,TMIN,237
ID000097900,2006-07-14,TMAX,274
ID000097900,2011-02-12,TMAX,310
ID000097900,2010-06-21,TMAX,300
ID000097900,2006-03-27,TMIN,246
ID000097900,2011-05-23,TMIN,244
ID000097900,2015-09-25,TMIN,244
ID000097900,2009-09-12,TMAX,308
ID000097900,2010-06-21,TMIN,244
ID000097900,2015-03-26,TMAX,304
ID000097900,2015-03-26,TMIN,242
ID000097900,2011-12-14,TMAX,349
ID000097900,2007-06-27,TMAX,274
ID000097900,2006-01-19,TMIN,225
ID000097900,2006-10-27,TMIN,227
ID000097900,2012-02-15,TMIN,241
ID000097900,2013-11-19,TMIN,257
ID000097900,2012-03-18,TMIN,260
ID000097900,2008-09-28,TMIN,236
ID000097900,2015-07-31,TMAX,294
ID000097900,2005-01-03,TMIN,248
ID000097900,2009-07-12,TMAX,302
ID000097900,2015-09-25,TMAX,294
ID000097900,2009-12-10,TMAX,287
ID000097900,2012-07-29,TMAX,292
ID000097900,2015-11-18,TMAX,337
ID000097900,2012-03-09,TMIN,251
ID000097900,2013-06-16,TMIN,247
ID000097900,2011-02-12,TMIN,242
ID000097900,2009-03-26,TMIN,225
ID000097900,2014-07-19,TMAX,295
ID000097900,2006-02-14,TMAX,329
ID000097900,2011-07-11,TMAX,280
ID000097900,2007-09-09,TMIN,210
ID000097900,2011-04-22,TMAX,322
ID000097900,2011-01-03,TMIN,234
ID000097900,2011-11-14,TMIN,257
ID000097900,2011-11-14,TMAX,332
ID000097900,2006-04-19,TMAX,309
ID000097900,2011-01-03,TMAX,313
ID000097900,2007-06-05,TMAX,284
ID000097900,2006-08-22,TMAX,285
ID000097900,2007-10-26,TMIN,240
ID000097900,2015-05-24,TMIN,236
ID000097900,2006-12-29,TMAX,324
ID000097900,2013-02-20,TMIN,253
ID000097900,2011-06-01,TMIN,252
ID000097900,2005-10-07,TMIN,240
ID000097900,2014-08-13,TMAX,287
ID000097900,2014-08-13,TMIN,245
ID000097900,2013-05-07,TMIN,259
ID000097900,2015-02-26,TMIN,250
ID000097900,2009-11-30,TMIN,270
ID000097900,2015-11-18,TMIN,250
ID000097900,2006-01-20,TMIN,230
ID000097900,2007-02-04,TMAX,322
ID000097900,2013-02-20,TMAX,302
ID000097900,2011-03-23,TMAX,317
ID000097900,2008-10-13,TMIN,245
ID000097900,2007-08-06,TMAX,284
ID000097900,2011-12-13,TMAX,348
ID000097900,2011-12-13,TMIN,256
ID000097900,2005-11-12,TMAX,336
ID000097900,2009-09-13,TMAX,302
ID000097900,2007-08-06,TMIN,226
ID000097900,2011-10-20,TMAX,317
ID000097900,2008-07-29,TMIN,220
ID000097900,2010-10-27,TMIN,255
ID000097900,2010-03-22,TMAX,334
ID000097900,2005-02-05,TMIN,230
ID000097900,2006-06-17,TMIN,237
ID000097900,2013-05-10,TMIN,261
ID000097900,2015-01-13,TMIN,244
ID000097900,2015-01-24,TMIN,222
ID000097900,2008-04-10,TMIN,243
ID000097900,2015-01-24,TMAX,302
ID000097900,2013-03-29,TMIN,248
ID000097900,2008-02-06,TMAX,318
ID000097900,2006-05-17,TMAX,303
ID000097900,2015-12-18,TMIN,260
ID000097900,2013-03-28,TMAX,310
ID000097900,2010-03-04,TMAX,316
ID000097900,2010-03-04,TMIN,248
ID000097900,2006-05-17,TMIN,238
ID000097900,2013-01-15,TMAX,308
ID000097900,2011-10-11,TMAX,324
ID000097900,2006-08-23,TMAX,281
ID000097900,2007-10-14,TMIN,245
ID000097900,2008-10-08,TMIN,248
ID000097900,2010-07-28,TMAX,298
ID000097900,2014-05-07,TMIN,265
ID000097900,2012-03-19,TMAX,276
ID000097900,2012-08-18,TMIN,231
ID000097900,2012-08-18,TMAX,292
ID000097900,2007-05-05,TMAX,313
ID000097900,2009-12-15,TMAX,322
ID000097900,2014-02-08,TMIN,264
ID000097900,2013-01-18,TMIN,240
ID000097900,2015-07-11,TMAX,294
ID000097900,2008-07-04,TMAX,284
ID000097900,2015-07-11,TMIN,240
ID000097900,2011-10-11,TMIN,246
ID000097900,2006-08-23,TMIN,225
ID000097900,2012-06-20,TMAX,295
ID000097900,2008-09-25,TMAX,304
ID000097900,2007-04-15,TMIN,242
ID000097900,2007-05-05,TMIN,228
ID000097900,2014-07-01,TMAX,282
ID000097900,2005-10-23,TMIN,230
ID000097900,2007-02-06,TMIN,256
ID000097900,2007-02-06,TMAX,318
ID000097900,2008-02-02,TMAX,326
ID000097900,2005-12-18,TMIN,250
ID000097900,2007-07-10,TMAX,270
ID000097900,2005-10-23,TMAX,334
ID000097900,2011-08-21,TMIN,244
ID000097900,2005-03-31,TMIN,255
ID000097900,2012-04-13,TMIN,253
ID000097900,2012-04-13,TMAX,316
ID000097900,2007-08-24,TMIN,210
ID000097900,2007-04-15,TMAX,279
ID000097900,2007-08-24,TMAX,282
ID000097900,2007-07-10,TMIN,210
ID000097900,2005-07-26,TMAX,300
ID000097900,2008-06-28,TMIN,214
ID000097900,2011-08-03,TMAX,282
ID000097900,2008-02-06,TMIN,235
ID000097900,2010-06-18,TMAX,301
ID000097900,2010-06-18,TMIN,255
ID000097900,2012-12-25,TMAX,342
ID000097900,2012-12-07,TMAX,350
ID000097900,2011-06-18,TMAX,274
ID000097900,2010-06-10,TMAX,283
ID000097900,2013-01-15,TMIN,265
ID000097900,2008-09-15,TMIN,230
ID000097900,2013-09-14,TMIN,250
ID000097900,2008-06-28,TMAX,260
ID000097900,2010-06-10,TMIN,249
ID000097900,2012-07-14,TMAX,294
ID000097900,2011-08-03,TMIN,242
ID000097900,2008-07-04,TMIN,230
ID000097900,2005-01-11,TMIN,250
ID000097900,2014-08-01,TMIN,242
ID000097900,2012-03-16,TMAX,330
ID000097900,2015-10-18,TMIN,249
ID000097900,2015-11-05,TMAX,318
ID000097900,2014-05-22,TMIN,245
ID000097900,2010-12-11,TMAX,314
ID000097900,2014-05-22,TMAX,304
ID000097900,2007-12-18,TMIN,232
ID000097900,2008-01-27,TMAX,327
ID000097900,2009-08-04,TMIN,220
ID000097900,2008-01-27,TMIN,230
ID000097900,2013-12-15,TMIN,252
ID000097900,2005-02-07,TMAX,323
ID000097900,2014-10-04,TMIN,240
ID000097900,2015-05-27,TMIN,244
ID000097900,2015-08-20,TMAX,290
ID000097900,2015-12-31,TMAX,334
ID000097900,2005-02-05,TMAX,306
ID000097900,2005-08-20,TMAX,297
ID000097900,2009-08-04,TMAX,294
ID000097900,2008-10-16,TMAX,320
ID000097900,2014-07-07,TMAX,290
ID000097900,2008-10-16,TMIN,246
ID000097900,2006-03-07,TMAX,330
ID000097900,2006-03-07,TMIN,216
ID000097900,2005-11-23,TMAX,334
ID000097900,2005-11-23,TMIN,226
ID000097900,2011-12-07,TMIN,257
ID000097900,2006-12-28,TMAX,296
ID000097900,2011-04-21,TMAX,310
ID000097900,2011-06-18,TMIN,226
ID000097900,2014-05-14,TMIN,249
ID000097900,2014-10-04,TMAX,299
ID000097900,2010-10-27,TMAX,312
ID000097900,2014-06-21,TMAX,293
ID000097900,2011-12-07,TMAX,318
ID000097900,2007-04-14,TMIN,235
ID000097900,2009-07-13,TMAX,302
ID000097900,2007-04-14,TMAX,305
ID000097900,2011-04-21,TMIN,244
ID000097900,2008-09-25,TMIN,243
ID000097900,2015-05-24,TMAX,305
ID000097900,2006-05-16,TMIN,240
ID000097900,2010-05-23,TMIN,264
ID000097900,2012-12-24,TMAX,340
ID000097900,2011-07-13,TMAX,288
ID000097900,2010-09-10,TMIN,242
ID000097900,2012-11-25,TMAX,332
ID000097900,2010-05-23,TMAX,310
ID000097900,2012-09-26,TMAX,301
ID000097900,2010-08-22,TMAX,298
ID000097900,2010-06-03,TMAX,310
ID000097900,2015-06-15,TMAX,298
ID000097900,2006-06-17,TMAX,294
ID000097900,2015-10-18,TMAX,308
ID000097900,2008-04-10,TMAX,316
ID000097900,2007-10-14,TMAX,320
ID000097900,2008-10-20,TMIN,245
ID000097900,2012-11-25,TMIN,250
ID000097900,2010-02-14,TMAX,336
ID000097900,2009-07-13,TMIN,234
ID000097900,2005-03-10,TMIN,255
ID000097900,2015-12-31,TMIN,266
ID000097900,2006-05-16,TMAX,286
ID000097900,2013-01-18,TMAX,303
ID000097900,2005-08-20,TMIN,233
ID000097900,2015-08-20,TMIN,231
ID000097900,2006-04-24,TMAX,300
ID000097900,2011-04-25,TMAX,314
ID000097900,2010-09-10,TMAX,304
ID000097900,2013-11-01,TMIN,251
ID000097900,2014-12-23,TMIN,248
ID000097900,2007-01-23,TMAX,336
ID000097900,2005-03-10,TMAX,330
ID000097900,2013-12-23,TMIN,259
ID000097900,2008-10-20,TMAX,322
ID000097900,2010-02-14,TMIN,262
ID000097900,2007-01-23,TMIN,245
ID000097900,2011-04-25,TMIN,246
ID000097900,2009-01-27,TMIN,243
ID000097900,2015-03-14,TMAX,322
ID000097900,2015-10-30,TMIN,238
ID000097900,2006-04-12,TMIN,230
ID000097900,2010-12-08,TMIN,260
ID000097900,2009-11-20,TMAX,351
ID000097900,2010-09-12,TMAX,301
ID000097900,2005-10-11,TMIN,240
ID000097900,2005-10-11,TMAX,326
ID000097900,2007-12-11,TMAX,336
ID000097900,2006-07-09,TMAX,285
ID000097900,2015-12-18,TMAX,324
ID000097900,2007-12-11,TMIN,240
ID000097900,2009-07-24,TMAX,298
ID000097900,2015-01-16,TMAX,334
ID000097900,2015-01-31,TMAX,323
ID000097900,2005-08-04,TMIN,205
ID000097900,2005-08-04,TMAX,294
ID000097900,2015-04-10,TMAX,320
ID000097900,2009-06-07,TMIN,244
ID000097900,2011-08-20,TMAX,282
ID000097900,2010-12-08,TMAX,328
ID000097900,2007-01-22,TMIN,243
ID000097900,2006-09-15,TMAX,288
ID000097900,2014-08-02,TMIN,242
ID000097900,2007-01-22,TMAX,322
ID000097900,2009-08-01,TMAX,297
ID000097900,2012-08-19,TMIN,243
ID000097900,2012-01-12,TMAX,327
ID000097900,2010-06-26,TMIN,254
ID000097900,2011-01-18,TMAX,312
ID000097900,2013-05-13,TMIN,260
ID000097900,2010-06-05,TMAX,302
ID000097900,2010-02-17,TMAX,346
ID000097900,2006-04-12,TMAX,322
ID000097900,2011-08-10,TMAX,282
ID000097900,2013-03-14,TMAX,298
ID000097900,2005-08-22,TMIN,230
ID000097900,2005-05-23,TMIN,245
ID000097900,2011-09-02,TMAX,285
ID000097900,2008-08-26,TMAX,292
ID000097900,2005-09-27,TMAX,309
ID000097900,2010-06-15,TMAX,298
ID000097900,2014-08-24,TMAX,289
ID000097900,2014-08-24,TMIN,207
ID000097900,2005-04-26,TMAX,312
ID000097900,2007-10-21,TMAX,316
ID000097900,2008-06-22,TMAX,277
ID000097900,2007-03-29,TMIN,245
ID000097900,2009-07-24,TMIN,235
ID000097900,2006-12-10,TMIN,245
ID000097900,2008-06-22,TMIN,239
ID000097900,2007-03-29,TMAX,326
ID000097900,2005-07-06,TMAX,304
ID000097900,2005-07-06,TMIN,249
ID000097900,2006-08-02,TMIN,230
ID000097900,2007-06-16,TMIN,235
ID000097900,2014-11-29,TMIN,252
ID000097900,2008-02-11,TMIN,242
ID000097900,2005-08-22,TMAX,299
ID000097900,2015-01-31,TMIN,248
ID000097900,2010-06-26,TMAX,298
ID000097900,2005-10-17,TMAX,319
ID000097900,2008-08-26,TMIN,235
ID000097900,2010-01-30,TMAX,322
ID000097900,2010-03-18,TMIN,254
ID000097900,2015-09-18,TMAX,306
ID000097900,2007-02-23,TMAX,308
ID000097900,2010-01-30,TMIN,267
ID000097900,2007-02-23,TMIN,223
ID000097900,2014-09-05,TMAX,286
ID000097900,2010-02-17,TMIN,268
ID000097900,2015-11-29,TMAX,346
ID000097900,2005-01-13,TMIN,250
ID000097900,2011-07-20,TMAX,288
ID000097900,2010-03-05,TMIN,256
ID000097900,2008-09-27,TMAX,304
ID000097900,2014-07-08,TMAX,290
ID000097900,2006-08-02,TMAX,292
ID000097900,2005-01-13,TMAX,315
ID000097900,2008-04-25,TMAX,323
ID000097900,2005-10-03,TMAX,310
ID000097900,2006-04-30,TMIN,228
ID000097900,2008-03-23,TMAX,322
ID000097900,2012-01-10,TMAX,330
ID000097900,2005-10-03,TMIN,240
ID000097900,2011-04-24,TMAX,302
ID000097900,2008-01-01,TMAX,304
ID000097900,2011-12-06,TMAX,294
ID000097900,2011-02-25,TMAX,311
ID000097900,2008-02-28,TMIN,235
ID000097900,2011-12-10,TMAX,334
ID000097900,2015-07-29,TMAX,282
ID000097900,2011-01-18,TMIN,243
ID000097900,2014-03-12,TMIN,249
ID000097900,2008-01-01,TMIN,230
ID000097900,2008-11-08,TMIN,230
ID000097900,2011-12-06,TMIN,257
ID000097900,2014-02-25,TMIN,249
ID000097900,2005-06-09,TMAX,308
ID000097900,2013-02-22,TMIN,254
ID000097900,2009-08-01,TMIN,220
ID000097900,2008-11-05,TMIN,240
ID000097900,2008-11-05,TMAX,316
ID000097900,2005-06-09,TMIN,245
ID000097900,2007-10-21,TMIN,250
ID000097900,2008-02-28,TMAX,324
ID000097900,2015-05-25,TMIN,248
ID000097900,2013-12-07,TMIN,251
ID000097900,2008-02-29,TMAX,330
ID000097900,2009-06-22,TMIN,213
ID000097900,2015-12-23,TMAX,324
ID000097900,2008-01-21,TMIN,250
ID000097900,2009-06-22,TMAX,306
ID000097900,2012-01-10,TMIN,255
ID000097900,2011-10-08,TMIN,243
ID000097900,2013-02-22,TMAX,320
ID000097900,2007-04-18,TMIN,255
ID000097900,2015-12-23,TMIN,260
ID000097900,2007-06-25,TMAX,301
ID000097900,2006-09-15,TMIN,230
ID000097900,2013-11-27,TMIN,259
ID000097900,2005-08-18,TMIN,236
ID000097900,2008-08-15,TMAX,288
ID000097900,2007-10-11,TMAX,326
ID000097900,2008-11-28,TMIN,240
ID000097900,2012-04-09,TMAX,320
ID000097900,2007-10-11,TMIN,225
ID000097900,2008-04-25,TMIN,243
ID000097900,2007-04-18,TMAX,314
ID000097900,2009-12-18,TMIN,250
ID000097900,2012-01-12,TMIN,247
ID000097900,2009-11-20,TMIN,248
ID000097900,2012-12-05,TMIN,258
ID000097900,2010-10-02,TMAX,312
ID000097900,2012-04-09,TMIN,266
ID000097900,2006-09-07,TMAX,287
ID000097900,2010-03-05,TMAX,332
ID000097900,2013-03-14,TMIN,240
ID000097900,2009-05-17,TMAX,310
ID000097900,2008-12-06,TMIN,239
ID000097900,2015-05-25,TMAX,308
ID000097900,2011-12-10,TMIN,252
ID000097900,2008-02-29,TMIN,245
ID000097900,2008-11-28,TMAX,344
ID000097900,2005-08-18,TMAX,297
ID000097900,2008-11-08,TMAX,340
ID000097900,2008-08-15,TMIN,230
ID000097900,2009-05-17,TMIN,242
ID000097900,2008-12-06,TMAX,318
ID000097900,2014-06-05,TMAX,296
ID000097900,2007-12-24,TMAX,316
ID000097900,2010-05-05,TMAX,315
ID000097900,2007-12-24,TMIN,241
ID000097900,2015-08-10,TMIN,236
ID000097900,2015-08-10,TMAX,295
ID000097900,2015-06-09,TMIN,237
ID000097900,2010-01-29,TMAX,320
ID000097900,2008-11-20,TMAX,342
ID000097900,2009-02-16,TMIN,219
ID000097900,2012-09-10,TMAX,306
ID000097900,2012-11-08,TMAX,328
ID000097900,2010-02-15,TMIN,273
ID000097900,2006-09-30,TMIN,230
ID000097900,2006-09-30,TMAX,298
ID000097900,2008-02-24,TMIN,250
ID000097900,2005-09-27,TMIN,240
ID000097900,2010-09-06,TMAX,302
ID000097900,2007-06-28,TMIN,223
ID000097900,2010-10-01,TMAX,308
ID000097900,2006-09-17,TMIN,237
ID000097900,2009-11-27,TMAX,338
ID000097900,2007-09-08,TMAX,289
ID000097900,2012-11-08,TMIN,248
ID000097900,2015-06-04,TMIN,240
ID000097900,2010-09-06,TMIN,263
ID000097900,2012-02-10,TMIN,255
ID000097900,2009-07-31,TMAX,296
ID000097900,2012-06-24,TMAX,274
ID000097900,2009-11-27,TMIN,254
ID000097900,2010-02-15,TMAX,344
ID000097900,2007-09-17,TMIN,230
ID000097900,2015-05-04,TMAX,310
ID000097900,2014-10-28,TMAX,310
ID000097900,2009-07-16,TMAX,288
ID000097900,2006-11-18,TMIN,240
ID000097900,2014-04-10,TMIN,151
ID000097900,2014-01-28,TMIN,252
ID000097900,2009-11-10,TMIN,267
ID000097900,2011-02-23,TMAX,296
ID000097900,2007-06-27,TMIN,219
ID000097900,2006-09-08,TMAX,290
ID000097900,2006-09-08,TMIN,230
ID000097900,2008-12-25,TMIN,236
ID000097900,2005-12-02,TMAX,334
ID000097900,2007-09-17,TMAX,299
ID000097900,2006-11-18,TMAX,328
ID000097900,2015-01-29,TMAX,280
ID000097900,2011-04-01,TMAX,290
ID000097900,2009-02-16,TMAX,302
ID000097900,2015-10-30,TMAX,312
ID000097900,2006-01-19,TMAX,286
ID000097900,2006-10-03,TMAX,294
ID000097900,2008-12-17,TMAX,310
ID000097900,2006-09-23,TMIN,213
ID000097900,2010-10-04,TMAX,313
ID000097900,2006-04-28,TMAX,330
ID000097900,2011-10-06,TMAX,322
ID000097900,2014-09-19,TMAX,298
ID000097900,2011-05-23,TMAX,300
ID000097900,2008-09-28,TMAX,304
ID000097900,2006-04-28,TMIN,226
ID000097900,2015-10-13,TMIN,233
ID000097900,2006-04-19,TMIN,229
ID000097900,2014-12-15,TMIN,238
ID000097900,2009-07-31,TMIN,220
ID000097900,2006-10-03,TMIN,217
ID000097900,2008-12-17,TMIN,240
ID000097900,2005-12-02,TMIN,240
ID000097900,2008-11-12,TMIN,237
ID000097900,2008-11-12,TMAX,326
ID000097900,2008-12-25,TMAX,320
ID000097900,2009-09-12,TMIN,257
ID000097900,2012-03-14,TMAX,292
ID000097900,2007-03-28,TMAX,328
ID000097900,2007-06-28,TMAX,275
ID000097900,2006-09-23,TMAX,294
ID000097900,2006-07-12,TMIN,235
ID000097900,2014-11-12,TMAX,322
ID000097900,2014-11-12,TMIN,252
ID000097900,2015-07-31,TMIN,242
ID000097900,2009-11-30,TMAX,356
ID000097900,2011-10-06,TMIN,254
ID000097900,2007-03-28,TMIN,245
ID000097900,2007-06-16,TMAX,280
ID000097900,2008-07-29,TMAX,302
ID000097900,2011-01-24,TMAX,310
ID000097900,2006-03-06,TMIN,245
ID000097900,2009-07-16,TMIN,220
ID000097900,2005-05-12,TMAX,321
ID000097900,2012-11-26,TMIN,260
ID000097900,2005-04-26,TMIN,252
ID000097900,2012-12-05,TMAX,342
ID000097900,2005-06-05,TMAX,311
ID000097900,2010-10-26,TMAX,310
ID000097900,2009-10-28,TMIN,219
ID000097900,2005-07-08,TMAX,300
ID000097900,2015-01-04,TMAX,310
ID000097900,2010-04-08,TMAX,344
ID000097900,2005-07-08,TMIN,249
ID000097900,2008-08-08,TMIN,229
ID000097900,2011-01-24,TMIN,234
ID000097900,2009-01-24,TMIN,248
ID000097900,2005-05-12,TMIN,245
ID000097900,2010-10-04,TMIN,264
ID000097900,2010-01-29,TMIN,265
ID000097900,2009-06-25,TMAX,300
ID000097900,2009-06-25,TMIN,236
ID000097900,2009-06-07,TMAX,310
ID000097900,2014-09-05,TMIN,201
ID000097900,2014-08-25,TMIN,246
ID000097900,2014-11-29,TMAX,344
ID000097900,2008-02-01,TMAX,328
ID000097900,2009-10-28,TMAX,314
ID000097900,2014-08-25,TMAX,292
ID000097900,2011-12-14,TMIN,266
ID000097900,2015-07-03,TMAX,291
ID000097900,2014-12-01,TMAX,340
ID000097900,2008-02-11,TMAX,300
ID000097900,2014-01-09,TMIN,261
ID000097900,2013-12-28,TMIN,256
ID000097900,2006-03-06,TMAX,326
ID000097900,2008-02-01,TMIN,238
ID000097900,2012-09-10,TMIN,255
ID000097900,2008-03-12,TMAX,318
ID000097900,2006-02-15,TMIN,230
ID000097900,2011-06-04,TMAX,290
ID000097900,2012-08-20,TMAX,294
ID000097900,2010-08-02,TMAX,270
ID000097900,2006-02-15,TMAX,318
ID000097900,2006-05-29,TMIN,225
ID000097900,2007-07-14,TMAX,280
ID000097900,2014-03-11,TMIN,247
ID000097900,2007-07-14,TMIN,230
ID000097900,2014-09-02,TMAX,293
ID000097900,2011-09-12,TMIN,236
ID000097900,2013-05-16,TMIN,261
ID000097900,2014-09-02,TMIN,234
ID000097900,2008-01-21,TMAX,342
ID000097900,2006-10-27,TMAX,305
ID000097900,2011-09-12,TMAX,287
ID000097900,2009-10-19,TMAX,329
ID000097900,2006-04-10,TMAX,333
ID000097900,2008-02-24,TMAX,312
ID000097900,2009-10-19,TMIN,260
ID000097900,2007-07-02,TMAX,286
ID000097900,2007-07-02,TMIN,215
ID000097900,2015-06-08,TMAX,301
ID000097900,2006-05-23,TMAX,312
ID000097900,2012-08-06,TMAX,290
ID000097900,2011-12-16,TMAX,341
ID000097900,2007-04-17,TMIN,240
ID000097900,2012-11-26,TMAX,330
ID000097900,2010-06-15,TMIN,248
ID000097900,2011-05-11,TMAX,309
ID000097900,2008-08-08,TMAX,285
ID000097900,2006-04-10,TMIN,225
ID000097900,2012-08-06,TMIN,236
ID000097900,2011-04-01,TMIN,254
ID000097900,2010-08-02,TMIN,242
ID000097900,2008-11-20,TMIN,245
ID000097900,2006-05-23,TMIN,240
ID000097900,2011-08-21,TMAX,282
ID000097900,2015-06-25,TMAX,300
ID000097900,2006-03-13,TMAX,328
ID000097900,2009-09-05,TMIN,248
ID000097900,2010-08-13,TMAX,290
ID000097900,2015-12-19,TMIN,242
ID000097900,2014-06-15,TMAX,272
ID000097900,2015-05-30,TMAX,290
ID000097900,2013-04-03,TMIN,260
ID000097900,2007-01-27,TMAX,294
ID000097900,2015-03-28,TMAX,320
ID000097900,2010-01-16,TMAX,279
ID000097900,2009-08-03,TMAX,290
ID000097900,2013-02-21,TMAX,308
ID000097900,2010-02-23,TMAX,332
ID000097900,2007-01-03,TMAX,304
ID000097900,2009-02-13,TMIN,235
ID000097900,2015-03-28,TMIN,248
ID000097900,2005-04-18,TMIN,225
ID000097900,2014-12-29,TMAX,332
ID000097900,2014-12-29,TMIN,252
ID000097900,2007-10-23,TMIN,240
ID000097900,2005-03-24,TMIN,248
ID000097900,2007-01-03,TMIN,240
ID000097900,2011-06-26,TMAX,292
ID000097900,2015-07-15,TMAX,282
ID000097900,2009-06-28,TMIN,210
ID000097900,2010-05-08,TMIN,269
ID000097900,2010-10-19,TMAX,312
ID000097900,2006-02-10,TMAX,321
ID000097900,2006-07-22,TMIN,226
ID000097900,2015-04-06,TMAX,327
ID000097900,2009-08-03,TMIN,229
ID000097900,2010-06-13,TMIN,248
ID000097900,2009-06-06,TMIN,248
ID000097900,2005-02-21,TMAX,338
ID000097900,2006-07-22,TMAX,275
ID000097900,2007-10-23,TMAX,313
ID000097900,2014-12-13,TMAX,348
ID000097900,2009-06-28,TMAX,304
ID000097900,2005-08-12,TMAX,291
ID000097900,2010-05-07,TMIN,250
ID000097900,2007-01-13,TMIN,230
ID000097900,2012-09-08,TMAX,302
ID000097900,2010-05-13,TMIN,256
ID000097900,2014-11-24,TMAX,332
ID000097900,2006-11-30,TMAX,339
ID000097900,2010-05-13,TMAX,310
ID000097900,2005-06-15,TMAX,308
ID000097900,2007-06-02,TMAX,304
ID000097900,2007-06-02,TMIN,234
ID000097900,2006-01-07,TMIN,230
ID000097900,2005-02-19,TMAX,340
ID000097900,2011-07-05,TMAX,295
ID000097900,2006-01-12,TMAX,334
ID000097900,2012-04-25,TMAX,314
ID000097900,2013-07-08,TMIN,249
ID000097900,2009-09-28,TMAX,315
ID000097900,2006-02-10,TMIN,247
ID000097900,2010-02-03,TMAX,324
ID000097900,2013-01-26,TMIN,273
ID000097900,2011-01-31,TMIN,252
ID000097900,2015-09-05,TMIN,241
ID000097900,2014-05-27,TMIN,258
ID000097900,2005-05-14,TMIN,245
ID000097900,2013-03-16,TMAX,325
ID000097900,2005-02-19,TMIN,236
ID000097900,2013-03-16,TMIN,254
ID000097900,2015-01-03,TMAX,282
ID000097900,2013-10-17,TMIN,245
ID000097900,2010-06-13,TMAX,280
ID000097900,2005-08-12,TMIN,205
ID000097900,2009-04-29,TMAX,318
ID000097900,2006-01-07,TMAX,306
ID000097900,2006-01-12,TMIN,245
ID000097900,2005-05-14,TMAX,322
ID000097900,2013-01-26,TMAX,332
ID000097900,2014-07-31,TMIN,237
ID000097900,2008-08-25,TMIN,230
ID000097900,2015-08-25,TMAX,298
ID000097900,2012-04-22,TMIN,245
ID000097900,2009-03-03,TMIN,230
ID000097900,2006-07-23,TMAX,288
ID000097900,2012-02-13,TMIN,260
ID000097900,2014-05-25,TMIN,266
ID000097900,2010-05-07,TMAX,304
ID000097900,2005-11-02,TMIN,236
ID000097900,2014-07-02,TMIN,246
ID000097900,2015-04-16,TMAX,316
ID000097900,2006-10-25,TMIN,234
ID000097900,2013-02-26,TMIN,257
ID000097900,2014-08-12,TMIN,242
ID000097900,2014-08-12,TMAX,288
ID000097900,2015-08-04,TMAX,291
ID000097900,2006-06-21,TMIN,238
ID000097900,2011-08-18,TMIN,223
ID000097900,2014-06-08,TMAX,297
ID000097900,2012-02-13,TMAX,324
ID000097900,2007-05-12,TMIN,235
ID000097900,2014-12-25,TMIN,250
ID000097900,2010-01-18,TMAX,298
ID000097900,2008-12-23,TMAX,310
ID000097900,2010-01-18,TMIN,245
ID000097900,2006-09-22,TMIN,224
ID000097900,2007-06-08,TMIN,245
ID000097900,2008-12-23,TMIN,248
ID000097900,2010-04-24,TMAX,326
ID000097900,2009-03-30,TMAX,345
ID000097900,2011-06-20,TMAX,286
ID000097900,2009-02-07,TMIN,235
ID000097900,2015-07-15,TMIN,239
ID000097900,2014-04-23,TMIN,252
ID000097900,2007-08-18,TMAX,284
ID000097900,2014-06-15,TMIN,247
ID000097900,2009-03-30,TMIN,230
ID000097900,2006-07-23,TMIN,230
ID000097900,2014-05-25,TMAX,310
ID000097900,2010-04-04,TMAX,335
ID000097900,2010-07-14,TMAX,292
ID000097900,2005-02-21,TMIN,241
ID000097900,2007-03-26,TMAX,277
ID000097900,2011-02-07,TMAX,312
ID000097900,2014-06-08,TMIN,242
ID000097900,2010-07-14,TMIN,242
ID000097900,2015-07-22,TMIN,239
ID000097900,2015-07-22,TMAX,298
ID000097900,2010-04-06,TMAX,340
ID000097900,2015-05-30,TMIN,236
ID000097900,2010-04-04,TMIN,256
ID000097900,2014-06-02,TMAX,305
ID000097900,2014-04-29,TMIN,244
ID000097900,2006-11-30,TMIN,246
ID000097900,2009-02-14,TMAX,330
ID000097900,2009-09-05,TMAX,300
ID000097900,2009-08-22,TMAX,300
ID000097900,2007-03-26,TMIN,225
ID000097900,2009-07-11,TMIN,236
ID000097900,2012-04-22,TMAX,318
ID000097900,2008-05-04,TMAX,302
ID000097900,2013-04-04,TMAX,324
ID000097900,2012-06-02,TMAX,300
ID000097900,2006-06-21,TMAX,284
ID000097900,2014-11-24,TMIN,255
ID000097900,2015-12-14,TMAX,338
ID000097900,2005-05-25,TMIN,250
ID000097900,2005-02-02,TMIN,254
ID000097900,2014-06-02,TMIN,250
ID000097900,2008-07-14,TMIN,230
ID000097900,2015-08-04,TMIN,220
ID000097900,2007-07-08,TMAX,280
ID000097900,2013-04-03,TMAX,325
ID000097900,2007-03-18,TMAX,320
ID000097900,2010-07-01,TMAX,294
ID000097900,2008-07-14,TMAX,292
ID000097900,2015-01-14,TMAX,324
ID000097900,2008-05-04,TMIN,249
ID000097900,2007-05-12,TMAX,318
ID000097900,2012-04-25,TMIN,256
ID000097900,2013-07-24,TMIN,251
ID000097900,2005-04-28,TMIN,255
ID000097900,2007-05-02,TMIN,251
ID000097900,2012-07-27,TMAX,292
ID000097900,2011-06-19,TMAX,292
ID000097900,2008-11-14,TMAX,328
ID000097900,2005-10-26,TMAX,352
ID000097900,2007-03-27,TMAX,314
ID000097900,2005-04-18,TMAX,316
ID000097900,2015-10-23,TMIN,230
ID000097900,2012-07-27,TMIN,236
ID000097900,2007-03-27,TMIN,225
ID000097900,2009-02-13,TMAX,342
ID000097900,2007-10-19,TMIN,249
ID000097900,2008-09-11,TMIN,230
ID000097900,2009-03-31,TMAX,297
ID000097900,2008-09-11,TMAX,298
ID000097900,2010-11-14,TMIN,244
ID000097900,2014-10-18,TMIN,256
ID000097900,2012-11-11,TMIN,268
ID000097900,2006-01-11,TMAX,332
ID000097900,2006-01-11,TMIN,245
ID000097900,2006-02-20,TMIN,240
ID000097900,2009-03-31,TMIN,232
ID000097900,2011-09-13,TMAX,287
ID000097900,2012-06-05,TMIN,244
ID000097900,2012-10-08,TMAX,311
ID000097900,2012-03-13,TMIN,247
ID000097900,2015-09-30,TMIN,244
ID000097900,2010-10-22,TMIN,240
ID000097900,2015-10-10,TMAX,299
ID000097900,2006-05-18,TMIN,236
ID000097900,2007-10-19,TMAX,317
ID000097900,2005-08-25,TMAX,298
ID000097900,2010-06-27,TMAX,290
ID000097900,2010-11-01,TMAX,300
ID000097900,2009-05-29,TMAX,308
ID000097900,2014-10-18,TMAX,316
ID000097900,2012-09-29,TMAX,310
ID000097900,2012-01-15,TMAX,339
ID000097900,2010-05-01,TMAX,321
ID000097900,2009-09-06,TMAX,299
ID000097900,2012-10-08,TMIN,240
ID000097900,2010-10-22,TMAX,302
ID000097900,2010-05-04,TMAX,310
ID000097900,2010-09-15,TMAX,306
ID000097900,2010-09-15,TMIN,256
ID000097900,2005-09-04,TMAX,309
ID000097900,2015-01-05,TMIN,242
ID000097900,2015-01-05,TMAX,320
ID000097900,2008-07-06,TMIN,228
ID000097900,2010-05-04,TMIN,254
ID000097900,2008-10-28,TMAX,316
ID000097900,2007-01-24,TMIN,250
ID000097900,2007-01-24,TMAX,323
ID000097900,2005-06-25,TMIN,230
ID000097900,2005-10-16,TMAX,316
ID000097900,2010-06-01,TMAX,309
ID000097900,2005-03-19,TMIN,239
ID000097900,2012-01-30,TMIN,258
ID000097900,2012-01-30,TMAX,319
ID000097900,2015-05-14,TMIN,262
ID000097900,2015-10-23,TMAX,312
ID000097900,2015-12-16,TMAX,350
ID000097900,2011-03-09,TMAX,340
ID000097900,2008-10-28,TMIN,242
ID000097900,2011-06-19,TMIN,240
ID000097900,2008-11-04,TMAX,320
ID000097900,2011-12-18,TMAX,310
ID000097900,2012-06-22,TMAX,276
ID000097900,2007-09-25,TMAX,304
ID000097900,2012-09-07,TMAX,300
ID000097900,2007-09-25,TMIN,220
ID000097900,2007-05-16,TMIN,245
ID000097900,2007-05-16,TMAX,316
ID000097900,2013-07-10,TMIN,242
ID000097900,2006-08-21,TMAX,276
ID000097900,2005-04-09,TMIN,220
ID000097900,2014-09-27,TMAX,310
ID000097900,2014-12-24,TMIN,247
ID000097900,2008-07-09,TMIN,230
ID000097900,2008-11-04,TMIN,240
ID000097900,2011-10-28,TMAX,323
ID000097900,2012-10-10,TMIN,240
ID000097900,2006-02-19,TMIN,248
ID000097900,2014-11-06,TMIN,252
ID000097900,2011-10-28,TMIN,258
ID000097900,2009-12-09,TMIN,259
ID000097900,2014-11-06,TMAX,323
ID000097900,2012-10-10,TMAX,316
ID000097900,2009-12-09,TMAX,336
ID000097900,2007-02-20,TMAX,328
ID000097900,2005-06-15,TMIN,234
ID000097900,2007-02-20,TMIN,230
ID000097900,2012-11-11,TMAX,324
ID000097900,2012-01-16,TMIN,254
ID000097900,2007-11-10,TMAX,339
ID000097900,2005-07-18,TMAX,300
ID000097900,2015-06-11,TMAX,300
ID000097900,2015-01-03,TMIN,244
ID000097900,2006-08-21,TMIN,205
ID000097900,2015-04-11,TMIN,253
ID000097900,2014-12-24,TMAX,330
ID000097900,2010-04-23,TMAX,328
ID000097900,2007-05-13,TMAX,312
ID000097900,2008-07-09,TMAX,279
ID000097900,2015-06-11,TMIN,252
ID000097900,2014-07-02,TMAX,286
ID000097900,2006-02-19,TMAX,332
ID000097900,2008-06-04,TMAX,290
ID000097900,2010-02-03,TMIN,242
ID000097900,2007-05-13,TMIN,235
ID000097900,2005-07-18,TMIN,236
ID000097900,2007-11-10,TMIN,244
ID000097900,2015-04-11,TMAX,329
ID000097900,2010-11-02,TMAX,294
ID000097900,2008-03-05,TMAX,317
ID000097900,2011-11-13,TMIN,250
ID000097900,2010-05-08,TMAX,314
ID000097900,2008-09-05,TMIN,229
ID000097900,2007-01-13,TMAX,336
ID000097900,2015-09-30,TMAX,298
ID000097900,2008-11-17,TMIN,255
ID000097900,2009-06-04,TMIN,242
ID000097900,2005-07-12,TMIN,238
ID000097900,2006-04-30,TMAX,328
ID000097900,2005-09-22,TMAX,310
ID000097900,2005-09-22,TMIN,245
ID000097900,2014-11-11,TMIN,250
ID000097900,2009-05-29,TMIN,240
ID000097900,2010-11-02,TMIN,238
ID000097900,2009-04-14,TMIN,241
ID000097900,2014-05-27,TMAX,310
ID000097900,2013-07-11,TMAX,296
ID000097900,2014-11-11,TMAX,332
ID000097900,2010-02-24,TMIN,265
ID000097900,2011-06-08,TMIN,252
ID000097900,2012-10-21,TMAX,318
ID000097900,2012-10-21,TMIN,258
ID000097900,2009-06-04,TMAX,302
ID000097900,2012-09-08,TMIN,243
ID000097900,2014-06-27,TMIN,245
ID000097900,2012-01-16,TMAX,310
ID000097900,2010-12-23,TMAX,300
ID000097900,2010-08-25,TMAX,302
ID000097900,2014-06-27,TMAX,290
ID000097900,2008-08-25,TMAX,287
ID000097900,2006-04-29,TMIN,233
ID000097900,2013-01-22,TMIN,275
ID000097900,2011-11-13,TMAX,330
ID000097900,2009-09-06,TMIN,250
ID000097900,2012-09-05,TMAX,298
ID000097900,2010-12-23,TMIN,254
ID000097900,2005-08-25,TMIN,238
ID000097900,2007-11-27,TMAX,340
ID000097900,2007-03-31,TMIN,240
ID000097900,2013-09-29,TMIN,237
ID000097900,2006-12-11,TMAX,340
ID000097900,2011-04-09,TMAX,301
ID000097900,2011-04-09,TMIN,254
ID000097900,2009-01-10,TMAX,320
ID000097900,2007-03-09,TMAX,331
ID000097900,2007-03-09,TMIN,250
ID000097900,2009-04-20,TMAX,312
ID000097900,2012-06-12,TMAX,288
ID000097900,2010-07-05,TMIN,258
ID000097900,2014-05-13,TMIN,249
ID000097900,2014-10-03,TMIN,228
ID000097900,2014-09-28,TMAX,302
ID000097900,2010-09-14,TMIN,257
ID000097900,2013-10-10,TMIN,231
ID000097900,2011-05-24,TMIN,246
ID000097900,2007-03-12,TMAX,326
ID000097900,2009-05-16,TMAX,310
ID000097900,2014-12-06,TMIN,252
ID000097900,2014-12-06,TMAX,336
ID000097900,2011-05-05,TMIN,268
ID000097900,2007-05-06,TMIN,250
ID000097900,2011-02-05,TMIN,261
ID000097900,2011-02-05,TMAX,314
ID000097900,2007-05-06,TMAX,298
ID000097900,2011-09-19,TMAX,294
ID000097900,2012-04-12,TMAX,323
ID000097900,2015-08-29,TMIN,230
ID000097900,2009-03-26,TMAX,298
ID000097900,2008-07-22,TMAX,284
ID000097900,2013-12-06,TMIN,252
ID000097900,2013-01-25,TMAX,336
ID000097900,2006-02-24,TMIN,235
ID000097900,2011-04-11,TMAX,292
ID000097900,2013-01-25,TMIN,272
ID000097900,2010-02-01,TMAX,310
ID000097900,2005-07-26,TMIN,227
ID000097900,2011-05-05,TMAX,304
ID000097900,2008-07-22,TMIN,229
ID000097900,2010-07-05,TMAX,300
ID000097900,2006-06-23,TMIN,230
ID000097900,2006-06-23,TMAX,292
ID000097900,2015-02-05,TMAX,331
ID000097900,2014-10-03,TMAX,304
ID000097900,2006-10-01,TMAX,292
ID000097900,2006-02-05,TMIN,237
ID000097900,2014-07-12,TMIN,247
ID000097900,2008-10-25,TMAX,314
ID000097900,2011-03-07,TMAX,334
ID000097900,2006-10-25,TMAX,300
ID000097900,2011-04-02,TMAX,298
ID000097900,2015-11-12,TMAX,354
ID000097900,2009-09-26,TMAX,312
ID000097900,2013-07-01,TMIN,252
ID000097900,2007-03-20,TMIN,248
ID000097900,2007-01-14,TMAX,340
ID000097900,2009-03-07,TMAX,320
ID000097900,2007-03-12,TMIN,248
ID000097900,2009-03-07,TMIN,234
ID000097900,2010-01-17,TMAX,290
ID000097900,2006-01-25,TMIN,240
ID000097900,2009-04-20,TMIN,226
ID000097900,2010-01-17,TMIN,234
ID000097900,2015-12-21,TMAX,301
ID000097900,2009-05-16,TMIN,250
ID000097900,2012-12-19,TMIN,251
ID000097900,2010-02-01,TMIN,256
ID000097900,2008-04-14,TMAX,300
ID000097900,2011-10-27,TMIN,256
ID000097900,2006-02-24,TMAX,324
ID000097900,2011-10-27,TMAX,326
ID000097900,2006-10-01,TMIN,225
ID000097900,2007-07-08,TMIN,210
ID000097900,2015-08-29,TMAX,294
ID000097900,2007-01-14,TMIN,254
ID000097900,2012-12-19,TMAX,346
ID000097900,2007-03-20,TMAX,325
ID000097900,2007-05-23,TMIN,254
ID000097900,2011-01-30,TMIN,246
ID000097900,2010-08-05,TMIN,250
ID000097900,2005-05-17,TMAX,314
ID000097900,2005-12-10,TMIN,230
ID000097900,2011-03-10,TMAX,340
ID000097900,2014-09-15,TMIN,237
ID000097900,2006-05-08,TMIN,234
ID000097900,2012-09-30,TMAX,310
ID000097900,2007-04-13,TMAX,310
ID000097900,2006-05-08,TMAX,316
ID000097900,2013-06-18,TMIN,262
ID000097900,2012-03-10,TMAX,308
ID000097900,2006-12-01,TMAX,346
ID000097900,2008-01-20,TMAX,330
ID000097900,2012-06-23,TMIN,240
ID000097900,2005-05-17,TMIN,235
ID000097900,2015-11-24,TMAX,344
ID000097900,2012-03-10,TMIN,250
ID000097900,2015-06-15,TMIN,243
ID000097900,2008-02-18,TMIN,235
ID000097900,2005-02-09,TMAX,327
ID000097900,2007-07-06,TMAX,289
ID000097900,2011-11-15,TMIN,262
ID000097900,2010-04-14,TMIN,257
ID000097900,2013-11-08,TMIN,267
ID000097900,2010-08-05,TMAX,297
ID000097900,2009-09-11,TMIN,256
ID000097900,2005-12-25,TMAX,324
ID000097900,2013-03-28,TMIN,252
ID000097900,2006-03-13,TMIN,240
ID000097900,2015-02-21,TMIN,248
ID000097900,2011-01-09,TMIN,260
ID000097900,2007-02-18,TMIN,235
ID000097900,2011-11-15,TMAX,324
ID000097900,2007-02-18,TMAX,330
ID000097900,2007-04-13,TMIN,235
ID000097900,2009-10-08,TMAX,316
ID000097900,2007-05-23,TMAX,303
ID000097900,2014-06-05,TMIN,240
ID000097900,2009-03-11,TMAX,324
ID000097900,2006-12-24,TMAX,328
ID000097900,2009-09-11,TMAX,310
ID000097900,2012-04-30,TMAX,298
ID000097900,2008-10-21,TMIN,235
ID000097900,2012-09-06,TMAX,302
ID000097900,2011-05-12,TMAX,300
ID000097900,2005-12-18,TMAX,327
ID000097900,2015-06-26,TMAX,260
ID000097900,2012-05-01,TMAX,316
ID000097900,2008-10-21,TMAX,314
ID000097900,2015-06-26,TMIN,218
ID000097900,2014-06-26,TMAX,284
ID000097900,2009-10-07,TMAX,316
ID000097900,2009-10-07,TMIN,250
ID000097900,2014-06-26,TMIN,234
ID000097900,2014-09-15,TMAX,296
ID000097900,2014-08-14,TMAX,285
ID000097900,2008-07-10,TMAX,275
ID000097900,2009-08-17,TMAX,300
ID000097900,2005-12-25,TMIN,245
ID000097900,2007-01-12,TMAX,336
ID000097900,2012-06-23,TMAX,304
ID000097900,2012-12-18,TMAX,342
ID000097900,2006-12-01,TMIN,246
ID000097900,2007-01-12,TMIN,254
ID000097900,2015-11-16,TMAX,350
ID000097900,2005-03-31,TMAX,324
ID000097900,2014-10-11,TMAX,314
ID000097900,2008-02-18,TMAX,290
ID000097900,2011-01-09,TMAX,332
ID000097900,2015-11-16,TMIN,257
ID000097900,2005-11-10,TMAX,336
ID000097900,2009-03-11,TMIN,227
ID000097900,2011-10-10,TMIN,240
ID000097900,2012-04-30,TMIN,263
ID000097900,2009-02-28,TMAX,298
ID000097900,2015-03-03,TMAX,316
ID000097900,2010-10-10,TMAX,310
ID000097900,2012-11-05,TMAX,325
ID000097900,2008-11-09,TMAX,336
ID000097900,2012-01-28,TMAX,327
ID000097900,2012-01-13,TMAX,335
ID000097900,2011-03-12,TMIN,264
ID000097900,2007-12-07,TMAX,340
ID000097900,2005-04-14,TMIN,220
ID000097900,2008-10-15,TMIN,240
ID000097900,2006-09-22,TMAX,290
ID000097900,2005-02-02,TMAX,314
ID000097900,2008-10-15,TMAX,316
ID000097900,2013-08-30,TMIN,254
ID000097900,2015-10-17,TMAX,311
ID000097900,2010-11-28,TMIN,249
ID000097900,2012-01-28,TMIN,266
ID000097900,2011-10-07,TMAX,314
ID000097900,2014-01-18,TMIN,262
ID000097900,2005-04-14,TMAX,302
ID000097900,2008-08-17,TMAX,288
ID000097900,2013-01-19,TMAX,317
ID000097900,2010-12-17,TMAX,308
ID000097900,2007-06-09,TMAX,286
ID000097900,2012-05-18,TMAX,306
ID000097900,2014-11-05,TMIN,254
ID000097900,2008-01-20,TMIN,254
ID000097900,2006-03-23,TMAX,322
ID000097900,2014-02-09,TMIN,255
ID000097900,2010-07-09,TMAX,284
ID000097900,2012-07-13,TMAX,300
ID000097900,2005-04-28,TMAX,315
ID000097900,2009-11-14,TMAX,330
ID000097900,2010-11-28,TMAX,318
ID000097900,2008-08-17,TMIN,196
ID000097900,2012-07-13,TMIN,244
ID000097900,2007-09-27,TMAX,296
ID000097900,2011-03-12,TMAX,340
ID000097900,2014-12-05,TMIN,251
ID000097900,2012-05-18,TMIN,260
ID000097900,2007-08-09,TMIN,228
ID000097900,2014-10-31,TMIN,220
ID000097900,2010-08-30,TMAX,300
ID000097900,2011-09-25,TMAX,300
ID000097900,2007-10-05,TMIN,235
ID000097900,2013-09-12,TMIN,250
ID000097900,2015-10-19,TMAX,306
ID000097900,2007-06-08,TMAX,290
ID000097900,2005-05-18,TMIN,243
ID000097900,2009-10-06,TMAX,316
ID000097900,2008-01-23,TMIN,230
ID000097900,2015-08-25,TMIN,224
ID000097900,2010-04-13,TMIN,258
ID000097900,2010-12-17,TMIN,256
ID000097900,2010-01-31,TMAX,317
ID000097900,2008-03-11,TMAX,322
ID000097900,2015-02-09,TMAX,336
ID000097900,2010-07-09,TMIN,240
ID000097900,2005-05-18,TMAX,316
ID000097900,2007-10-05,TMAX,314
ID000097900,2009-06-06,TMAX,310
ID000097900,2005-09-20,TMAX,310
ID000097900,2007-08-09,TMAX,288
ID000097900,2007-12-07,TMIN,241
ID000097900,2007-11-27,TMIN,232
ID000097900,2007-01-29,TMIN,249
ID000097900,2012-01-13,TMIN,254
ID000097900,2005-09-20,TMIN,247
ID000097900,2007-01-29,TMAX,330
ID000097900,2007-07-24,TMAX,282
ID000097900,2007-08-18,TMIN,210
ID000097900,2008-12-03,TMIN,252
ID000097900,2014-12-07,TMAX,334
ID000097900,2014-12-07,TMIN,252
ID000097900,2014-10-31,TMAX,320
ID000097900,2008-01-23,TMAX,340
ID000097900,2013-02-26,TMAX,326
ID000097900,2009-04-29,TMIN,249
ID000097900,2007-03-31,TMAX,324
ID000097900,2007-06-09,TMIN,230
ID000097900,2007-09-27,TMIN,220
ID000097900,2009-09-03,TMAX,306
ID000097900,2007-07-06,TMIN,226
ID000097900,2005-11-26,TMAX,322
ID000097900,2012-07-15,TMAX,290
ID000097900,2006-10-12,TMAX,293
ID000097900,2010-07-15,TMIN,247
ID000097900,2006-10-12,TMIN,232
ID000097900,2014-08-18,TMIN,231
ID000097900,2008-04-14,TMIN,229
ID000097900,2007-01-27,TMIN,230
ID000097900,2008-08-27,TMIN,235
ID000097900,2005-04-20,TMAX,316
ID000097900,2014-08-18,TMAX,285
ID000097900,2006-03-23,TMIN,251
ID000097900,2005-11-10,TMIN,239
ID000097900,2009-07-22,TMIN,236
ID000097900,2010-02-02,TMAX,310
ID000097900,2010-09-14,TMAX,283
ID000097900,2008-05-05,TMIN,236
ID000097900,2009-01-10,TMIN,243
ID000097900,2011-03-07,TMIN,260
ID000097900,2007-12-31,TMIN,233
ID000097900,2012-11-05,TMIN,252
ID000097900,2008-10-25,TMIN,250
ID000097900,2008-03-02,TMAX,324
ID000097900,2015-03-03,TMIN,247
ID000097900,2006-01-02,TMIN,225
ID000097900,2015-11-12,TMIN,248
ID000097900,2008-05-05,TMAX,310
ID000097900,2007-12-31,TMAX,294
ID000097900,2009-09-03,TMIN,247
ID000097900,2008-04-24,TMIN,237
ID000097900,2009-07-22,TMAX,298
ID000097900,2007-10-15,TMIN,250
ID000097900,2012-06-25,TMAX,280
ID000097900,2007-05-04,TMIN,255
ID000097900,2015-09-14,TMIN,250
ID000097900,2007-11-30,TMIN,240
ID000097900,2008-08-27,TMAX,288
ID000097900,2009-02-07,TMAX,322
ID000097900,2009-06-05,TMAX,276
ID000097900,2010-05-20,TMIN,269
ID000097900,2009-05-15,TMIN,251
ID000097900,2008-08-03,TMIN,234
ID000097900,2007-11-03,TMAX,318
ID000097900,2006-11-21,TMIN,252
ID000097900,2010-05-20,TMAX,314
ID000097900,2011-03-26,TMAX,286
ID000097900,2015-07-02,TMAX,284
ID000097900,2012-08-15,TMAX,288
ID000097900,2014-11-23,TMIN,248
ID000097900,2009-03-28,TMIN,235
ID000097900,2012-08-15,TMIN,240
ID000097900,2011-06-05,TMAX,290
ID000097900,2009-04-04,TMAX,315
ID000097900,2006-02-20,TMAX,298
ID000097900,2010-07-12,TMIN,252
ID000097900,2008-08-03,TMAX,285
ID000097900,2015-04-28,TMAX,309
ID000097900,2009-05-15,TMAX,310
ID000097900,2009-06-05,TMIN,246
ID000097900,2013-03-13,TMAX,314
ID000097900,2012-10-09,TMIN,236
ID000097900,2015-12-21,TMIN,252
ID000097900,2008-07-03,TMAX,287
ID000097900,2007-05-04,TMAX,314
ID000097900,2008-12-03,TMAX,324
ID000097900,2014-08-11,TMIN,240
ID000097900,2008-07-03,TMIN,221
ID000097900,2014-08-11,TMAX,286
ID000097900,2005-06-07,TMIN,250
ID000097900,2007-11-30,TMAX,344
ID000097900,2012-05-02,TMAX,314
ID000097900,2007-11-03,TMIN,240
ID000097900,2006-01-02,TMAX,300
ID000097900,2011-06-05,TMIN,255
ID000097900,2008-07-10,TMIN,235
ID000097900,2008-10-27,TMIN,240
ID000097900,2015-02-06,TMAX,330
ID000097900,2010-06-20,TMAX,291
ID000097900,2010-06-20,TMIN,248
ID000097900,2005-08-17,TMAX,296
ID000097900,2010-01-07,TMIN,264
ID000097900,2005-08-17,TMIN,233
ID000097900,2015-06-23,TMAX,310
ID000097900,2009-05-19,TMAX,310
ID000097900,2006-12-17,TMAX,330
ID000097900,2015-08-06,TMAX,280
ID000097900,2015-09-13,TMIN,246
ID000097900,2015-08-06,TMIN,230
ID000097900,2009-02-24,TMAX,322
ID000097900,2011-10-05,TMAX,306
ID000097900,2014-07-16,TMIN,232
ID000097900,2006-12-17,TMIN,225
ID000097900,2006-08-28,TMIN,216
ID000097900,2008-02-21,TMAX,302
ID000097900,2011-04-13,TMIN,248
ID000097900,2008-12-02,TMIN,244
ID000097900,2015-08-28,TMIN,234
ID000097900,2015-08-13,TMIN,216
ID000097900,2008-07-17,TMIN,226
ID000097900,2015-08-13,TMAX,292
ID000097900,2012-11-14,TMAX,322
ID000097900,2008-07-17,TMAX,294
ID000097900,2012-10-26,TMAX,330
ID000097900,2012-11-14,TMIN,256
ID000097900,2008-02-21,TMIN,237
ID000097900,2012-04-28,TMAX,320
ID000097900,2015-06-24,TMIN,224
ID000097900,2008-09-19,TMAX,303
ID000097900,2014-11-26,TMAX,336
ID000097900,2011-04-13,TMAX,332
ID000097900,2009-09-30,TMAX,314
ID000097900,2008-12-02,TMAX,312
ID000097900,2011-10-05,TMIN,242
ID000097900,2012-04-28,TMIN,240
ID000097900,2007-01-31,TMAX,312
ID000097900,2006-12-31,TMAX,312
ID000097900,2007-01-31,TMIN,235
ID000097900,2006-12-31,TMIN,240
ID000097900,2009-06-10,TMIN,240
ID000097900,2011-12-01,TMAX,330
ID000097900,2011-12-01,TMIN,266
ID000097900,2011-11-24,TMAX,338
ID000097900,2015-10-15,TMAX,302
ID000097900,2015-10-15,TMIN,244
ID000097900,2010-06-11,TMAX,302
ID000097900,2009-01-21,TMAX,330
ID000097900,2010-04-09,TMAX,323
ID000097900,2009-01-21,TMIN,235
ID000097900,2011-11-24,TMIN,254
ID000097900,2012-01-24,TMAX,294
ID000097900,2010-04-11,TMIN,252
ID000097900,2009-02-24,TMIN,233
ID000097900,2009-09-30,TMIN,256
ID000097900,2007-02-15,TMIN,240
ID000097900,2007-02-15,TMAX,346
ID000097900,2010-01-07,TMAX,328
ID000097900,2015-12-11,TMAX,339
ID000097900,2005-06-30,TMIN,230
ID000097900,2005-03-01,TMAX,338
ID000097900,2005-05-15,TMIN,240
ID000097900,2005-03-01,TMIN,242
ID000097900,2005-05-15,TMAX,319
ID000097900,2015-12-11,TMIN,258
ID000097900,2005-02-04,TMAX,307
ID000097900,2010-04-11,TMAX,331
ID000097900,2014-06-03,TMAX,306
ID000097900,2014-06-03,TMIN,265
ID000097900,2009-05-19,TMIN,245
ID000097900,2008-12-11,TMIN,252
ID000097900,2015-08-28,TMAX,298
ID000097900,2009-08-13,TMAX,298
ID000097900,2011-01-25,TMAX,330
ID000097900,2013-02-17,TMAX,300
ID000097900,2014-09-16,TMIN,241
ID000097900,2011-05-28,TMAX,282
ID000097900,2007-06-06,TMAX,282
ID000097900,2005-01-12,TMIN,240
ID000097900,2011-01-25,TMIN,244
ID000097900,2007-06-06,TMIN,230
ID000097900,2005-03-16,TMAX,325
ID000097900,2008-10-04,TMIN,232
ID000097900,2005-03-16,TMIN,238
ID000097900,2005-10-31,TMIN,250
ID000097900,2005-10-31,TMAX,332
ID000097900,2010-08-09,TMAX,258
ID000097900,2008-10-04,TMAX,318
ID000097900,2013-04-21,TMAX,322
ID000097900,2007-03-05,TMAX,334
ID000097900,2005-01-12,TMAX,340
ID000097900,2015-02-19,TMIN,255
ID000097900,2007-03-05,TMIN,240
ID000097900,2008-11-03,TMAX,320
ID000097900,2008-11-03,TMIN,240
ID000097900,2007-02-08,TMIN,231
ID000097900,2008-05-07,TMAX,310
ID000097900,2015-06-03,TMIN,235
ID000097900,2007-02-08,TMAX,333
ID000097900,2006-11-11,TMIN,230
ID000097900,2007-07-17,TMAX,286
ID000097900,2007-07-17,TMIN,230
ID000097900,2008-05-07,TMIN,240
ID000097900,2011-02-20,TMAX,290
ID000097900,2008-01-25,TMIN,235
ID000097900,2006-11-11,TMAX,334
ID000097900,2007-12-01,TMAX,352
ID000097900,2010-08-09,TMIN,218
ID000097900,2014-02-16,TMIN,235
ID000097900,2006-04-06,TMAX,324
ID000097900,2015-01-06,TMIN,241
ID000097900,2015-01-06,TMAX,324
ID000097900,2007-06-26,TMIN,228
ID000097900,2007-06-26,TMAX,276
ID000097900,2014-06-20,TMAX,289
ID000097900,2014-09-01,TMAX,290
ID000097900,2010-04-15,TMAX,326
ID000097900,2005-08-05,TMAX,296
ID000097900,2005-08-05,TMIN,220
ID000097900,2015-12-13,TMIN,257
ID000097900,2006-07-04,TMAX,284
ID000097900,2008-01-22,TMIN,240
ID000097900,2008-01-22,TMAX,336
ID000097900,2006-07-04,TMIN,230
ID000097900,2009-08-13,TMIN,248
ID000097900,2006-09-13,TMIN,230
ID000097900,2010-04-09,TMIN,250
ID000097900,2015-12-13,TMAX,342
ID000097900,2006-09-13,TMAX,296
ID000097900,2009-02-21,TMAX,318
ID000097900,2009-02-21,TMIN,244
ID000097900,2007-12-01,TMIN,245
ID000097900,2008-05-18,TMAX,302
ID000097900,2006-04-06,TMIN,250
ID000097900,2010-06-19,TMIN,260
ID000097900,2010-06-19,TMAX,301
ID000097900,2008-10-19,TMAX,319
ID000097900,2008-10-19,TMIN,237
ID000097900,2012-11-22,TMAX,346
ID000097900,2012-11-22,TMIN,258
ID000097900,2006-10-18,TMAX,304
ID000097900,2006-10-18,TMIN,233
ID000097900,2014-06-20,TMIN,242
ID000097900,2008-12-11,TMAX,336
ID000097900,2011-02-11,TMAX,312
ID000097900,2010-01-23,TMAX,317
ID000097900,2010-01-23,TMIN,255
ID000097900,2014-11-19,TMIN,242
ID000097900,2010-12-18,TMIN,260
ID000097900,2006-09-26,TMAX,296
ID000097900,2005-09-01,TMIN,235
ID000097900,2006-09-26,TMIN,220
ID000097900,2010-12-18,TMAX,328
ID000097900,2012-04-26,TMAX,310
ID000097900,2006-11-28,TMIN,240
ID000097900,2005-09-01,TMAX,298
ID000097900,2014-01-23,TMIN,231
ID000097900,2008-06-05,TMIN,235
ID000097900,2015-01-10,TMAX,322
ID000097900,2015-01-10,TMIN,268
ID000097900,2011-07-25,TMIN,242
ID000097900,2015-11-28,TMAX,338
ID000097900,2013-02-12,TMAX,340
ID000097900,2006-11-28,TMAX,323
ID000097900,2006-01-23,TMAX,288
ID000097900,2006-01-23,TMIN,185
ID000097900,2007-09-03,TMAX,294
ID000097900,2007-09-03,TMIN,230
ID000097900,2013-11-03,TMAX,324
ID000097900,2015-06-02,TMIN,254
ID000097900,2007-01-30,TMAX,322
ID000097900,2007-10-29,TMAX,324
ID000097900,2007-10-29,TMIN,233
ID000097900,2007-01-30,TMIN,240
ID000097900,2011-09-21,TMAX,296
ID000097900,2011-09-21,TMIN,230
ID000097900,2015-05-13,TMIN,237
ID000097900,2015-05-13,TMAX,313
ID000097900,2005-12-20,TMIN,242
ID000097900,2012-10-23,TMIN,260
ID000097900,2012-10-23,TMAX,317
ID000097900,2015-11-28,TMIN,249
ID000097900,2010-09-17,TMAX,306
ID000097900,2011-07-25,TMAX,277
ID000097900,2013-01-03,TMAX,335
ID000097900,2008-06-05,TMAX,298
ID000097900,2011-11-20,TMAX,325
ID000097900,2005-08-24,TMAX,296
ID000097900,2005-08-24,TMIN,215
ID000097900,2012-12-03,TMIN,256
ID000097900,2007-07-09,TMIN,225
ID000097900,2007-07-09,TMAX,264
ID000097900,2008-09-30,TMIN,231
ID000097900,2008-09-30,TMAX,303
ID000097900,2009-03-18,TMIN,235
ID000097900,2009-03-18,TMAX,322
ID000097900,2014-11-13,TMAX,320
ID000097900,2012-11-30,TMAX,331
ID000097900,2015-09-23,TMAX,300
ID000097900,2011-12-20,TMAX,320
ID000097900,2010-02-27,TMIN,263
ID000097900,2007-06-18,TMIN,226
ID000097900,2009-03-27,TMAX,323
ID000097900,2009-03-09,TMIN,240
ID000097900,2013-01-03,TMIN,258
ID000097900,2013-02-12,TMIN,254
ID000097900,2014-01-26,TMIN,255
ID000097900,2008-11-18,TMAX,336
ID000097900,2013-11-03,TMIN,260
ID000097900,2014-06-25,TMIN,249
ID000097900,2014-06-25,TMAX,290
ID000097900,2009-03-17,TMAX,302
ID000097900,2009-03-17,TMIN,239
ID000097900,2009-03-09,TMAX,300
ID000097900,2010-01-12,TMAX,322
ID000097900,2014-05-29,TMAX,310
ID000097900,2009-03-27,TMIN,230
ID000097900,2013-11-05,TMIN,249
ID000097900,2010-01-12,TMIN,256
ID000097900,2010-02-27,TMAX,330
ID000097900,2008-01-25,TMAX,324
ID000097900,2014-10-16,TMIN,246
ID000097900,2005-06-12,TMIN,230
ID000097900,2012-10-12,TMIN,265
ID000097900,2006-07-20,TMIN,202
ID000097900,2007-11-15,TMIN,234
ID000097900,2006-03-03,TMAX,305
ID000097900,2013-06-21,TMIN,247
ID000097900,2013-03-19,TMAX,324
ID000097900,2005-05-11,TMAX,318
ID000097900,2005-05-11,TMIN,241
ID000097900,2011-11-22,TMAX,332
ID000097900,2012-09-12,TMIN,254
ID000097900,2008-04-12,TMIN,240
ID000097900,2006-04-05,TMAX,320
ID000097900,2012-09-12,TMAX,300
ID000097900,2006-03-11,TMAX,326
ID000097900,2013-03-19,TMIN,250
ID000097900,2010-03-09,TMIN,246
ID000097900,2006-07-20,TMAX,288
ID000097900,2015-10-29,TMAX,306
ID000097900,2014-11-19,TMAX,324
ID000097900,2012-02-20,TMIN,244
ID000097900,2012-02-20,TMAX,334
ID000097900,2010-10-03,TMAX,312
ID000097900,2010-10-03,TMIN,264
ID000097900,2015-12-06,TMIN,253
ID000097900,2015-12-06,TMAX,340
ID000097900,2009-10-24,TMAX,320
ID000097900,2013-08-09,TMIN,229
ID000097900,2007-12-23,TMAX,334
ID000097900,2007-03-01,TMAX,305
ID000097900,2007-03-01,TMIN,235
ID000097900,2007-12-23,TMIN,249
ID000097900,2012-10-12,TMAX,317
ID000097900,2006-03-03,TMIN,236
ID000097900,2006-04-05,TMIN,246
ID000097900,2008-04-12,TMAX,286
ID000097900,2009-10-15,TMIN,248
ID000097900,2009-10-15,TMAX,320
ID000097900,2015-06-18,TMAX,300
ID000097900,2008-11-02,TMAX,312
ID000097900,2014-11-30,TMIN,251
ID000097900,2007-09-06,TMIN,232
ID000097900,2005-02-22,TMAX,334
ID000097900,2009-05-31,TMIN,235
ID000097900,2010-07-25,TMAX,288
ID000097900,2005-02-22,TMIN,235
ID000097900,2010-07-25,TMIN,250
ID000097900,2007-09-06,TMAX,290
ID000097900,2009-04-07,TMAX,317
ID000097900,2011-07-26,TMIN,246
ID000097900,2015-02-02,TMAX,320
ID000097900,2015-02-02,TMIN,242
ID000097900,2011-07-26,TMAX,280
ID000097900,2014-11-30,TMAX,334
ID000097900,2014-10-16,TMAX,312
ID000097900,2011-10-02,TMAX,310
ID000097900,2007-07-26,TMIN,222
ID000097900,2006-03-11,TMIN,230
ID000097900,2006-10-06,TMAX,294
ID000097900,2007-11-15,TMAX,335
ID000097900,2012-01-23,TMIN,239
ID000097900,2012-01-23,TMAX,295
ID000097900,2012-05-22,TMAX,304
ID000097900,2012-04-29,TMAX,296
ID000097900,2008-08-21,TMIN,238
ID000097900,2008-08-21,TMAX,292
ID000097900,2007-07-26,TMAX,285
ID000097900,2009-05-31,TMAX,305
ID000097900,2009-01-12,TMIN,251
ID000097900,2008-11-02,TMIN,234
ID000097900,2015-06-18,TMIN,248
ID000097900,2012-04-29,TMIN,250
ID000097900,2011-10-02,TMIN,239
ID000097900,2005-02-26,TMIN,240
ID000097900,2011-05-03,TMIN,260
ID000097900,2011-05-03,TMAX,316
ID000097900,2015-12-02,TMIN,255
ID000097900,2008-11-06,TMAX,326
ID000097900,2011-09-15,TMAX,286
ID000097900,2011-07-03,TMAX,296
ID000097900,2011-07-03,TMIN,246
ID000097900,2015-12-22,TMIN,250
ID000097900,2008-11-06,TMIN,234
ID000097900,2015-06-13,TMAX,304
ID000097900,2005-02-10,TMIN,250
ID000097900,2005-02-10,TMAX,336
ID000097900,2010-09-18,TMAX,302
ID000097900,2011-09-15,TMIN,247
ID000097900,2014-07-17,TMAX,290
ID000097900,2006-09-27,TMIN,235
ID000097900,2015-06-13,TMIN,246
ID000097900,2012-05-05,TMIN,240
ID000097900,2008-01-04,TMIN,246
ID000097900,2012-03-30,TMAX,328
ID000097900,2011-01-19,TMAX,327
ID000097900,2010-08-04,TMIN,254
ID000097900,2012-01-26,TMAX,314
ID000097900,2010-09-19,TMIN,251
ID000097900,2012-01-26,TMIN,237
ID000097900,2010-08-04,TMAX,283
ID000097900,2009-06-18,TMIN,240
ID000097900,2009-06-18,TMAX,299
ID000097900,2015-01-01,TMAX,318
ID000097900,2012-08-10,TMAX,291
ID000097900,2012-05-31,TMAX,294
ID000097900,2012-03-30,TMIN,246
ID000097900,2012-08-10,TMIN,240
ID000097900,2006-07-07,TMIN,230
ID000097900,2009-09-19,TMAX,308
ID000097900,2006-09-27,TMAX,296
ID000097900,2014-05-31,TMAX,300
ID000097900,2008-01-04,TMAX,300
ID000097900,2006-03-25,TMAX,332
ID000097900,2015-03-30,TMIN,246
ID000097900,2013-04-12,TMAX,323
ID000097900,2014-05-02,TMIN,262
ID000097900,2007-02-02,TMIN,220
ID000097900,2006-11-27,TMIN,250
ID000097900,2006-11-27,TMAX,318
ID000097900,2013-02-10,TMAX,330
ID000097900,2009-05-12,TMAX,310
ID000097900,2015-03-29,TMAX,320
ID000097900,2010-08-29,TMIN,244
ID000097900,2015-03-29,TMIN,250
ID000097900,2010-12-21,TMAX,282
ID000097900,2009-02-12,TMAX,330
ID000097900,2010-09-19,TMAX,308
ID000097900,2010-08-29,TMAX,300
ID000097900,2007-02-02,TMAX,322
ID000097900,2014-09-11,TMIN,212
ID000097900,2008-03-28,TMIN,235
ID000097900,2008-01-30,TMAX,318
ID000097900,2012-12-13,TMAX,341
ID000097900,2008-06-08,TMAX,292
ID000097900,2006-03-25,TMIN,244
ID000097900,2014-07-17,TMIN,230
ID000097900,2006-08-14,TMIN,219
ID000097900,2012-05-12,TMAX,299
ID000097900,2008-01-30,TMIN,235
ID000097900,2015-09-12,TMAX,300
ID000097900,2006-08-14,TMAX,280
ID000097900,2012-04-18,TMIN,242
ID000097900,2012-04-18,TMAX,274
ID000097900,2015-07-23,TMAX,294
ID000097900,2015-07-23,TMIN,236
ID000097900,2008-03-28,TMAX,316
ID000097900,2008-06-08,TMIN,229
ID000097900,2015-08-27,TMAX,296
ID000097900,2014-05-31,TMIN,247
ID000097900,2015-11-08,TMAX,330
ID000097900,2008-11-25,TMAX,332
ID000097900,2011-07-10,TMAX,286
ID000097900,2011-07-10,TMIN,242
ID000097900,2007-01-16,TMAX,334
ID000097900,2008-01-09,TMIN,230
ID000097900,2005-08-30,TMAX,302
ID000097900,2008-09-02,TMAX,287
ID000097900,2005-08-30,TMIN,230
ID000097900,2008-01-09,TMAX,324
ID000097900,2005-02-08,TMIN,257
ID000097900,2005-02-08,TMAX,327
ID000097900,2007-12-15,TMIN,248
ID000097900,2014-08-28,TMIN,241
ID000097900,2014-08-28,TMAX,285
ID000097900,2014-07-14,TMIN,244
ID000097900,2008-09-02,TMIN,230
ID000097900,2010-12-26,TMIN,234
ID000097900,2007-01-16,TMIN,246
ID000097900,2007-10-22,TMAX,308
ID000097900,2015-02-22,TMAX,310
ID000097900,2006-03-08,TMAX,340
ID000097900,2011-12-27,TMAX,338
ID000097900,2007-10-22,TMIN,243
ID000097900,2009-07-17,TMAX,290
ID000097900,2014-11-14,TMIN,262
ID000097900,2009-11-07,TMAX,318
ID000097900,2009-11-07,TMIN,267
ID000097900,2011-12-27,TMIN,263
ID000097900,2014-11-14,TMAX,326
ID000097900,2015-06-19,TMIN,259
ID000097900,2015-06-19,TMAX,292
ID000097900,2012-09-20,TMAX,302
ID000097900,2010-12-26,TMAX,298
ID000097900,2012-02-05,TMAX,326
ID000097900,2011-09-14,TMIN,248
ID000097900,2008-04-27,TMIN,240
ID000097900,2008-01-12,TMIN,240
ID000097900,2007-11-12,TMAX,326
ID000097900,2008-06-01,TMAX,288
ID000097900,2007-11-12,TMIN,256
ID000097900,2013-04-17,TMAX,322
ID000097900,2009-05-11,TMAX,315
ID000097900,2010-01-21,TMAX,318
ID000097900,2007-07-25,TMIN,225
ID000097900,2009-05-11,TMIN,243
ID000097900,2010-01-21,TMIN,243
ID000097900,2006-10-17,TMIN,229
ID000097900,2006-10-17,TMAX,300
ID000097900,2007-07-25,TMAX,285
ID000097900,2015-08-27,TMIN,237
ID000097900,2007-05-22,TMAX,313
ID000097900,2007-05-22,TMIN,250
ID000097900,2012-07-19,TMAX,290
ID000097900,2005-10-20,TMAX,326
ID000097900,2008-11-25,TMIN,256
ID000097900,2011-08-01,TMAX,292
ID000097900,2012-09-19,TMIN,222
ID000097900,2008-01-12,TMAX,325
ID000097900,2011-09-14,TMAX,280
ID000097900,2005-08-10,TMIN,230
ID000097900,2005-08-10,TMAX,296
ID000097900,2006-06-06,TMAX,288
ID000097900,2007-09-05,TMAX,296
ID000097900,2012-02-26,TMIN,250
ID000097900,2011-02-19,TMIN,248
ID000097900,2015-12-24,TMAX,314
ID000097900,2015-04-23,TMIN,243
ID000097900,2015-04-23,TMAX,322
ID000097900,2006-06-06,TMIN,239
ID000097900,2013-01-06,TMAX,314
ID000097900,2007-12-15,TMAX,336
ID000097900,2014-07-14,TMAX,294
ID000097900,2009-02-12,TMIN,243
ID000097900,2005-10-20,TMIN,240
ID000097900,2011-04-12,TMIN,248
ID000097900,2005-04-19,TMIN,222
ID000097900,2007-04-28,TMIN,240
ID000097900,2010-03-13,TMAX,340
ID000097900,2005-09-21,TMAX,308
ID000097900,2005-04-19,TMAX,312
ID000097900,2011-06-14,TMIN,226
ID000097900,2007-04-27,TMAX,314
ID000097900,2014-10-29,TMIN,216
ID000097900,2012-10-14,TMAX,314
ID000097900,2014-04-13,TMIN,249
ID000097900,2005-07-27,TMAX,298
ID000097900,2010-12-30,TMAX,330
ID000097900,2013-04-29,TMAX,324
ID000097900,2006-07-29,TMAX,284
ID000097900,2012-10-14,TMIN,265
ID000097900,2007-04-27,TMIN,246
ID000097900,2014-10-29,TMAX,313
ID000097900,2011-03-17,TMIN,252
ID000097900,2014-07-11,TMIN,240
ID000097900,2010-03-14,TMAX,328
ID000097900,2012-02-09,TMIN,254
ID000097900,2005-05-01,TMAX,312
ID000097900,2006-07-18,TMIN,208
ID000097900,2005-05-01,TMIN,250
ID000097900,2006-07-18,TMAX,274
ID000097900,2010-03-14,TMIN,253
ID000097900,2014-04-05,TMIN,249
ID000097900,2015-09-17,TMIN,246
ID000097900,2006-11-29,TMAX,326
ID000097900,2005-10-09,TMAX,320
ID000097900,2005-10-09,TMIN,248
ID000097900,2011-03-17,TMAX,312
ID000097900,2013-08-17,TMIN,231
ID000097900,2005-07-27,TMIN,230
ID000097900,2007-01-18,TMAX,330
ID000097900,2011-02-03,TMIN,256
ID000097900,2007-01-18,TMIN,250
ID000097900,2006-03-05,TMAX,324
ID000097900,2015-07-07,TMAX,293
ID000097900,2006-03-05,TMIN,246
ID000097900,2015-07-07,TMIN,221
ID000097900,2013-01-01,TMIN,260
ID000097900,2005-08-13,TMIN,240
ID000097900,2013-01-01,TMAX,342
ID000097900,2006-12-30,TMIN,243
ID000097900,2006-12-30,TMAX,322
ID000097900,2014-07-10,TMAX,292
ID000097900,2011-10-12,TMIN,247
ID000097900,2011-10-12,TMAX,339
ID000097900,2013-03-25,TMAX,300
ID000097900,2010-11-21,TMIN,250
ID000097900,2012-06-16,TMIN,252
ID000097900,2007-02-01,TMIN,220
ID000097900,2014-07-11,TMAX,291
ID000097900,2007-02-01,TMAX,300
ID000097900,2014-07-10,TMIN,232
ID000097900,2012-10-05,TMAX,308
ID000097900,2005-09-21,TMIN,245
ID000097900,2009-01-11,TMAX,320
ID000097900,2006-07-29,TMIN,220
ID000097900,2012-07-20,TMIN,247
ID000097900,2008-04-09,TMAX,316
ID000097900,2008-04-09,TMIN,250
ID000097900,2007-10-06,TMIN,240
ID000097900,2012-01-04,TMIN,252
ID000097900,2007-10-06,TMAX,320
ID000097900,2012-01-04,TMAX,312
ID000097900,2014-06-28,TMAX,296
ID000097900,2006-04-13,TMIN,220
ID000097900,2008-07-18,TMIN,235
ID000097900,2008-07-18,TMAX,290
ID000097900,2014-06-28,TMIN,242
ID000097900,2012-06-16,TMAX,300
ID000097900,2010-04-19,TMIN,256
ID000097900,2010-04-19,TMAX,338
ID000097900,2010-04-12,TMIN,251
ID000097900,2007-11-13,TMIN,249
ID000097900,2015-03-27,TMAX,322
ID000097900,2007-04-03,TMAX,316
ID000097900,2009-12-25,TMIN,252
ID000097900,2010-06-30,TMAX,280
ID000097900,2007-01-06,TMIN,226
ID000097900,2006-04-25,TMIN,238
ID000097900,2007-04-03,TMIN,226
ID000097900,2013-09-05,TMIN,247
ID000097900,2008-12-10,TMAX,334
ID000097900,2005-06-14,TMIN,225
ID000097900,2006-11-22,TMAX,322
ID000097900,2011-10-04,TMAX,308
ID000097900,2006-04-25,TMAX,298
ID000097900,2005-10-13,TMAX,322
ID000097900,2007-08-01,TMAX,286
ID000097900,2007-01-06,TMAX,288
ID000097900,2011-04-12,TMAX,320
ID000097900,2005-07-14,TMAX,296
ID000097900,2005-07-14,TMIN,233
ID000097900,2015-05-16,TMAX,286
ID000097900,2015-05-16,TMIN,240
ID000097900,2010-12-21,TMIN,252
ID000097900,2008-03-24,TMAX,325
ID000097900,2007-09-19,TMIN,220
ID000097900,2008-03-24,TMIN,225
ID000097900,2015-07-04,TMAX,293
ID000097900,2007-09-19,TMAX,292
ID000097900,2010-04-12,TMAX,327
ID000097900,2008-01-29,TMIN,240
ID000097900,2007-07-22,TMIN,229
ID000097900,2007-08-01,TMIN,215
ID000097900,2006-04-22,TMIN,237
ID000097900,2011-09-03,TMIN,240
ID000097900,2011-09-03,TMAX,296
ID000097900,2006-04-22,TMAX,298
ID000097900,2006-03-24,TMIN,248
ID000097900,2006-02-17,TMIN,242
ID000097900,2006-03-24,TMAX,326
ID000097900,2005-12-13,TMAX,334
ID000097900,2012-11-01,TMAX,322
ID000097900,2013-04-15,TMIN,218
ID000097900,2006-01-24,TMIN,236
ID000097900,2006-02-17,TMAX,312
ID000097900,2006-01-24,TMAX,272
ID000097900,2006-06-26,TMIN,237
ID000097900,2007-07-18,TMIN,220
ID000097900,2008-12-04,TMIN,240
ID000097900,2007-07-18,TMAX,276
ID000097900,2006-06-26,TMAX,266
ID000097900,2014-10-08,TMAX,312
ID000097900,2010-06-30,TMIN,248
ID000097900,2005-12-13,TMIN,230
ID000097900,2007-05-11,TMIN,230
ID000097900,2005-09-30,TMAX,308
ID000097900,2015-02-14,TMIN,239
ID000097900,2006-11-22,TMIN,256
ID000097900,2008-12-10,TMIN,239
ID000097900,2005-06-14,TMAX,296
ID000097900,2011-11-27,TMIN,256
ID000097900,2011-11-27,TMAX,326
ID000097900,2009-05-22,TMAX,307
ID000097900,2012-05-06,TMAX,280
ID000097900,2005-09-30,TMIN,225
ID000097900,2013-08-16,TMIN,232
ID000097900,2012-02-09,TMAX,328
ID000097900,2012-05-06,TMIN,243
ID000097900,2015-02-25,TMIN,224
ID000097900,2007-05-11,TMAX,313
ID000097900,2012-11-01,TMIN,262
ID000097900,2015-02-25,TMAX,320
ID000097900,2006-03-08,TMIN,248
ID000097900,2008-05-20,TMIN,225
ID000097900,2005-02-26,TMAX,349
ID000097900,2015-12-30,TMAX,328
ID000097900,2006-04-15,TMIN,224
ID000097900,2008-08-19,TMAX,285
ID000097900,2010-02-21,TMAX,300
ID000097900,2008-08-19,TMIN,225
ID000097900,2011-12-30,TMIN,252
ID000097900,2006-04-15,TMAX,275
ID000097900,2007-03-23,TMAX,323
ID000097900,2010-10-07,TMIN,268
ID000097900,2005-01-10,TMIN,248
ID000097900,2011-12-30,TMAX,332
ID000097900,2007-03-23,TMIN,230
ID000097900,2008-05-16,TMAX,308
ID000097900,2008-05-16,TMIN,237
ID000097900,2010-10-07,TMAX,314
ID000097900,2010-02-21,TMIN,258
ID000097900,2015-12-30,TMIN,252
ID000097900,2008-01-17,TMAX,332
ID000097900,2009-12-12,TMIN,254
ID000097900,2015-05-06,TMIN,225
ID000097900,2009-12-12,TMAX,345
ID000097900,2007-05-07,TMAX,313
ID000097900,2007-02-14,TMAX,336
ID000097900,2005-09-14,TMAX,302
ID000097900,2005-09-14,TMIN,215
ID000097900,2007-02-14,TMIN,235
ID000097900,2015-05-06,TMAX,308
ID000097900,2005-05-08,TMIN,245
ID000097900,2008-08-10,TMAX,290
ID000097900,2009-05-09,TMIN,245
ID000097900,2009-05-09,TMAX,316
ID000097900,2008-01-17,TMIN,255
ID000097900,2012-12-30,TMAX,350
ID000097900,2012-01-07,TMAX,320
ID000097900,2015-06-17,TMIN,254
ID000097900,2006-06-12,TMAX,284
ID000097900,2006-06-12,TMIN,235
ID000097900,2014-07-25,TMAX,288
ID000097900,2009-02-19,TMIN,218
ID000097900,2009-02-19,TMAX,283
ID000097900,2009-04-11,TMIN,241
ID000097900,2015-11-22,TMAX,330
ID000097900,2014-07-25,TMIN,234
ID000097900,2011-04-18,TMAX,270
ID000097900,2008-10-12,TMAX,317
ID000097900,2008-11-24,TMIN,252
ID000097900,2013-02-07,TMAX,324
ID000097900,2006-09-02,TMAX,292
ID000097900,2008-10-12,TMIN,248
ID000097900,2012-03-07,TMAX,326
ID000097900,2009-06-14,TMAX,306
ID000097900,2006-09-02,TMIN,200
ID000097900,2005-01-31,TMAX,328
ID000097900,2011-04-18,TMIN,240
ID000097900,2011-10-23,TMAX,320
ID000097900,2008-05-11,TMIN,245
ID000097900,2005-09-29,TMIN,235
ID000097900,2009-08-27,TMAX,302
ID000097900,2009-08-27,TMIN,244
ID000097900,2008-02-19,TMIN,216
ID000097900,2008-05-11,TMAX,312
ID000097900,2014-06-19,TMAX,288
ID000097900,2014-06-19,TMIN,249
ID000097900,2012-06-28,TMAX,297
ID000097900,2014-04-03,TMIN,249
ID000097900,2009-09-29,TMAX,314
ID000097900,2011-10-23,TMIN,266
ID000097900,2011-04-16,TMAX,320
ID000097900,2005-01-31,TMIN,250
ID000097900,2013-02-14,TMAX,308
ID000097900,2008-02-19,TMAX,292
ID000097900,2014-06-09,TMIN,243
ID000097900,2011-04-05,TMIN,250
ID000097900,2005-05-08,TMAX,316
ID000097900,2009-07-29,TMAX,294
ID000097900,2008-01-24,TMIN,236
ID000097900,2009-09-24,TMAX,318
ID000097900,2009-09-24,TMIN,259
ID000097900,2012-11-18,TMAX,332
ID000097900,2006-01-05,TMIN,240
ID000097900,2009-07-10,TMIN,230
ID000097900,2009-07-28,TMIN,240
ID000097900,2009-08-23,TMIN,241
ID000097900,2009-08-23,TMAX,296
ID000097900,2011-06-11,TMAX,282
ID000097900,2007-11-20,TMAX,337
ID000097900,2010-05-31,TMIN,254
ID000097900,2007-09-21,TMAX,306
ID000097900,2007-11-20,TMIN,233
ID000097900,2009-07-10,TMAX,308
ID000097900,2013-10-23,TMIN,244
ID000097900,2010-05-12,TMAX,294
ID000097900,2006-05-06,TMIN,217
ID000097900,2005-05-13,TMIN,245
ID000097900,2007-04-10,TMIN,230
ID000097900,2014-05-16,TMIN,255
ID000097900,2007-04-10,TMAX,308
ID000097900,2015-10-25,TMIN,220
ID000097900,2005-07-30,TMIN,214
ID000097900,2011-02-26,TMAX,316
ID000097900,2010-11-26,TMAX,334
ID000097900,2010-11-26,TMIN,259
ID000097900,2011-11-29,TMIN,261
ID000097900,2009-07-29,TMIN,236
ID000097900,2010-10-17,TMAX,309
ID000097900,2010-10-17,TMIN,250
ID000097900,2010-05-12,TMIN,245
ID000097900,2010-05-31,TMAX,313
ID000097900,2009-07-28,TMAX,300
ID000097900,2010-11-29,TMAX,334
ID000097900,2007-09-21,TMIN,237
ID000097900,2011-02-08,TMAX,300
ID000097900,2008-01-16,TMAX,330
ID000097900,2010-11-29,TMIN,250
ID000097900,2012-06-26,TMAX,280
ID000097900,2015-03-05,TMAX,322
ID000097900,2015-03-05,TMIN,236
ID000097900,2005-08-09,TMAX,294
ID000097900,2011-12-23,TMAX,288
ID000097900,2005-06-28,TMAX,296
ID000097900,2011-12-23,TMIN,256
ID000097900,2011-04-05,TMAX,320
ID000097900,2007-10-25,TMIN,245
ID000097900,2007-10-25,TMAX,318
ID000097900,2014-06-09,TMAX,286
ID000097900,2008-08-10,TMIN,225
ID000097900,2009-11-04,TMAX,320
ID000097900,2014-09-20,TMAX,293
ID000097900,2008-09-14,TMIN,230
ID000097900,2007-07-16,TMAX,282
ID000097900,2013-03-06,TMIN,263
ID000097900,2012-04-27,TMAX,278
ID000097900,2013-08-27,TMIN,251
ID000097900,2007-08-25,TMAX,284
ID000097900,2012-04-27,TMIN,242
ID000097900,2008-01-15,TMAX,330
ID000097900,2008-01-16,TMIN,248
ID000097900,2008-09-14,TMAX,298
ID000097900,2013-03-06,TMAX,322
ID000097900,2012-03-21,TMIN,256
ID000097900,2005-11-11,TMAX,334
ID000097900,2005-11-11,TMIN,239
ID000097900,2012-03-21,TMAX,295
ID000097900,2012-04-17,TMAX,308
ID000097900,2007-07-16,TMIN,225
ID000097900,2013-07-22,TMIN,254
ID000097900,2014-09-20,TMIN,224
ID000097900,2007-04-24,TMIN,240
ID000097900,2007-04-24,TMAX,310
ID000097900,2005-11-16,TMIN,240
ID000097900,2005-10-06,TMIN,234
ID000097900,2006-06-09,TMIN,235
ID000097900,2009-04-12,TMAX,325
ID000097900,2011-07-31,TMAX,294
ID000097900,2009-09-23,TMIN,236
ID000097900,2006-06-09,TMAX,294
ID000097900,2009-09-23,TMAX,330
ID000097900,2010-06-16,TMIN,262
ID000097900,2012-08-21,TMIN,240
ID000097900,2012-08-21,TMAX,292
ID000097900,2008-01-02,TMAX,281
ID000097900,2007-10-31,TMAX,324
ID000097900,2007-10-31,TMIN,235
ID000097900,2011-07-31,TMIN,255
ID000097900,2015-01-18,TMAX,338
ID000097900,2006-06-13,TMAX,280
ID000097900,2010-12-16,TMIN,248
ID000097900,2005-10-06,TMAX,304
ID000097900,2009-04-12,TMIN,250
ID000097900,2005-11-16,TMAX,330
ID000097900,2008-01-26,TMIN,245
ID000097900,2008-01-26,TMAX,315
ID000097900,2009-08-28,TMAX,296
ID000097900,2005-08-23,TMAX,300
ID000097900,2013-07-13,TMIN,242
ID000097900,2008-01-02,TMIN,225
ID000097900,2010-06-07,TMAX,312
ID000097900,2013-04-30,TMAX,326
ID000097900,2006-06-13,TMIN,230
ID000097900,2014-06-06,TMAX,298
ID000097900,2013-04-30,TMIN,250
ID000097900,2010-12-16,TMAX,298
ID000097900,2012-08-30,TMIN,238
ID000097900,2006-05-05,TMIN,237
ID000097900,2006-05-05,TMAX,312
ID000097900,2015-05-29,TMIN,231
ID000097900,2014-05-10,TMIN,269
ID000097900,2010-04-20,TMAX,323
ID000097900,2010-02-26,TMAX,321
ID000097900,2007-08-05,TMAX,284
ID000097900,2010-04-21,TMAX,292
ID000097900,2005-08-02,TMAX,296
ID000097900,2005-08-02,TMIN,235
ID000097900,2010-04-20,TMIN,239
ID000097900,2011-03-06,TMAX,322
ID000097900,2011-03-06,TMIN,254
ID000097900,2014-06-07,TMAX,270
ID000097900,2009-07-04,TMAX,300
ID000097900,2008-02-14,TMAX,294
ID000097900,2010-02-26,TMIN,266
ID000097900,2009-07-04,TMIN,243
ID000097900,2014-02-20,TMIN,241
ID000097900,2009-01-04,TMAX,329
ID000097900,2012-02-24,TMAX,324
ID000097900,2006-08-07,TMIN,220
ID000097900,2015-05-29,TMAX,274
ID000097900,2013-12-25,TMIN,247
ID000097900,2010-06-16,TMAX,300
ID000097900,2011-11-17,TMAX,332
ID000097900,2007-05-28,TMAX,300
ID000097900,2007-05-28,TMIN,235
ID000097900,2014-10-15,TMAX,310
ID000097900,2009-03-04,TMIN,225
ID000097900,2015-08-23,TMAX,292
ID000097900,2015-08-23,TMIN,232
ID000097900,2011-05-29,TMAX,302
ID000097900,2009-03-04,TMAX,316
ID000097900,2006-08-07,TMAX,272
ID000097900,2014-06-07,TMIN,238
ID000097900,2014-04-01,TMIN,274
ID000097900,2012-02-24,TMIN,244
ID000097900,2006-05-06,TMAX,317
ID000097900,2009-01-04,TMIN,235
ID000097900,2009-06-29,TMIN,224
ID000097900,2013-03-05,TMAX,317
ID000097900,2013-03-03,TMAX,316
ID000097900,2009-09-01,TMAX,304
ID000097900,2013-03-03,TMIN,234
ID000097900,2006-03-16,TMAX,314
ID000097900,2008-03-13,TMAX,282
ID000097900,2005-11-07,TMIN,246
ID000097900,2015-07-24,TMAX,294
ID000097900,2010-04-03,TMAX,341
ID000097900,2013-03-05,TMIN,256
ID000097900,2008-11-24,TMAX,350
ID000097900,2008-07-07,TMAX,290
ID000097900,2008-08-18,TMIN,224
ID000097900,2008-07-07,TMIN,234
ID000097900,2015-07-24,TMIN,238
ID000097900,2009-07-07,TMIN,234
ID000097900,2014-11-08,TMAX,326
ID000097900,2009-07-07,TMAX,314
ID000097900,2008-12-29,TMAX,335
ID000097900,2009-06-14,TMIN,225
ID000097900,2008-12-29,TMIN,245
ID000097900,2007-10-01,TMIN,240
ID000097900,2015-12-20,TMIN,254
ID000097900,2015-12-20,TMAX,312
ID000097900,2012-04-05,TMAX,324
ID000097900,2012-08-12,TMAX,282
ID000097900,2012-07-23,TMAX,288
ID000097900,2012-07-23,TMIN,238
ID000097900,2010-08-28,TMAX,302
ID000097900,2012-04-05,TMIN,256
ID000097900,2010-08-28,TMIN,258
ID000097900,2015-07-26,TMAX,296
ID000097900,2005-11-07,TMAX,330
ID000097900,2008-08-18,TMAX,288
ID000097900,2009-05-06,TMAX,309
ID000097900,2005-04-13,TMIN,230
ID000097900,2010-02-04,TMIN,256
ID000097900,2007-05-01,TMAX,318
ID000097900,2007-05-01,TMIN,240
ID000097900,2007-11-22,TMAX,323
ID000097900,2013-03-24,TMAX,325
ID000097900,2014-11-09,TMAX,319
ID000097900,2014-11-07,TMIN,247
ID000097900,2014-11-07,TMAX,320
ID000097900,2014-10-02,TMAX,303
ID000097900,2015-08-11,TMAX,290
ID000097900,2005-01-20,TMAX,294
ID000097900,2015-02-08,TMAX,325
ID000097900,2015-02-08,TMIN,232
ID000097900,2015-08-11,TMIN,236
ID000097900,2015-10-03,TMAX,302
ID000097900,2013-03-24,TMIN,253
ID000097900,2014-10-02,TMIN,222
ID000097900,2009-06-29,TMAX,302
ID000097900,2007-04-12,TMIN,235
ID000097900,2009-05-14,TMIN,245
ID000097900,2010-02-04,TMAX,304
ID000097900,2009-05-06,TMIN,235
ID000097900,2015-09-26,TMIN,244
ID000097900,2015-09-26,TMAX,298
ID000097900,2005-01-20,TMIN,247
ID000097900,2010-03-17,TMAX,334
ID000097900,2010-03-17,TMIN,248
ID000097900,2007-11-22,TMIN,249
ID000097900,2010-08-08,TMAX,296
ID000097900,2015-05-17,TMAX,290
ID000097900,2009-01-26,TMIN,244
ID000097900,2010-08-08,TMIN,250
ID000097900,2014-11-09,TMIN,230
ID000097900,2015-05-17,TMIN,238
ID000097900,2009-05-14,TMAX,310
ID000097900,2007-04-12,TMAX,322
ID000097900,2006-01-15,TMIN,250
ID000097900,2013-02-04,TMAX,328
ID000097900,2014-09-08,TMIN,236
ID000097900,2006-06-29,TMIN,230
ID000097900,2007-06-30,TMIN,210
ID000097900,2010-07-24,TMAX,284
ID000097900,2011-05-19,TMAX,299
ID000097900,2011-05-19,TMIN,259
ID000097900,2009-10-23,TMAX,314
ID000097900,2012-12-27,TMAX,349
ID000097900,2010-07-24,TMIN,247
ID000097900,2006-06-29,TMAX,290
ID000097900,2011-02-21,TMAX,320
ID000097900,2006-08-11,TMIN,205
ID000097900,2006-08-11,TMAX,282
ID000097900,2013-08-05,TMIN,242
ID000097900,2011-03-16,TMIN,237
ID000097900,2009-10-23,TMIN,251
ID000097900,2012-12-27,TMIN,260
ID000097900,2010-03-29,TMAX,332
ID000097900,2007-05-21,TMIN,220
ID000097900,2005-10-28,TMAX,332
ID000097900,2014-07-04,TMAX,290
ID000097900,2007-03-21,TMAX,314
ID000097900,2014-07-04,TMIN,247
ID000097900,2012-08-23,TMAX,300
ID000097900,2012-08-23,TMIN,244
ID000097900,2014-06-16,TMAX,288
ID000097900,2009-07-01,TMIN,220
ID000097900,2007-06-10,TMAX,290
ID000097900,2014-06-18,TMIN,240
ID000097900,2014-06-18,TMAX,292
ID000097900,2007-05-21,TMAX,315
ID000097900,2006-06-15,TMIN,226
ID000097900,2008-06-25,TMIN,215
ID000097900,2008-06-25,TMAX,286
ID000097900,2010-09-01,TMIN,260
ID000097900,2005-12-23,TMAX,326
ID000097900,2011-02-21,TMIN,260
ID000097900,2014-12-17,TMIN,258
ID000097900,2008-04-17,TMIN,228
ID000097900,2015-01-17,TMAX,310
ID000097900,2012-08-14,TMAX,289
ID000097900,2010-04-22,TMAX,310
ID000097900,2005-10-21,TMAX,322
ID000097900,2005-10-21,TMIN,236
ID000097900,2015-01-17,TMIN,246
ID000097900,2006-08-05,TMIN,225
ID000097900,2011-08-17,TMAX,286
ID000097900,2006-08-05,TMAX,280
ID000097900,2008-01-11,TMIN,248
ID000097900,2012-08-14,TMIN,238
ID000097900,2015-08-31,TMAX,296
ID000097900,2014-02-27,TMIN,247
ID000097900,2013-06-22,TMIN,257
ID000097900,2010-07-07,TMAX,284
ID000097900,2008-04-19,TMAX,313
ID000097900,2008-01-11,TMAX,339
ID000097900,2014-12-17,TMAX,340
ID000097900,2011-03-16,TMAX,320
ID000097900,2011-06-16,TMAX,286
ID000097900,2011-06-16,TMIN,240
ID000097900,2014-01-12,TMIN,252
ID000097900,2007-02-25,TMIN,242
ID000097900,2009-12-06,TMIN,266
ID000097900,2005-06-23,TMIN,246
ID000097900,2007-02-25,TMAX,320
ID000097900,2008-04-19,TMIN,230
ID000097900,2005-06-23,TMAX,305
ID000097900,2011-05-18,TMAX,304
ID000097900,2011-05-18,TMIN,265
ID000097900,2009-12-06,TMAX,346
ID000097900,2008-04-17,TMAX,310
ID000097900,2010-09-01,TMAX,290
ID000097900,2014-06-16,TMIN,242
ID000097900,2009-03-24,TMAX,326
ID000097900,2009-03-24,TMIN,245
ID000097900,2012-01-25,TMIN,253
ID000097900,2007-08-07,TMAX,282
ID000097900,2006-01-01,TMAX,319
ID000097900,2006-01-01,TMIN,237
ID000097900,2013-04-09,TMIN,240
ID000097900,2007-09-11,TMAX,288
ID000097900,2014-01-07,TMIN,259
ID000097900,2013-04-09,TMAX,296
ID000097900,2009-09-21,TMAX,312
ID000097900,2014-08-09,TMIN,244
ID000097900,2014-08-09,TMAX,281
ID000097900,2015-10-04,TMAX,298
ID000097900,2009-11-18,TMAX,336
ID000097900,2011-05-02,TMIN,251
ID000097900,2007-08-07,TMIN,226
ID000097900,2012-02-08,TMAX,329
ID000097900,2012-03-04,TMAX,342
ID000097900,2011-10-03,TMIN,236
ID000097900,2006-01-15,TMAX,304
ID000097900,2014-11-22,TMAX,336
ID000097900,2006-09-01,TMIN,206
ID000097900,2014-11-13,TMIN,246
ID000097900,2008-05-06,TMIN,240
ID000097900,2008-05-06,TMAX,312
ID000097900,2011-12-25,TMIN,252
ID000097900,2015-02-10,TMIN,241
ID000097900,2011-12-25,TMAX,314
ID000097900,2012-07-24,TMAX,288
ID000097900,2009-12-24,TMAX,314
ID000097900,2005-05-16,TMAX,316
ID000097900,2005-05-16,TMIN,230
ID000097900,2011-03-22,TMAX,334
ID000097900,2011-10-03,TMAX,306
ID000097900,2008-11-18,TMIN,235
ID000097900,2009-11-18,TMIN,238
ID000097900,2008-07-01,TMIN,235
ID000097900,2008-07-01,TMAX,290
ID000097900,2007-08-12,TMAX,289
ID000097900,2007-08-12,TMIN,216
ID000097900,2006-10-05,TMIN,223
ID000097900,2006-10-05,TMAX,297
ID000097900,2012-09-01,TMAX,300
ID000097900,2010-05-19,TMAX,305
ID000097900,2010-05-19,TMIN,262
ID000097900,2008-07-30,TMAX,283
ID000097900,2010-08-18,TMIN,258
ID000097900,2011-06-25,TMAX,286
ID000097900,2008-07-30,TMIN,210
ID000097900,2013-10-25,TMIN,251
ID000097900,2011-06-25,TMIN,248
ID000097900,2005-10-28,TMIN,243
ID000097900,2007-03-21,TMIN,230
ID000097900,2012-01-25,TMAX,318
ID000097900,2008-08-06,TMIN,230
ID000097900,2007-09-23,TMAX,302
ID000097900,2007-10-28,TMIN,248
ID000097900,2015-04-13,TMAX,324
ID000097900,2015-07-09,TMIN,241
ID000097900,2011-05-02,TMAX,311
ID000097900,2005-12-30,TMIN,230
ID000097900,2005-12-30,TMAX,331
ID000097900,2010-06-06,TMIN,255
ID000097900,2010-06-06,TMAX,304
ID000097900,2013-05-30,TMIN,229
ID000097900,2009-08-09,TMAX,302
ID000097900,2008-07-19,TMIN,230
ID000097900,2008-07-19,TMAX,292
ID000097900,2008-12-15,TMAX,320
ID000097900,2008-12-15,TMIN,245
ID000097900,2015-07-09,TMAX,296
ID000097900,2007-10-28,TMAX,320
ID000097900,2007-09-23,TMIN,215
ID000097900,2005-04-11,TMIN,220
ID000097900,2008-04-07,TMAX,305
ID000097900,2008-04-07,TMIN,230
ID000097900,2011-09-29,TMAX,312
ID000097900,2009-04-18,TMAX,320
ID000097900,2009-04-18,TMIN,226
ID000097900,2011-09-04,TMAX,293
ID000097900,2008-05-29,TMAX,284
ID000097900,2011-09-04,TMIN,250
ID000097900,2005-01-26,TMIN,253
ID000097900,2008-05-29,TMIN,222
ID000097900,2005-01-28,TMAX,332
ID000097900,2011-06-30,TMAX,294
ID000097900,2005-07-22,TMIN,230
ID000097900,2007-10-16,TMIN,250
ID000097900,2010-02-09,TMIN,257
ID000097900,2010-02-09,TMAX,328
ID000097900,2005-07-22,TMAX,294
ID000097900,2007-10-16,TMAX,318
ID000097900,2009-01-05,TMAX,338
ID000097900,2007-10-03,TMAX,310
ID000097900,2008-10-01,TMAX,318
ID000097900,2008-10-01,TMIN,234
ID000097900,2011-08-26,TMIN,244
ID000097900,2010-08-19,TMAX,296
ID000097900,2014-09-26,TMAX,301
ID000097900,2013-01-13,TMAX,324
ID000097900,2014-09-26,TMIN,251
ID000097900,2010-01-22,TMIN,266
ID000097900,2010-01-22,TMAX,323
ID000097900,2009-12-07,TMAX,343
ID000097900,2015-09-22,TMAX,298
ID000097900,2015-09-22,TMIN,240
ID000097900,2012-09-17,TMAX,300
ID000097900,2005-01-28,TMIN,250
ID000097900,2012-09-17,TMIN,247
ID000097900,2013-11-12,TMIN,247
ID000097900,2013-10-13,TMIN,249
ID000097900,2011-06-30,TMIN,238
ID000097900,2011-10-26,TMAX,320
ID000097900,2009-03-08,TMIN,229
ID000097900,2007-09-15,TMIN,225
ID000097900,2009-03-08,TMAX,316
ID000097900,2014-11-04,TMIN,256
ID000097900,2015-12-03,TMAX,339
ID000097900,2014-06-10,TMAX,299
ID000097900,2012-05-26,TMAX,281
ID000097900,2009-01-25,TMAX,324
ID000097900,2011-07-09,TMAX,286
ID000097900,2011-07-09,TMIN,250
ID000097900,2007-06-03,TMAX,306
ID000097900,2015-10-25,TMAX,308
ID000097900,2014-06-14,TMAX,300
ID000097900,2008-11-13,TMAX,328
ID000097900,2007-06-03,TMIN,238
ID000097900,2009-07-08,TMAX,300
ID000097900,2007-05-26,TMAX,300
ID000097900,2011-01-14,TMAX,304
ID000097900,2009-01-25,TMIN,240
ID000097900,2011-10-26,TMIN,270
ID000097900,2012-07-02,TMAX,286
ID000097900,2014-12-20,TMIN,254
ID000097900,2014-12-20,TMAX,332
ID000097900,2006-03-21,TMIN,240
ID000097900,2012-06-29,TMAX,292
ID000097900,2008-11-13,TMIN,230
ID000097900,2006-08-25,TMIN,217
ID000097900,2015-08-21,TMIN,230
ID000097900,2007-09-15,TMAX,295
ID000097900,2015-08-21,TMAX,290
ID000097900,2014-06-14,TMIN,236
ID000097900,2012-07-16,TMIN,244
ID000097900,2012-07-16,TMAX,284
ID000097900,2008-09-12,TMIN,225
ID000097900,2009-07-08,TMIN,225
ID000097900,2014-09-08,TMAX,295
ID000097900,2009-12-03,TMAX,349
ID000097900,2010-12-02,TMAX,272
ID000097900,2013-02-02,TMIN,260
ID000097900,2010-01-02,TMIN,264
ID000097900,2011-03-15,TMAX,333
ID000097900,2015-05-11,TMIN,260
ID000097900,2005-08-27,TMIN,234
ID000097900,2006-02-11,TMAX,324
ID000097900,2013-09-18,TMIN,236
ID000097900,2010-01-04,TMAX,310
ID000097900,2005-08-27,TMAX,298
ID000097900,2015-01-02,TMAX,308
ID000097900,2015-01-02,TMIN,241
ID000097900,2006-11-12,TMAX,351
ID000097900,2013-01-10,TMAX,332
ID000097900,2010-02-18,TMIN,270
ID000097900,2013-01-10,TMIN,264
ID000097900,2013-02-02,TMAX,336
ID000097900,2005-04-11,TMAX,286
ID000097900,2015-03-24,TMIN,246
ID000097900,2009-01-18,TMIN,243
ID000097900,2009-05-02,TMAX,294
ID000097900,2009-05-02,TMIN,225
ID000097900,2008-09-18,TMIN,225
ID000097900,2008-09-18,TMAX,300
ID000097900,2014-12-04,TMIN,244
ID000097900,2005-05-20,TMIN,245
ID000097900,2013-04-26,TMIN,249
ID000097900,2013-04-26,TMAX,320
ID000097900,2014-12-04,TMAX,338
ID000097900,2008-06-02,TMIN,239
ID000097900,2007-01-01,TMIN,235
ID000097900,2006-01-08,TMIN,223
ID000097900,2007-01-01,TMAX,320
ID000097900,2006-10-23,TMAX,300
ID000097900,2006-01-08,TMAX,320
ID000097900,2010-01-04,TMIN,248
ID000097900,2006-12-18,TMIN,245
ID000097900,2006-12-18,TMAX,333
ID000097900,2013-03-20,TMIN,254
ID000097900,2013-03-20,TMAX,324
ID000097900,2006-08-08,TMIN,210
ID000097900,2011-04-15,TMAX,315
ID000097900,2011-04-15,TMIN,246
ID000097900,2006-08-08,TMAX,270
ID000097900,2007-04-23,TMAX,313
ID000097900,2007-04-23,TMIN,249
ID000097900,2010-12-28,TMAX,312
ID000097900,2010-12-28,TMIN,250
ID000097900,2011-01-08,TMAX,322
ID000097900,2008-03-15,TMAX,324
ID000097900,2008-03-15,TMIN,245
ID000097900,2012-10-15,TMIN,268
ID000097900,2012-10-15,TMAX,318
ID000097900,2010-10-15,TMAX,321
ID000097900,2007-05-26,TMIN,244
ID000097900,2010-10-15,TMIN,251
ID000097900,2009-08-05,TMAX,299
ID000097900,2012-10-29,TMIN,250
ID000097900,2012-10-29,TMAX,320
ID000097900,2008-11-11,TMIN,250
ID000097900,2008-10-24,TMIN,248
ID000097900,2006-07-15,TMIN,228
ID000097900,2006-05-03,TMAX,310
ID000097900,2010-10-05,TMAX,309
ID000097900,2006-05-03,TMIN,235
ID000097900,2009-04-23,TMIN,233
ID000097900,2007-01-21,TMAX,334
ID000097900,2009-04-23,TMAX,286
ID000097900,2006-11-12,TMIN,220
ID000097900,2006-10-23,TMIN,234
ID000097900,2005-05-20,TMAX,310
ID000097900,2009-08-05,TMIN,226
ID000097900,2006-07-15,TMAX,290
ID000097900,2010-04-21,TMIN,240
ID000097900,2005-06-24,TMAX,304
ID000097900,2008-04-21,TMIN,249
ID000097900,2008-03-06,TMAX,316
ID000097900,2009-02-17,TMAX,278
ID000097900,2010-04-27,TMAX,323
ID000097900,2010-04-27,TMIN,236
ID000097900,2011-07-18,TMIN,255
ID000097900,2006-02-03,TMIN,226
ID000097900,2010-06-14,TMIN,246
ID000097900,2006-02-03,TMAX,313
ID000097900,2010-06-08,TMAX,314
ID000097900,2009-02-17,TMIN,232
ID000097900,2007-11-28,TMIN,230
ID000097900,2013-09-07,TMIN,251
ID000097900,2012-12-15,TMAX,344
ID000097900,2005-02-16,TMAX,335
ID000097900,2011-07-18,TMAX,302
ID000097900,2008-03-06,TMIN,234
ID000097900,2007-12-13,TMIN,242
ID000097900,2007-12-13,TMAX,354
ID000097900,2008-03-09,TMAX,322
ID000097900,2005-02-16,TMIN,246
ID000097900,2007-04-08,TMIN,225
ID000097900,2007-09-22,TMIN,227
ID000097900,2007-04-08,TMAX,314
ID000097900,2015-11-26,TMAX,338
ID000097900,2008-03-09,TMIN,225
ID000097900,2015-11-26,TMIN,255
ID000097900,2007-09-22,TMAX,298
ID000097900,2015-03-17,TMAX,328
ID000097900,2008-05-25,TMIN,224
ID000097900,2009-02-25,TMIN,245
ID000097900,2009-02-25,TMAX,329
ID000097900,2008-09-22,TMIN,228
ID000097900,2008-09-22,TMAX,310
ID000097900,2008-12-05,TMAX,325
ID000097900,2007-07-23,TMAX,278
ID000097900,2011-02-14,TMAX,310
ID000097900,2006-05-15,TMIN,230
ID000097900,2008-07-08,TMIN,215
ID000097900,2008-07-02,TMIN,235
ID000097900,2012-01-21,TMAX,323
ID000097900,2008-02-16,TMAX,307
ID000097900,2006-09-03,TMAX,284
ID000097900,2010-09-26,TMIN,258
ID000097900,2008-07-02,TMAX,289
ID000097900,2010-07-27,TMIN,254
ID000097900,2010-09-26,TMAX,306
ID000097900,2005-07-01,TMAX,303
ID000097900,2014-03-15,TMIN,252
ID000097900,2005-07-19,TMIN,240
ID000097900,2005-07-19,TMAX,304
ID000097900,2008-02-16,TMIN,246
ID000097900,2012-05-25,TMIN,250
ID000097900,2012-01-01,TMIN,256
ID000097900,2010-07-27,TMAX,298
ID000097900,2009-02-05,TMAX,307
ID000097900,2006-05-15,TMAX,284
ID000097900,2007-11-28,TMAX,348
ID000097900,2013-04-22,TMAX,320
ID000097900,2008-12-09,TMAX,318
ID000097900,2011-03-19,TMAX,300
ID000097900,2008-12-09,TMIN,235
ID000097900,2006-01-06,TMAX,308
ID000097900,2008-06-18,TMIN,220
ID000097900,2015-02-20,TMAX,315
ID000097900,2008-06-18,TMAX,298
ID000097900,2005-07-01,TMIN,228
ID000097900,2007-04-11,TMAX,316
ID000097900,2007-04-11,TMIN,240
ID000097900,2006-04-07,TMAX,276
ID000097900,2012-01-01,TMAX,333
ID000097900,2008-12-05,TMIN,240
ID000097900,2010-09-27,TMAX,304
ID000097900,2005-03-18,TMAX,320
ID000097900,2015-04-07,TMIN,235
ID000097900,2012-11-19,TMAX,336
ID000097900,2012-11-19,TMIN,242
ID000097900,2015-08-01,TMAX,292
ID000097900,2015-08-01,TMIN,231
ID000097900,2005-10-08,TMIN,245
ID000097900,2008-01-08,TMIN,245
ID000097900,2005-10-08,TMAX,322
ID000097900,2008-01-08,TMAX,323
ID000097900,2005-04-15,TMIN,240
ID000097900,2015-10-28,TMAX,310
ID000097900,2014-12-03,TMIN,250
ID000097900,2014-12-03,TMAX,342
ID000097900,2014-02-02,TMIN,261
ID000097900,2011-04-27,TMAX,293
ID000097900,2005-04-15,TMAX,318
ID000097900,2010-02-28,TMIN,272
ID000097900,2006-06-27,TMIN,226
ID000097900,2006-06-27,TMAX,294
ID000097900,2012-08-25,TMIN,250
ID000097900,2009-04-27,TMIN,233
ID000097900,2006-03-10,TMAX,304
ID000097900,2005-01-04,TMAX,340
ID000097900,2012-10-24,TMIN,266
ID000097900,2014-08-20,TMIN,212
ID000097900,2014-08-20,TMAX,282
ID000097900,2006-03-10,TMIN,245
ID000097900,2006-07-25,TMIN,230
ID000097900,2007-12-16,TMIN,241
ID000097900,2006-07-25,TMAX,284
ID000097900,2009-02-02,TMAX,314
ID000097900,2010-02-28,TMAX,341
ID000097900,2005-11-04,TMIN,252
ID000097900,2005-01-04,TMIN,256
ID000097900,2005-04-16,TMAX,318
ID000097900,2005-04-16,TMIN,225
ID000097900,2015-04-07,TMAX,328
ID000097900,2008-06-15,TMIN,230
ID000097900,2010-02-07,TMAX,332
ID000097900,2009-12-05,TMAX,344
ID000097900,2014-06-30,TMAX,285
ID000097900,2012-06-15,TMIN,242
ID000097900,2015-06-29,TMAX,287
ID000097900,2005-03-18,TMIN,245
ID000097900,2010-07-31,TMIN,248
ID000097900,2010-07-31,TMAX,297
ID000097900,2006-09-19,TMAX,292
ID000097900,2012-11-16,TMAX,330
ID000097900,2012-06-15,TMAX,296
ID000097900,2012-11-16,TMIN,260
ID000097900,2013-12-27,TMIN,246
ID000097900,2013-01-11,TMIN,246
ID000097900,2013-01-11,TMAX,320
ID000097900,2005-11-06,TMAX,330
ID000097900,2008-07-08,TMAX,288
ID000097900,2009-03-22,TMIN,225
ID000097900,2010-08-26,TMAX,308
ID000097900,2009-03-22,TMAX,324
ID000097900,2013-08-18,TMIN,231
ID000097900,2010-09-22,TMAX,302
ID000097900,2007-07-23,TMIN,230
ID000097900,2013-11-14,TMIN,249
ID000097900,2014-12-26,TMIN,256
ID000097900,2015-12-10,TMAX,338
ID000097900,2007-06-29,TMAX,274
ID000097900,2009-07-09,TMAX,302
ID000097900,2014-12-26,TMAX,342
ID000097900,2009-07-09,TMIN,220
ID000097900,2015-12-10,TMIN,268
ID000097900,2007-06-29,TMIN,217
ID000097900,2008-06-15,TMAX,296
ID000097900,2010-02-07,TMIN,269
ID000097900,2006-09-19,TMIN,230
ID000097900,2012-05-25,TMAX,291
ID000097900,2007-10-24,TMIN,245
ID000097900,2007-10-24,TMAX,309
ID000097900,2008-10-05,TMIN,240
ID000097900,2010-05-17,TMAX,314
ID000097900,2012-11-21,TMAX,340
ID000097900,2008-10-05,TMAX,316
ID000097900,2010-05-17,TMIN,271
ID000097900,2008-01-05,TMAX,296
ID000097900,2011-12-22,TMIN,242
ID000097900,2010-05-22,TMAX,316
ID000097900,2008-09-20,TMIN,210
ID000097900,2008-09-20,TMAX,302
ID000097900,2014-06-23,TMIN,242
ID000097900,2014-06-23,TMAX,286
ID000097900,2013-07-04,TMIN,242
ID000097900,2009-06-02,TMAX,304
ID000097900,2009-06-02,TMIN,250
ID000097900,2009-06-11,TMIN,230
ID000097900,2011-12-22,TMAX,313
ID000097900,2015-02-16,TMIN,230
ID000097900,2012-08-22,TMAX,290
ID000097900,2008-11-21,TMIN,250
ID000097900,2011-09-09,TMAX,294
ID000097900,2012-11-21,TMIN,254
ID000097900,2014-08-08,TMAX,285
ID000097900,2011-09-09,TMIN,248
ID000097900,2008-09-08,TMIN,226
ID000097900,2014-08-08,TMIN,238
ID000097900,2010-01-25,TMAX,304
ID000097900,2010-01-25,TMIN,252
ID000097900,2009-08-26,TMIN,233
ID000097900,2008-09-08,TMAX,298
ID000097900,2015-02-16,TMAX,300
ID000097900,2015-05-26,TMAX,301
ID000097900,2009-08-26,TMAX,308
ID000097900,2011-05-27,TMAX,292
ID000097900,2011-05-27,TMIN,250
ID000097900,2010-05-22,TMIN,264
ID000097900,2014-11-16,TMAX,330
ID000097900,2007-12-28,TMAX,310
ID000097900,2006-06-30,TMAX,291
ID000097900,2015-01-26,TMIN,254
ID000097900,2006-06-30,TMIN,236
ID000097900,2013-05-31,TMIN,244
ID000097900,2015-01-26,TMAX,326
ID000097900,2006-06-11,TMIN,241
ID000097900,2006-06-11,TMAX,292
ID000097900,2007-12-28,TMIN,230
ID000097900,2012-03-23,TMAX,316
ID000097900,2012-03-23,TMIN,246
ID000097900,2009-02-11,TMAX,320
ID000097900,2011-05-13,TMIN,255
ID000097900,2006-02-23,TMIN,251
ID000097900,2009-02-11,TMIN,254
ID000097900,2011-08-27,TMAX,292
ID000097900,2015-01-08,TMAX,329
ID000097900,2011-08-27,TMIN,244
ID000097900,2012-03-26,TMAX,330
ID000097900,2008-11-15,TMIN,246
ID000097900,2006-10-31,TMAX,310
ID000097900,2008-01-05,TMIN,233
ID000097900,2008-11-15,TMAX,326
ID000097900,2007-04-22,TMIN,244
ID000097900,2007-04-22,TMAX,310
ID000097900,2005-04-08,TMAX,302
ID000097900,2005-04-08,TMIN,237
ID000097900,2006-10-31,TMIN,226
ID000097900,2012-12-11,TMIN,262
ID000097900,2013-04-27,TMIN,276
ID000097900,2012-12-11,TMAX,341
ID000097900,2013-04-27,TMAX,324
ID000097900,2012-05-23,TMAX,298
ID000097900,2012-03-26,TMIN,240
ID000097900,2015-04-17,TMAX,302
ID000097900,2012-08-25,TMAX,292
ID000097900,2012-08-22,TMIN,246
ID000097900,2013-04-28,TMAX,323
ID000097900,2010-11-04,TMIN,238
ID000097900,2009-11-16,TMAX,328
ID000097900,2009-06-03,TMAX,300
ID000097900,2014-05-09,TMIN,246
ID000097900,2011-08-16,TMAX,293
ID000097900,2015-08-02,TMAX,282
ID000097900,2011-08-16,TMIN,239
ID000097900,2015-08-02,TMIN,230
ID000097900,2014-07-28,TMAX,287
ID000097900,2014-07-28,TMIN,246
ID000097900,2008-03-20,TMIN,230
ID000097900,2012-03-31,TMAX,322
ID000097900,2006-12-05,TMIN,235
ID000097900,2011-05-21,TMAX,302
ID000097900,2011-06-22,TMIN,246
ID000097900,2010-11-04,TMAX,310
ID000097900,2013-08-03,TMIN,234
ID000097900,2013-02-16,TMIN,254
ID000097900,2010-12-24,TMAX,296
ID000097900,2010-10-28,TMAX,299
ID000097900,2010-12-24,TMIN,258
ID000097900,2012-12-29,TMAX,354
ID000097900,2009-06-03,TMIN,248
ID000097900,2014-08-22,TMIN,232
ID000097900,2010-07-03,TMIN,259
ID000097900,2006-11-15,TMIN,225
ID000097900,2006-11-15,TMAX,332
ID000097900,2005-11-01,TMIN,240
ID000097900,2005-11-01,TMAX,336
ID000097900,2013-12-31,TMIN,244
ID000097900,2008-12-16,TMAX,325
ID000097900,2008-12-16,TMIN,230
ID000097900,2013-02-16,TMAX,298
ID000097900,2008-03-20,TMAX,314
ID000097900,2011-06-22,TMAX,302
ID000097900,2005-01-18,TMAX,328
ID000097900,2011-08-08,TMAX,288
ID000097900,2015-07-18,TMIN,233
ID000097900,2013-02-01,TMIN,255
ID000097900,2015-07-18,TMAX,282
ID000097900,2013-10-12,TMIN,247
ID000097900,2013-10-12,TMAX,316
ID000097900,2015-06-05,TMIN,246
ID000097900,2015-08-22,TMAX,290
ID000097900,2015-01-11,TMIN,260
ID000097900,2015-01-11,TMAX,320
ID000097900,2015-08-22,TMIN,235
ID000097900,2015-06-05,TMAX,306
ID000097900,2009-06-30,TMIN,230
ID000097900,2009-06-30,TMAX,302
ID000097900,2009-06-11,TMAX,303
ID000097900,2011-11-02,TMAX,322
ID000097900,2015-06-12,TMIN,236
ID000097900,2013-04-28,TMIN,272
ID000097900,2011-02-27,TMIN,248
ID000097900,2011-08-06,TMAX,285
ID000097900,2011-05-21,TMIN,256
ID000097900,2010-03-26,TMIN,263
ID000097900,2010-03-26,TMAX,327
ID000097900,2005-01-18,TMIN,240
ID000097900,2010-09-07,TMAX,280
ID000097900,2008-09-13,TMAX,297
ID000097900,2006-12-05,TMAX,348
ID000097900,2010-03-01,TMAX,340
ID000097900,2012-08-28,TMAX,298
ID000097900,2011-10-24,TMAX,318
ID000097900,2009-11-23,TMIN,251
ID000097900,2009-11-23,TMAX,340
ID000097900,2015-01-19,TMAX,320
ID000097900,2009-08-11,TMAX,299
ID000097900,2011-08-06,TMIN,246
ID000097900,2011-02-27,TMAX,319
ID000097900,2015-06-21,TMAX,287
ID000097900,2010-08-17,TMAX,292
ID000097900,2009-04-27,TMAX,317
ID000097900,2011-01-13,TMAX,292
ID000097900,2011-06-02,TMIN,250
ID000097900,2011-06-02,TMAX,299
ID000097900,2009-01-01,TMAX,290
ID000097900,2009-01-01,TMIN,235
ID000097900,2006-03-14,TMAX,323
ID000097900,2013-02-11,TMIN,244
ID000097900,2008-04-02,TMAX,318
ID000097900,2008-04-02,TMIN,235
ID000097900,2009-09-09,TMIN,234
ID000097900,2009-09-09,TMAX,311
ID000097900,2010-11-05,TMAX,312
ID000097900,2009-08-31,TMAX,310
ID000097900,2006-06-14,TMAX,264
ID000097900,2005-10-19,TMAX,324
ID000097900,2009-03-29,TMAX,270
ID000097900,2006-03-14,TMIN,245
ID000097900,2007-07-20,TMIN,223
ID000097900,2009-02-04,TMIN,240
ID000097900,2014-09-07,TMAX,292
ID000097900,2005-10-02,TMAX,310
ID000097900,2005-10-02,TMIN,228
ID000097900,2014-09-07,TMIN,237
ID000097900,2006-01-13,TMAX,312
ID000097900,2008-02-12,TMAX,306
ID000097900,2008-02-08,TMAX,290
ID000097900,2012-10-30,TMAX,324
ID000097900,2014-07-23,TMAX,288
ID000097900,2007-05-15,TMAX,314
ID000097900,2012-10-30,TMIN,264
ID000097900,2008-02-08,TMIN,238
ID000097900,2009-07-26,TMIN,231
ID000097900,2008-02-12,TMIN,235
ID000097900,2011-03-28,TMAX,314
ID000097900,2007-07-20,TMAX,280
ID000097900,2011-03-28,TMIN,258
ID000097900,2005-11-25,TMAX,332
ID000097900,2009-09-10,TMIN,240
ID000097900,2012-03-05,TMIN,250
ID000097900,2011-02-02,TMIN,250
ID000097900,2011-02-02,TMAX,320
ID000097900,2012-03-05,TMAX,324
ID000097900,2010-01-01,TMAX,308
ID000097900,2011-03-30,TMIN,248
ID000097900,2012-02-03,TMAX,297
ID000097900,2006-12-15,TMIN,240
ID000097900,2014-12-08,TMAX,328
ID000097900,2006-12-15,TMAX,344
ID000097900,2014-12-08,TMIN,250
ID000097900,2012-02-03,TMIN,230
ID000097900,2010-11-22,TMAX,328
ID000097900,2012-09-16,TMAX,300
ID000097900,2009-09-10,TMAX,306
ID000097900,2012-07-03,TMAX,280
ID000097900,2006-04-21,TMAX,324
ID000097900,2010-11-05,TMIN,240
ID000097900,2008-02-25,TMAX,314
ID000097900,2015-12-05,TMIN,250
ID000097900,2015-12-05,TMAX,349
ID000097900,2010-09-25,TMAX,306
ID000097900,2006-08-26,TMIN,217
ID000097900,2012-08-11,TMAX,292
ID000097900,2012-08-11,TMIN,240
ID000097900,2006-08-26,TMAX,286
ID000097900,2006-04-21,TMIN,235
ID000097900,2015-03-20,TMIN,248
ID000097900,2012-10-06,TMAX,308
ID000097900,2013-07-14,TMIN,249
ID000097900,2008-02-25,TMIN,250
ID000097900,2011-03-30,TMAX,285
ID000097900,2006-06-14,TMIN,234
ID000097900,2009-02-04,TMAX,310
ID000097900,2011-07-22,TMAX,289
ID000097900,2007-12-26,TMAX,320
ID000097900,2006-06-08,TMAX,290
ID000097900,2006-06-08,TMIN,239
ID000097900,2007-09-30,TMAX,306
ID000097900,2013-01-07,TMAX,318
ID000097900,2007-09-30,TMIN,230
ID000097900,2010-03-31,TMAX,318
ID000097900,2006-11-02,TMAX,308
ID000097900,2005-11-29,TMAX,332
ID000097900,2013-01-07,TMIN,250
ID000097900,2014-03-22,TMIN,239
ID000097900,2012-09-13,TMIN,254
ID000097900,2012-09-13,TMAX,306
ID000097900,2010-05-30,TMAX,311
ID000097900,2009-07-21,TMAX,295
ID000097900,2009-04-02,TMIN,236
ID000097900,2008-08-05,TMAX,287
ID000097900,2005-11-29,TMIN,244
ID000097900,2007-07-04,TMIN,220
ID000097900,2005-06-06,TMIN,245
ID000097900,2014-01-25,TMIN,242
ID000097900,2015-07-12,TMIN,248
ID000097900,2012-01-05,TMIN,256
ID000097900,2009-12-16,TMAX,330
ID000097900,2006-03-09,TMIN,255
ID000097900,2006-12-20,TMAX,329
ID000097900,2006-12-20,TMIN,260
ID000097900,2012-04-20,TMAX,308
ID000097900,2012-04-20,TMIN,240
ID000097900,2012-01-05,TMAX,298
ID000097900,2008-08-05,TMIN,225
ID000097900,2013-10-03,TMIN,225
ID000097900,2006-11-02,TMIN,214
ID000097900,2011-11-19,TMAX,334
ID000097900,2010-05-30,TMIN,252
ID000097900,2009-04-02,TMAX,322
ID000097900,2011-12-26,TMIN,253
ID000097900,2014-02-06,TMIN,259
ID000097900,2011-12-02,TMAX,338
ID000097900,2006-04-27,TMAX,327
ID000097900,2011-03-05,TMAX,324
ID000097900,2006-05-28,TMAX,295
ID000097900,2006-05-28,TMIN,236
ID000097900,2006-08-06,TMAX,280
ID000097900,2006-04-27,TMIN,237
ID000097900,2011-07-22,TMIN,234
ID000097900,2015-12-17,TMAX,326
ID000097900,2015-12-17,TMIN,256
ID000097900,2009-12-02,TMAX,342
ID000097900,2011-11-28,TMIN,242
ID000097900,2007-12-26,TMIN,240
ID000097900,2008-05-10,TMAX,312
ID000097900,2008-05-10,TMIN,235
ID000097900,2006-08-06,TMIN,222
ID000097900,2013-04-16,TMAX,332
ID000097900,2006-02-07,TMIN,230
ID000097900,2009-10-26,TMAX,326
ID000097900,2009-07-21,TMIN,240
ID000097900,2013-12-08,TMIN,251
ID000097900,2011-12-26,TMAX,332
ID000097900,2010-02-05,TMAX,326
ID000097900,2013-11-23,TMIN,254
ID000097900,2007-07-12,TMAX,272
ID000097900,2007-07-12,TMIN,220
ID000097900,2007-03-24,TMAX,322
ID000097900,2005-05-02,TMIN,255
ID000097900,2013-11-29,TMIN,252
ID000097900,2007-03-24,TMIN,245
ID000097900,2015-07-28,TMIN,246
ID000097900,2015-07-28,TMAX,290
ID000097900,2005-05-02,TMAX,310
ID000097900,2010-04-02,TMIN,256
ID000097900,2006-02-07,TMAX,324
ID000097900,2012-02-25,TMIN,249
ID000097900,2013-04-16,TMIN,220
ID000097900,2005-10-05,TMIN,240
ID000097900,2015-07-20,TMIN,237
ID000097900,2006-04-16,TMIN,227
ID000097900,2015-07-20,TMAX,283
ID000097900,2015-10-26,TMAX,306
ID000097900,2006-04-16,TMAX,298
ID000097900,2009-10-21,TMAX,308
ID000097900,2009-09-07,TMAX,306
ID000097900,2014-08-17,TMAX,286
ID000097900,2011-08-09,TMAX,288
ID000097900,2015-10-26,TMIN,222
ID000097900,2009-10-21,TMIN,248
ID000097900,2015-05-22,TMIN,246
ID000097900,2005-04-02,TMAX,312
ID000097900,2011-05-08,TMAX,299
ID000097900,2014-08-17,TMIN,228
ID000097900,2006-10-29,TMAX,310
ID000097900,2012-06-27,TMAX,288
ID000097900,2012-06-27,TMIN,244
ID000097900,2008-05-26,TMAX,304
ID000097900,2013-07-16,TMIN,242
ID000097900,2011-09-20,TMAX,298
ID000097900,2011-09-20,TMIN,244
ID000097900,2013-06-05,TMIN,249
ID000097900,2015-05-18,TMAX,306
ID000097900,2015-04-03,TMAX,321
ID000097900,2007-05-30,TMAX,306
ID000097900,2007-05-30,TMIN,235
ID000097900,2005-12-29,TMAX,286
ID000097900,2015-05-18,TMIN,254
ID000097900,2005-12-29,TMIN,222
ID000097900,2005-10-14,TMAX,320
ID000097900,2011-11-23,TMIN,253
ID000097900,2005-10-14,TMIN,249
ID000097900,2010-07-08,TMIN,247
ID000097900,2010-07-08,TMAX,276
ID000097900,2015-09-16,TMAX,300
ID000097900,2013-01-02,TMAX,340
ID000097900,2012-05-28,TMIN,250
ID000097900,2005-06-22,TMIN,242
ID000097900,2012-05-28,TMAX,280
ID000097900,2009-03-01,TMAX,313
ID000097900,2008-09-01,TMAX,287
ID000097900,2007-12-12,TMAX,345
ID000097900,2014-10-22,TMAX,312
ID000097900,2010-08-16,TMAX,295
ID000097900,2009-08-29,TMAX,302
ID000097900,2008-09-01,TMIN,234
ID000097900,2014-10-22,TMIN,252
ID000097900,2007-12-12,TMIN,240
ID000097900,2009-07-27,TMIN,222
ID000097900,2010-08-17,TMIN,254
ID000097900,2009-08-29,TMIN,230
ID000097900,2006-08-12,TMIN,210
ID000097900,2008-05-26,TMIN,235
ID000097900,2006-08-12,TMAX,282
ID000097900,2007-04-30,TMAX,315
ID000097900,2011-05-08,TMIN,240
ID000097900,2014-08-04,TMIN,247
ID000097900,2014-08-04,TMAX,290
ID000097900,2013-01-02,TMIN,258
ID000097900,2005-06-22,TMAX,310
ID000097900,2007-03-25,TMIN,235
ID000097900,2014-01-24,TMIN,242
ID000097900,2011-03-03,TMAX,305
ID000097900,2011-05-14,TMIN,256
ID000097900,2011-10-25,TMAX,320
ID000097900,2011-10-25,TMIN,268
ID000097900,2009-06-16,TMIN,234
ID000097900,2015-09-06,TMAX,306
ID000097900,2011-05-14,TMAX,308
ID000097900,2015-04-19,TMAX,316
ID000097900,2007-04-30,TMIN,235
ID000097900,2009-07-27,TMAX,301
ID000097900,2015-04-03,TMIN,256
ID000097900,2014-08-30,TMAX,292
ID000097900,2006-01-14,TMAX,329
ID000097900,2005-06-01,TMIN,245
ID000097900,2008-06-26,TMIN,229
ID000097900,2007-11-04,TMIN,259
ID000097900,2007-11-04,TMAX,323
ID000097900,2008-06-26,TMAX,290
ID000097900,2015-07-30,TMAX,291
ID000097900,2012-04-15,TMAX,322
ID000097900,2009-09-14,TMAX,306
ID000097900,2011-10-18,TMAX,320
ID000097900,2011-10-18,TMIN,268
ID000097900,2014-07-03,TMIN,247
ID000097900,2014-07-03,TMAX,289
ID000097900,2014-05-06,TMIN,269
ID000097900,2009-10-01,TMIN,261
ID000097900,2015-07-30,TMIN,227
ID000097900,2013-04-11,TMAX,322
ID000097900,2011-08-13,TMIN,223
ID000097900,2011-08-07,TMAX,285
ID000097900,2005-06-17,TMIN,235
ID000097900,2012-02-25,TMAX,328
ID000097900,2005-10-05,TMAX,306
ID000097900,2008-11-10,TMAX,330
ID000097900,2008-11-10,TMIN,255
ID000097900,2006-03-19,TMAX,316
ID000097900,2006-03-19,TMIN,244
ID000097900,2012-08-31,TMAX,298
ID000097900,2007-04-05,TMIN,230
ID000097900,2007-01-07,TMIN,230
ID000097900,2005-07-04,TMAX,295
ID000097900,2005-07-04,TMIN,245
ID000097900,2005-06-01,TMAX,303
ID000097900,2011-08-13,TMAX,291
ID000097900,2009-02-09,TMIN,225
ID000097900,2014-11-20,TMAX,324
ID000097900,2014-11-20,TMIN,246
ID000097900,2009-02-09,TMAX,299
ID000097900,2010-03-16,TMAX,330
ID000097900,2006-12-25,TMIN,246
ID000097900,2006-12-25,TMAX,326
ID000097900,2008-08-14,TMIN,210
ID000097900,2008-08-14,TMAX,290
ID000097900,2009-02-27,TMAX,315
ID000097900,2014-10-20,TMIN,246
ID000097900,2009-06-13,TMIN,216
ID000097900,2012-03-01,TMIN,261
ID000097900,2012-03-01,TMAX,350
ID000097900,2009-06-13,TMAX,302
ID000097900,2008-07-05,TMIN,230
ID000097900,2014-01-20,TMIN,247
ID000097900,2009-07-03,TMIN,238
ID000097900,2009-11-02,TMIN,267
ID000097900,2005-04-24,TMIN,252
ID000097900,2009-11-02,TMAX,319
ID000097900,2015-07-19,TMAX,296
ID000097900,2008-10-02,TMIN,246
ID000097900,2011-06-21,TMAX,290
ID000097900,2011-06-21,TMIN,238
ID000097900,2015-09-29,TMAX,300
ID000097900,2015-09-29,TMIN,238
ID000097900,2009-10-01,TMAX,322
ID000097900,2011-11-06,TMAX,330
ID000097900,2006-03-04,TMIN,245
ID000097900,2011-02-18,TMAX,326
ID000097900,2006-03-04,TMAX,328
ID000097900,2009-02-27,TMIN,230
ID000097900,2011-02-18,TMIN,239
ID000097900,2005-04-24,TMAX,316
ID000097900,2014-04-30,TMIN,261
ID000097900,2015-07-19,TMIN,233
ID000097900,2008-10-02,TMAX,308
ID000097900,2014-10-20,TMAX,312
ID000097900,2005-06-24,TMIN,240
ID000097900,2015-06-21,TMIN,250
ID000097900,2011-09-05,TMIN,248
ID000097900,2005-09-25,TMAX,304
ID000097900,2009-11-05,TMIN,265
ID000097900,2012-11-29,TMAX,332
ID000097900,2009-11-05,TMAX,324
ID000097900,2012-05-30,TMIN,250
ID000097900,2015-11-09,TMIN,249
ID000097900,2009-06-19,TMIN,225
ID000097900,2015-05-10,TMAX,314
ID000097900,2008-12-20,TMIN,245
ID000097900,2015-11-09,TMAX,335
ID000097900,2012-05-08,TMAX,307
ID000097900,2005-10-29,TMAX,332
ID000097900,2008-05-17,TMIN,246
ID000097900,2005-07-21,TMIN,230
ID000097900,2012-05-30,TMAX,296
ID000097900,2011-09-30,TMAX,322
ID000097900,2008-05-17,TMAX,310
ID000097900,2005-09-25,TMIN,240
ID000097900,2007-08-29,TMAX,292
ID000097900,2009-10-04,TMIN,264
ID000097900,2009-10-04,TMAX,326
ID000097900,2009-05-20,TMIN,247
ID000097900,2008-12-19,TMAX,306
ID000097900,2011-01-02,TMAX,312
ID000097900,2006-04-08,TMIN,230
ID000097900,2006-04-08,TMAX,308
ID000097900,2013-09-02,TMIN,247
ID000097900,2011-08-24,TMIN,240
ID000097900,2015-09-07,TMAX,300
ID000097900,2015-09-07,TMIN,227
ID000097900,2012-09-22,TMAX,308
ID000097900,2009-06-19,TMAX,302
ID000097900,2012-11-29,TMIN,254
ID000097900,2006-11-24,TMAX,324
ID000097900,2009-05-20,TMAX,308
ID000097900,2015-05-10,TMIN,266
ID000097900,2009-03-10,TMIN,220
ID000097900,2011-08-22,TMAX,284
ID000097900,2007-02-09,TMIN,233
ID000097900,2012-02-22,TMAX,322
ID000097900,2012-02-22,TMIN,250
ID000097900,2011-04-29,TMAX,311
ID000097900,2010-02-10,TMAX,319
ID000097900,2006-08-15,TMIN,230
ID000097900,2012-10-27,TMAX,326
ID000097900,2007-02-13,TMIN,234
ID000097900,2007-02-13,TMAX,332
ID000097900,2007-02-16,TMAX,334
ID000097900,2008-01-19,TMIN,242
ID000097900,2009-10-16,TMIN,247
ID000097900,2007-02-16,TMIN,230
ID000097900,2010-07-30,TMAX,298
ID000097900,2009-10-16,TMAX,326
ID000097900,2009-08-14,TMAX,303
ID000097900,2005-10-29,TMIN,251
ID000097900,2014-10-21,TMAX,310
ID000097900,2014-10-21,TMIN,249
ID000097900,2009-03-10,TMAX,320
ID000097900,2008-12-20,TMAX,320
ID000097900,2009-12-11,TMIN,255
ID000097900,2011-11-04,TMAX,322
ID000097900,2007-08-16,TMAX,286
ID000097900,2008-03-17,TMIN,230
ID000097900,2007-08-16,TMIN,225
ID000097900,2007-02-09,TMAX,334
ID000097900,2008-03-17,TMAX,323
ID000097900,2008-10-18,TMIN,250
ID000097900,2008-10-18,TMAX,320
ID000097900,2007-07-07,TMIN,226
ID000097900,2011-08-22,TMIN,244
ID000097900,2010-07-30,TMIN,260
ID000097900,2007-03-14,TMIN,243
ID000097900,2009-04-26,TMIN,240
ID000097900,2015-05-20,TMIN,264
ID000097900,2014-08-06,TMAX,284
ID000097900,2009-10-03,TMAX,333
ID000097900,2014-08-06,TMIN,236
ID000097900,2013-02-06,TMAX,337
ID000097900,2005-12-19,TMIN,243
ID000097900,2007-04-25,TMAX,310
ID000097900,2008-08-29,TMIN,232
ID000097900,2013-03-18,TMAX,328
ID000097900,2005-11-17,TMIN,246
ID000097900,2014-12-12,TMIN,241
ID000097900,2005-12-19,TMAX,330
ID000097900,2009-10-03,TMIN,254
ID000097900,2005-11-17,TMAX,338
ID000097900,2008-06-09,TMAX,284
ID000097900,2007-04-25,TMIN,215
ID000097900,2008-08-29,TMAX,298
ID000097900,2013-03-21,TMAX,323
ID000097900,2005-06-16,TMAX,306
ID000097900,2005-03-29,TMIN,251
ID000097900,2013-04-23,TMIN,247
ID000097900,2007-01-09,TMAX,344
ID000097900,2006-10-22,TMIN,235
ID000097900,2007-09-04,TMAX,292
ID000097900,2007-01-09,TMIN,244
ID000097900,2011-03-14,TMAX,335
ID000097900,2005-04-04,TMAX,306
ID000097900,2014-08-27,TMAX,289
ID000097900,2005-04-04,TMIN,232
ID000097900,2013-07-07,TMIN,249
ID000097900,2010-03-08,TMAX,330
ID000097900,2009-01-13,TMIN,250
ID000097900,2005-06-16,TMIN,235
ID000097900,2012-04-04,TMIN,250
ID000097900,2008-06-09,TMIN,233
ID000097900,2010-04-28,TMAX,317
ID000097900,2006-05-11,TMIN,245
ID000097900,2006-05-11,TMAX,314
ID000097900,2012-10-13,TMAX,316
ID000097900,2014-09-23,TMIN,202
ID000097900,2012-10-13,TMIN,265
ID000097900,2010-10-14,TMIN,244
ID000097900,2013-03-04,TMAX,315
ID000097900,2015-07-16,TMAX,289
ID000097900,2008-03-21,TMIN,235
ID000097900,2008-03-21,TMAX,316
ID000097900,2011-07-23,TMIN,242
ID000097900,2009-04-06,TMAX,320
ID000097900,2014-12-22,TMAX,328
ID000097900,2009-04-06,TMIN,226
ID000097900,2010-10-14,TMAX,324
ID000097900,2015-05-20,TMAX,312
ID000097900,2009-04-26,TMAX,316
ID000097900,2008-08-30,TMAX,292
ID000097900,2015-08-05,TMIN,210
ID000097900,2015-06-16,TMIN,249
ID000097900,2015-06-16,TMAX,302
ID000097900,2007-03-06,TMAX,302
ID000097900,2005-11-24,TMIN,235
ID000097900,2005-11-24,TMAX,331
ID000097900,2005-07-07,TMAX,279
ID000097900,2006-02-21,TMAX,320
ID000097900,2006-02-21,TMIN,235
ID000097900,2007-03-06,TMIN,234
ID000097900,2005-07-28,TMAX,270
ID000097900,2005-07-28,TMIN,210
ID000097900,2010-06-02,TMAX,306
ID000097900,2005-07-07,TMIN,235
ID000097900,2007-12-04,TMAX,362
ID000097900,2009-09-08,TMAX,314
ID000097900,2013-10-04,TMIN,235
ID000097900,2014-09-25,TMAX,311
ID000097900,2014-09-25,TMIN,247
ID000097900,2011-04-19,TMAX,284
ID000097900,2007-01-10,TMIN,251
ID000097900,2015-08-05,TMAX,286
ID000097900,2012-10-03,TMIN,255
ID000097900,2008-09-24,TMAX,314
ID000097900,2008-09-24,TMIN,238
ID000097900,2009-12-13,TMAX,327
ID000097900,2005-11-22,TMIN,240
ID000097900,2006-04-17,TMIN,235
ID000097900,2006-12-04,TMIN,232
ID000097900,2005-11-22,TMAX,336
ID000097900,2006-04-17,TMAX,302
ID000097900,2014-07-26,TMIN,240
ID000097900,2014-07-26,TMAX,292
ID000097900,2010-08-11,TMAX,296
ID000097900,2012-06-19,TMAX,290
ID000097900,2005-03-26,TMAX,322
ID000097900,2010-05-24,TMAX,306
ID000097900,2009-06-01,TMIN,244
ID000097900,2006-12-04,TMAX,340
ID000097900,2014-10-23,TMAX,310
ID000097900,2013-03-23,TMAX,326
ID000097900,2005-02-14,TMAX,312
ID000097900,2005-02-18,TMIN,230
ID000097900,2008-07-24,TMAX,288
ID000097900,2008-07-24,TMIN,220
ID000097900,2008-07-23,TMIN,230
ID000097900,2012-03-06,TMAX,282
ID000097900,2008-07-23,TMAX,288
ID000097900,2012-06-08,TMIN,250
ID000097900,2006-08-29,TMAX,288
ID000097900,2006-08-29,TMIN,225
ID000097900,2014-01-05,TMIN,269
ID000097900,2009-06-01,TMAX,310
ID000097900,2012-05-13,TMAX,298
ID000097900,2012-05-13,TMIN,250
ID000097900,2011-06-13,TMAX,286
ID000097900,2014-04-07,TMIN,244
ID000097900,2011-01-26,TMAX,321
ID000097900,2007-11-16,TMAX,332
ID000097900,2006-07-17,TMAX,272
ID000097900,2008-07-20,TMAX,284
ID000097900,2006-08-31,TMAX,284
ID000097900,2005-12-28,TMIN,234
ID000097900,2013-12-21,TMIN,246
ID000097900,2012-07-05,TMIN,238
ID000097900,2009-04-19,TMAX,300
ID000097900,2009-04-19,TMIN,240
ID000097900,2006-07-17,TMIN,230
ID000097900,2013-12-09,TMIN,252
ID000097900,2011-09-28,TMIN,225
ID000097900,2012-07-05,TMAX,275
ID000097900,2007-06-04,TMAX,290
ID000097900,2007-06-04,TMIN,230
ID000097900,2015-02-22,TMIN,254
ID000097900,2005-12-28,TMAX,320
ID000097900,2010-03-28,TMAX,330
ID000097900,2015-09-10,TMAX,300
ID000097900,2013-12-12,TMIN,256
ID000097900,2011-05-26,TMAX,290
ID000097900,2007-11-16,TMIN,244
ID000097900,2012-10-03,TMAX,311
ID000097900,2012-06-19,TMIN,252
ID000097900,2011-01-26,TMIN,250
ID000097900,2011-11-18,TMIN,255
ID000097900,2009-03-19,TMAX,330
ID000097900,2011-11-18,TMAX,328
ID000097900,2009-03-19,TMIN,234
ID000097900,2014-05-04,TMIN,237
ID000097900,2013-10-30,TMIN,247
ID000097900,2009-01-30,TMIN,250
ID000097900,2014-01-16,TMIN,242
ID000097900,2008-07-20,TMIN,227
ID000097900,2008-08-23,TMAX,286
ID000097900,2006-08-31,TMIN,220
ID000097900,2006-10-22,TMAX,302
ID000097900,2015-02-07,TMAX,320
ID000097900,2015-09-09,TMIN,236
ID000097900,2007-01-19,TMAX,328
ID000097900,2011-06-06,TMAX,296
ID000097900,2005-10-01,TMIN,228
ID000097900,2011-08-02,TMAX,288
ID000097900,2005-10-01,TMAX,312
ID000097900,2011-10-16,TMIN,261
ID000097900,2009-12-31,TMIN,269
ID000097900,2011-10-16,TMAX,324
ID000097900,2014-10-05,TMIN,242
ID000097900,2015-10-20,TMAX,308
ID000097900,2015-01-28,TMAX,329
ID000097900,2014-10-05,TMAX,301
ID000097900,2005-01-06,TMIN,240
ID000097900,2012-03-27,TMAX,326
ID000097900,2010-11-12,TMAX,318
ID000097900,2009-12-31,TMAX,326
ID000097900,2010-07-11,TMIN,257
ID000097900,2010-09-16,TMIN,252
ID000097900,2008-01-19,TMAX,330
ID000097900,2006-05-27,TMAX,305
ID000097900,2007-01-10,TMAX,340
ID000097900,2006-01-31,TMIN,252
ID000097900,2006-05-27,TMIN,240
ID000097900,2007-11-06,TMAX,320
ID000097900,2011-04-17,TMAX,304
ID000097900,2009-11-12,TMAX,322
ID000097900,2009-11-12,TMIN,268
ID000097900,2014-01-31,TMIN,255
ID000097900,2010-09-16,TMAX,306
ID000097900,2007-01-19,TMIN,250
ID000097900,2013-03-26,TMAX,289
ID000097900,2013-03-26,TMIN,208
ID000097900,2010-07-11,TMAX,296
ID000097900,2012-03-27,TMIN,244
ID000097900,2005-01-06,TMAX,314
ID000097900,2015-03-01,TMIN,246
ID000097900,2015-10-20,TMIN,246
ID000097900,2011-01-21,TMAX,315
ID000097900,2013-06-20,TMIN,235
ID000097900,2015-08-03,TMIN,235
ID000097900,2011-02-04,TMIN,260
ID000097900,2011-02-04,TMAX,322
ID000097900,2007-01-25,TMAX,336
ID000097900,2014-11-03,TMIN,238
ID000097900,2006-11-17,TMAX,340
ID000097900,2006-11-17,TMIN,225
ID000097900,2006-05-20,TMIN,222
ID000097900,2011-03-29,TMAX,312
ID000097900,2010-03-28,TMIN,268
ID000097900,2011-03-29,TMIN,250
ID000097900,2005-02-18,TMAX,342
ID000097900,2012-06-08,TMAX,290
ID000097900,2006-12-08,TMAX,344
ID000097900,2015-09-09,TMAX,298
ID000097900,2015-08-03,TMAX,296
ID000097900,2014-11-10,TMAX,324
ID000097900,2015-03-01,TMAX,314
ID000097900,2007-01-25,TMIN,232
ID000097900,2014-11-10,TMIN,243
ID000097900,2006-10-11,TMAX,300
ID000097900,2006-10-11,TMIN,232
ID000097900,2014-10-27,TMIN,222
ID000097900,2011-10-31,TMAX,310
ID000097900,2011-06-07,TMAX,298
ID000097900,2006-02-18,TMIN,225
ID000097900,2012-01-06,TMAX,326
ID000097900,2012-06-10,TMIN,244
ID000097900,2006-12-08,TMIN,240
ID000097900,2005-11-13,TMAX,332
ID000097900,2005-11-13,TMIN,230
ID000097900,2012-06-10,TMAX,288
ID000097900,2012-01-06,TMIN,258
ID000097900,2011-05-13,TMAX,300
ID000097900,2006-08-09,TMIN,215
ID000097900,2013-04-23,TMAX,318
ID000097900,2014-06-01,TMIN,251
ID000097900,2012-12-28,TMAX,340
ID000097900,2014-10-26,TMAX,308
ID000097900,2011-12-21,TMAX,274
ID000097900,2006-10-21,TMIN,231
ID000097900,2006-10-21,TMAX,304
ID000097900,2014-06-01,TMAX,308
ID000097900,2009-03-05,TMAX,312
ID000097900,2010-12-10,TMIN,248
ID000097900,2010-11-17,TMIN,250
ID000097900,2010-11-17,TMAX,336
ID000097900,2010-12-10,TMAX,330
ID000097900,2007-12-25,TMAX,316
ID000097900,2007-12-25,TMIN,237
ID000097900,2010-12-09,TMAX,315
ID000097900,2010-02-12,TMIN,260
ID000097900,2010-02-12,TMAX,337
ID000097900,2006-09-24,TMAX,298
ID000097900,2015-04-14,TMAX,307
ID000097900,2015-04-27,TMIN,252
ID000097900,2011-06-03,TMIN,252
ID000097900,2015-04-27,TMAX,305
ID000097900,2015-05-12,TMAX,315
ID000097900,2015-05-12,TMIN,264
ID000097900,2011-06-03,TMAX,298
ID000097900,2015-05-28,TMIN,254
ID000097900,2011-07-02,TMAX,292
ID000097900,2011-07-02,TMIN,244
ID000097900,2005-12-09,TMAX,332
ID000097900,2005-12-09,TMIN,236
ID000097900,2011-03-21,TMIN,248
ID000097900,2006-09-24,TMIN,226
ID000097900,2011-03-21,TMAX,315
ID000097900,2014-12-19,TMAX,345
ID000097900,2010-09-08,TMAX,299
ID000097900,2014-12-19,TMIN,250
ID000097900,2008-10-22,TMAX,318
ID000097900,2011-05-20,TMIN,238
ID000097900,2009-11-22,TMAX,337
ID000097900,2009-11-22,TMIN,248
ID000097900,2015-05-03,TMAX,310
ID000097900,2007-11-26,TMIN,240
ID000097900,2005-04-17,TMIN,215
ID000097900,2010-09-04,TMIN,250
ID000097900,2008-10-11,TMIN,250
ID000097900,2005-04-29,TMIN,230
ID000097900,2011-01-20,TMIN,262
ID000097900,2006-01-21,TMIN,245
ID000097900,2015-01-22,TMAX,318
ID000097900,2006-01-21,TMAX,297
ID000097900,2005-05-24,TMAX,310
ID000097900,2005-04-17,TMAX,316
ID000097900,2015-03-09,TMAX,318
ID000097900,2015-03-09,TMIN,260
ID000097900,2014-04-18,TMIN,249
ID000097900,2008-03-25,TMIN,235
ID000097900,2014-05-28,TMAX,308
ID000097900,2007-02-11,TMAX,332
ID000097900,2007-02-11,TMIN,236
ID000097900,2014-05-28,TMIN,257
ID000097900,2008-10-22,TMIN,254
ID000097900,2005-03-25,TMIN,233
ID000097900,2005-03-25,TMAX,328
ID000097900,2015-08-16,TMAX,287
ID000097900,2015-08-16,TMIN,222
ID000097900,2013-10-16,TMIN,231
ID000097900,2007-11-26,TMAX,340
ID000097900,2011-05-20,TMAX,307
ID000097900,2015-06-28,TMIN,221
ID000097900,2010-09-04,TMAX,300
ID000097900,2009-03-05,TMIN,220
ID000097900,2010-08-03,TMAX,267
ID000097900,2014-10-09,TMAX,310
ID000097900,2014-10-09,TMIN,214
ID000097900,2007-05-29,TMIN,235
ID000097900,2010-08-10,TMAX,290
ID000097900,2010-09-21,TMIN,249
ID000097900,2015-07-10,TMIN,245
ID000097900,2015-04-21,TMIN,244
ID000097900,2015-11-10,TMAX,341
ID000097900,2007-11-14,TMAX,315
ID000097900,2005-09-05,TMIN,220
ID000097900,2006-05-14,TMAX,310
ID000097900,2015-07-10,TMAX,299
ID000097900,2012-04-03,TMAX,322
ID000097900,2006-05-14,TMIN,244
ID000097900,2009-07-06,TMIN,226
ID000097900,2009-07-06,TMAX,306
ID000097900,2005-09-05,TMAX,300
ID000097900,2008-04-28,TMIN,230
ID000097900,2011-03-31,TMIN,250
ID000097900,2011-03-31,TMAX,285
ID000097900,2011-09-05,TMAX,296
ID000097900,2007-05-14,TMIN,246
ID000097900,2009-02-10,TMAX,322
ID000097900,2009-02-10,TMIN,230
ID000097900,2006-10-09,TMIN,217
ID000097900,2005-10-27,TMAX,342
ID000097900,2005-10-27,TMIN,235
ID000097900,2006-10-09,TMAX,298
ID000097900,2006-07-06,TMIN,225
ID000097900,2011-01-29,TMIN,242
ID000097900,2009-05-04,TMIN,242
ID000097900,2011-01-29,TMAX,312
ID000097900,2009-05-04,TMAX,308
ID000097900,2014-11-21,TMIN,254
ID000097900,2007-05-29,TMAX,310
ID000097900,2005-06-27,TMIN,237
ID000097900,2005-06-27,TMAX,298
ID000097900,2008-02-05,TMAX,324
ID000097900,2013-03-09,TMIN,260
ID000097900,2005-10-15,TMIN,255
ID000097900,2014-09-24,TMAX,295
ID000097900,2010-10-11,TMAX,304
ID000097900,2014-09-24,TMIN,215
ID000097900,2009-09-22,TMAX,322
ID000097900,2012-05-10,TMIN,239
ID000097900,2007-08-19,TMAX,276
ID000097900,2010-08-03,TMIN,254
ID000097900,2015-04-24,TMIN,242
ID000097900,2015-04-24,TMAX,306
ID000097900,2007-08-19,TMIN,227
ID000097900,2012-05-10,TMAX,302
ID000097900,2015-09-03,TMIN,232
ID000097900,2013-11-20,TMIN,252
ID000097900,2015-09-03,TMAX,300
ID000097900,2005-10-15,TMAX,320
ID000097900,2005-05-24,TMIN,250
ID000097900,2006-11-13,TMIN,255
ID000097900,2007-03-03,TMIN,245
ID000097900,2008-03-29,TMIN,230
ID000097900,2008-03-29,TMAX,300
ID000097900,2014-11-25,TMIN,251
ID000097900,2014-11-25,TMAX,333
ID000097900,2008-02-05,TMIN,249
ID000097900,2007-11-14,TMIN,235
ID000097900,2014-11-02,TMIN,239
ID000097900,2006-10-07,TMIN,230
ID000097900,2006-10-07,TMAX,296
ID000097900,2010-01-27,TMAX,296
ID000097900,2010-01-27,TMIN,264
ID000097900,2011-02-01,TMAX,306
ID000097900,2012-06-07,TMIN,244
ID000097900,2012-07-25,TMAX,294
ID000097900,2013-10-24,TMIN,247
ID000097900,2012-07-25,TMIN,242
ID000097900,2013-02-15,TMIN,252
ID000097900,2013-06-01,TMIN,211
ID000097900,2010-04-29,TMAX,270
ID000097900,2007-04-02,TMAX,312
ID000097900,2009-10-10,TMIN,262
ID000097900,2007-11-24,TMAX,337
ID000097900,2009-01-22,TMAX,299
ID000097900,2013-04-10,TMAX,317
ID000097900,2006-01-22,TMAX,288
ID000097900,2007-04-02,TMIN,230
ID000097900,2006-12-07,TMAX,342
ID000097900,2011-03-01,TMAX,336
ID000097900,2011-03-01,TMIN,248
ID000097900,2012-07-22,TMIN,240
ID000097900,2008-04-11,TMIN,240
ID000097900,2005-08-01,TMAX,298
ID000097900,2013-12-17,TMIN,247
ID000097900,2008-04-11,TMAX,313
ID000097900,2013-04-10,TMIN,248
ID000097900,2009-07-20,TMIN,230
ID000097900,2009-07-20,TMAX,294
ID000097900,2012-01-19,TMAX,310
ID000097900,2008-01-13,TMAX,322
ID000097900,2008-01-13,TMIN,239
ID000097900,2008-07-26,TMAX,281
ID000097900,2012-09-23,TMAX,298
ID000097900,2010-08-31,TMIN,255
ID000097900,2005-07-13,TMIN,238
ID000097900,2005-07-13,TMAX,296
ID000097900,2007-11-24,TMIN,240
ID000097900,2010-08-31,TMAX,304
ID000097900,2007-09-29,TMAX,302
ID000097900,2007-11-11,TMAX,326
ID000097900,2006-09-29,TMIN,228
ID000097900,2007-11-11,TMIN,260
ID000097900,2007-09-29,TMIN,215
ID000097900,2009-01-22,TMIN,244
ID000097900,2006-12-07,TMIN,247
ID000097900,2013-12-17,TMAX,320
ID000097900,2012-07-06,TMAX,282
ID000097900,2007-02-28,TMIN,226
ID000097900,2007-12-02,TMIN,250
ID000097900,2011-10-14,TMIN,254
ID000097900,2011-10-14,TMAX,326
ID000097900,2012-12-09,TMIN,262
ID000097900,2010-05-18,TMIN,276
ID000097900,2007-10-17,TMIN,250
ID000097900,2012-12-09,TMAX,338
ID000097900,2006-05-01,TMIN,245
ID000097900,2007-10-17,TMAX,314
ID000097900,2006-08-09,TMAX,274
ID000097900,2005-08-16,TMIN,235
ID000097900,2013-01-12,TMIN,256
ID000097900,2014-12-09,TMIN,250
ID000097900,2014-12-09,TMAX,316
ID000097900,2010-09-20,TMAX,292
ID000097900,2005-10-12,TMIN,243
ID000097900,2005-07-20,TMIN,243
ID000097900,2009-01-14,TMIN,253
ID000097900,2012-07-06,TMIN,244
ID000097900,2012-03-22,TMAX,316
ID000097900,2008-08-20,TMIN,230
ID000097900,2008-06-21,TMAX,281
ID000097900,2008-06-21,TMIN,210
ID000097900,2005-08-01,TMIN,245
ID000097900,2010-05-18,TMAX,316
ID000097900,2015-04-25,TMAX,313
ID000097900,2015-04-25,TMIN,254
ID000097900,2012-07-22,TMAX,284
ID000097900,2005-03-02,TMAX,310
ID000097900,2005-03-02,TMIN,245
ID000097900,2005-07-20,TMAX,302
ID000097900,2008-12-12,TMIN,251
ID000097900,2006-09-14,TMAX,282
ID000097900,2006-09-14,TMIN,230
ID000097900,2005-03-29,TMAX,330
ID000097900,2006-06-05,TMAX,290
ID000097900,2014-03-31,TMIN,272
ID000097900,2007-11-29,TMIN,245
ID000097900,2014-02-21,TMIN,227
ID000097900,2005-10-25,TMAX,344
ID000097900,2005-10-25,TMIN,237
ID000097900,2005-09-26,TMAX,302
ID000097900,2005-09-26,TMIN,226
ID000097900,2007-11-29,TMAX,342
ID000097900,2009-02-03,TMAX,282
ID000097900,2015-03-02,TMIN,252
ID000097900,2015-03-02,TMAX,316
ID000097900,2006-07-03,TMIN,220
ID000097900,2006-07-03,TMAX,294
ID000097900,2008-07-26,TMIN,217
ID000097900,2012-06-30,TMAX,296
ID000097900,2009-02-03,TMIN,230
ID000097900,2008-12-28,TMAX,312
ID000097900,2013-05-25,TMIN,247
ID000097900,2008-11-30,TMIN,235
ID000097900,2013-05-20,TMIN,242
ID000097900,2010-03-11,TMAX,322
ID000097900,2005-02-11,TMAX,328
ID000097900,2013-01-31,TMAX,328
ID000097900,2010-03-11,TMIN,250
ID000097900,2006-05-04,TMIN,235
ID000097900,2005-04-29,TMAX,310
ID000097900,2006-05-04,TMAX,313
ID000097900,2010-10-08,TMAX,302
ID000097900,2012-02-07,TMAX,328
ID000097900,2005-07-25,TMAX,301
ID000097900,2012-06-09,TMAX,285
ID000097900,2007-08-11,TMIN,229
ID000097900,2006-11-04,TMAX,310
ID000097900,2008-12-28,TMIN,235
ID000097900,2011-09-07,TMAX,292
ID000097900,2007-11-01,TMAX,322
ID000097900,2012-11-02,TMAX,328
ID000097900,2012-11-02,TMIN,260
ID000097900,2014-06-13,TMIN,245
ID000097900,2014-12-28,TMAX,332
ID000097900,2014-12-28,TMIN,254
ID000097900,2007-03-13,TMIN,240
ID000097900,2014-04-22,TMIN,251
ID000097900,2007-03-13,TMAX,322
ID000097900,2011-12-31,TMIN,261
ID000097900,2010-08-24,TMAX,289
ID000097900,2011-12-31,TMAX,331
ID000097900,2010-08-24,TMIN,256
ID000097900,2012-01-19,TMIN,239
ID000097900,2006-09-29,TMAX,298
ID000097900,2006-06-05,TMIN,236
ID000097900,2015-10-14,TMAX,300
ID000097900,2005-10-12,TMAX,318
ID000097900,2014-06-13,TMAX,288
ID000097900,2014-11-01,TMIN,222
ID000097900,2008-04-05,TMAX,306
ID000097900,2013-03-07,TMIN,268
ID000097900,2015-02-03,TMIN,258
ID000097900,2015-02-03,TMAX,330
ID000097900,2009-08-08,TMAX,293
ID000097900,2012-11-13,TMAX,327
ID000097900,2005-06-03,TMAX,306
ID000097900,2005-06-03,TMIN,246
ID000097900,2007-11-01,TMIN,242
ID000097900,2011-04-04,TMAX,332
ID000097900,2010-05-16,TMIN,266
ID000097900,2010-04-16,TMAX,326
ID000097900,2010-05-16,TMAX,311
ID000097900,2007-08-02,TMAX,284
ID000097900,2007-11-05,TMAX,320
ID000097900,2013-03-07,TMAX,328
ID000097900,2010-08-23,TMAX,296
ID000097900,2014-02-19,TMIN,256
ID000097900,2008-02-14,TMIN,236
ID000097900,2005-06-06,TMAX,314
ID000097900,2011-08-25,TMIN,240
ID000097900,2010-07-19,TMIN,244
ID000097900,2005-07-02,TMIN,234
ID000097900,2008-10-29,TMAX,316
ID000097900,2011-11-03,TMIN,248
ID000097900,2011-11-03,TMAX,318
ID000097900,2008-05-19,TMAX,294
ID000097900,2008-05-19,TMIN,243
ID000097900,2008-10-29,TMIN,249
ID000097900,2015-10-01,TMAX,307
ID000097900,2006-11-23,TMIN,250
ID000097900,2006-06-25,TMIN,240
ID000097900,2009-08-15,TMAX,306
ID000097900,2005-07-02,TMAX,290
ID000097900,2006-01-28,TMAX,314
ID000097900,2006-07-08,TMAX,286
ID000097900,2007-07-11,TMAX,272
ID000097900,2007-07-11,TMIN,225
ID000097900,2011-02-28,TMAX,328
ID000097900,2007-02-27,TMIN,225
ID000097900,2007-02-27,TMAX,328
ID000097900,2010-11-25,TMAX,337
ID000097900,2009-10-14,TMAX,325
ID000097900,2007-03-07,TMIN,226
ID000097900,2007-03-07,TMAX,306
ID000097900,2010-10-18,TMIN,246
ID000097900,2010-10-18,TMAX,302
ID000097900,2006-07-08,TMIN,230
ID000097900,2013-04-14,TMAX,325
ID000097900,2010-07-19,TMAX,293
ID000097900,2006-11-23,TMAX,320
ID000097900,2006-02-13,TMAX,324
ID000097900,2012-02-04,TMIN,230
ID000097900,2010-05-02,TMIN,262
ID000097900,2005-12-04,TMAX,306
ID000097900,2005-12-04,TMIN,242
ID000097900,2009-10-20,TMAX,308
ID000097900,2006-02-26,TMAX,281
ID000097900,2014-10-01,TMAX,300
ID000097900,2012-08-02,TMAX,288
ID000097900,2012-03-29,TMAX,314
ID000097900,2007-12-27,TMIN,247
ID000097900,2007-12-27,TMAX,305
ID000097900,2012-03-29,TMIN,246
ID000097900,2013-07-20,TMIN,252
ID000097900,2014-10-13,TMIN,242
ID000097900,2014-10-13,TMAX,312
ID000097900,2007-06-19,TMAX,280
ID000097900,2012-08-02,TMIN,240
ID000097900,2012-05-29,TMIN,252
ID000097900,2015-11-25,TMAX,338
ID000097900,2011-07-08,TMAX,287
ID000097900,2007-11-02,TMIN,249
ID000097900,2013-07-30,TMIN,247
ID000097900,2012-05-29,TMAX,284
ID000097900,2011-01-15,TMIN,242
ID000097900,2014-06-04,TMIN,225
ID000097900,2014-06-04,TMAX,314
ID000097900,2010-01-09,TMIN,230
ID000097900,2005-12-21,TMAX,330
ID000097900,2005-12-21,TMIN,244
ID000097900,2010-01-09,TMAX,290
ID000097900,2009-04-01,TMIN,230
ID000097900,2008-11-16,TMIN,236
ID000097900,2008-11-16,TMAX,330
ID000097900,2006-05-13,TMIN,260
ID000097900,2006-05-13,TMAX,314
ID000097900,2008-09-23,TMAX,303
ID000097900,2008-06-24,TMAX,274
ID000097900,2008-06-24,TMIN,216
ID000097900,2015-01-21,TMIN,252
ID000097900,2008-11-29,TMIN,245
ID000097900,2008-09-23,TMIN,230
ID000097900,2015-02-23,TMAX,330
ID000097900,2008-07-11,TMIN,219
ID000097900,2015-02-23,TMIN,250
ID000097900,2006-02-06,TMAX,320
ID000097900,2009-11-24,TMAX,338
ID000097900,2006-02-06,TMIN,229
ID000097900,2008-07-11,TMAX,281
ID000097900,2008-04-13,TMIN,232
ID000097900,2005-04-22,TMIN,250
ID000097900,2009-04-17,TMIN,236
ID000097900,2008-04-13,TMAX,306
ID000097900,2008-03-18,TMAX,313
ID000097900,2008-03-18,TMIN,236
ID000097900,2007-10-10,TMAX,324
ID000097900,2011-09-06,TMIN,250
ID000097900,2011-09-06,TMAX,294
ID000097900,2006-11-16,TMIN,220
ID000097900,2006-01-09,TMIN,234
ID000097900,2006-11-16,TMAX,336
ID000097900,2007-07-31,TMAX,286
ID000097900,2010-03-07,TMAX,312
ID000097900,2009-06-17,TMIN,234
ID000097900,2009-06-17,TMAX,289
ID000097900,2010-11-15,TMAX,322
ID000097900,2009-08-10,TMAX,298
ID000097900,2006-01-28,TMIN,250
ID000097900,2013-06-24,TMIN,252
ID000097900,2005-03-17,TMIN,245
ID000097900,2005-03-17,TMAX,312
ID000097900,2009-08-10,TMIN,244
ID000097900,2007-04-04,TMIN,230
ID000097900,2015-10-09,TMAX,298
ID000097900,2011-04-28,TMAX,308
ID000097900,2005-11-09,TMAX,330
ID000097900,2011-04-28,TMIN,250
ID000097900,2005-03-04,TMIN,245
ID000097900,2011-08-15,TMIN,244
ID000097900,2005-11-09,TMIN,243
ID000097900,2005-03-04,TMAX,290
ID000097900,2011-08-12,TMIN,222
ID000097900,2009-03-23,TMIN,235
ID000097900,2009-03-23,TMAX,324
ID000097900,2010-02-13,TMIN,260
ID000097900,2015-10-09,TMIN,252
ID000097900,2010-02-13,TMAX,338
ID000097900,2014-05-05,TMIN,267
ID000097900,2014-04-21,TMIN,244
ID000097900,2007-07-31,TMIN,215
ID000097900,2010-05-02,TMAX,318
ID000097900,2014-08-07,TMIN,238
ID000097900,2012-02-04,TMAX,331
ID000097900,2009-08-30,TMIN,247
ID000097900,2009-01-02,TMIN,240
ID000097900,2006-05-25,TMAX,306
ID000097900,2015-05-07,TMAX,314
ID000097900,2015-05-07,TMIN,234
ID000097900,2005-05-29,TMAX,300
ID000097900,2005-05-29,TMIN,240
ID000097900,2006-03-29,TMIN,234
ID000097900,2006-06-07,TMAX,290
ID000097900,2006-04-23,TMIN,233
ID000097900,2006-06-07,TMIN,239
ID000097900,2009-08-07,TMIN,243
ID000097900,2008-10-23,TMIN,250
ID000097900,2008-10-23,TMAX,324
ID000097900,2005-03-07,TMAX,314
ID000097900,2005-03-07,TMIN,237
ID000097900,2009-08-07,TMAX,298
ID000097900,2014-08-21,TMIN,219
ID000097900,2014-03-09,TMIN,252
ID000097900,2014-08-21,TMAX,285
ID000097900,2006-07-19,TMAX,276
ID000097900,2015-11-20,TMAX,330
ID000097900,2012-07-01,TMIN,246
ID000097900,2008-02-03,TMAX,310
ID000097900,2008-02-03,TMIN,241
ID000097900,2012-07-01,TMAX,290
ID000097900,2006-04-23,TMAX,312
ID000097900,2009-08-30,TMAX,303
ID000097900,2007-09-02,TMAX,272
ID000097900,2015-07-17,TMIN,231
ID000097900,2005-09-13,TMIN,215
ID000097900,2012-07-04,TMAX,268
ID000097900,2008-04-06,TMAX,310
ID000097900,2010-12-20,TMIN,248
ID000097900,2008-10-03,TMAX,310
ID000097900,2013-01-04,TMIN,261
ID000097900,2008-06-10,TMIN,230
ID000097900,2008-10-03,TMIN,240
ID000097900,2010-12-20,TMAX,324
ID000097900,2013-01-04,TMAX,334
ID000097900,2008-06-10,TMAX,287
ID000097900,2005-02-24,TMIN,248
ID000097900,2005-02-24,TMAX,340
ID000097900,2014-12-27,TMIN,253
ID000097900,2009-03-12,TMIN,239
ID000097900,2014-05-12,TMIN,247
ID000097900,2009-03-12,TMAX,328
ID000097900,2005-02-25,TMIN,237
ID000097900,2005-09-16,TMIN,230
ID000097900,2005-09-16,TMAX,308
ID000097900,2014-11-17,TMIN,240
ID000097900,2005-02-25,TMAX,342
ID000097900,2011-10-19,TMAX,322
ID000097900,2005-12-15,TMIN,240
ID000097900,2014-11-17,TMAX,318
ID000097900,2005-12-31,TMIN,234
ID000097900,2014-08-03,TMAX,286
ID000097900,2014-08-03,TMIN,230
ID000097900,2015-07-17,TMAX,284
ID000097900,2007-10-10,TMIN,210
ID000097900,2007-09-02,TMIN,232
ID000097900,2015-03-10,TMIN,262
ID000097900,2014-10-14,TMAX,317
ID000097900,2005-02-23,TMIN,230
ID000097900,2005-05-09,TMAX,324
ID000097900,2010-10-09,TMAX,305
ID000097900,2005-02-23,TMAX,340
ID000097900,2012-01-03,TMIN,252
ID000097900,2008-07-27,TMIN,202
ID000097900,2008-03-30,TMAX,323
ID000097900,2011-04-07,TMIN,250
ID000097900,2013-05-23,TMIN,251
ID000097900,2005-11-30,TMIN,236
ID000097900,2005-02-28,TMAX,336
ID000097900,2011-01-06,TMAX,334
ID000097900,2005-05-09,TMIN,245
ID000097900,2005-02-28,TMIN,238
ID000097900,2015-03-07,TMIN,245
ID000097900,2011-04-07,TMAX,314
ID000097900,2005-08-06,TMAX,299
ID000097900,2007-10-12,TMAX,321
ID000097900,2005-08-06,TMIN,244
ID000097900,2005-06-11,TMAX,302
ID000097900,2010-01-03,TMAX,303
ID000097900,2011-07-07,TMIN,244
ID000097900,2011-07-07,TMAX,290
ID000097900,2007-09-14,TMAX,298
ID000097900,2007-09-14,TMIN,214
ID000097900,2007-10-12,TMIN,235
ID000097900,2008-05-02,TMAX,304
ID000097900,2014-02-03,TMIN,266
ID000097900,2012-01-03,TMAX,320
ID000097900,2008-07-31,TMAX,288
ID000097900,2007-12-17,TMAX,342
ID000097900,2010-01-28,TMIN,255
ID000097900,2010-01-15,TMIN,250
ID000097900,2010-01-15,TMAX,309
ID000097900,2007-12-17,TMIN,240
ID000097900,2006-07-19,TMIN,210
ID000097900,2013-08-24,TMIN,231
ID000097900,2010-01-28,TMAX,306
ID000097900,2009-05-26,TMAX,305
ID000097900,2014-05-26,TMAX,312
ID000097900,2009-04-03,TMIN,215
ID000097900,2009-04-03,TMAX,278
ID000097900,2014-05-26,TMIN,255
ID000097900,2008-07-27,TMAX,288
ID000097900,2012-12-26,TMAX,350
ID000097900,2012-12-26,TMIN,260
ID000097900,2008-07-31,TMIN,210
ID000097900,2009-05-18,TMAX,308
ID000097900,2009-05-18,TMIN,244
ID000097900,2005-09-12,TMAX,302
ID000097900,2005-09-12,TMIN,201
ID000097900,2006-10-08,TMIN,223
ID000097900,2006-10-08,TMAX,294
ID000097900,2010-10-09,TMIN,262
ID000097900,2014-07-18,TMAX,290
ID000097900,2014-07-18,TMIN,250
ID000097900,2014-10-14,TMIN,241
ID000097900,2008-05-02,TMIN,245
ID000097900,2005-02-03,TMAX,315
ID000097900,2005-09-03,TMIN,230
ID000097900,2009-01-07,TMIN,253
ID000097900,2009-10-22,TMAX,316
ID000097900,2009-10-22,TMIN,260
ID000097900,2006-08-16,TMAX,282
ID000097900,2005-09-06,TMAX,300
ID000097900,2005-09-06,TMIN,204
ID000097900,2008-01-03,TMAX,305
ID000097900,2007-05-18,TMAX,310
ID000097900,2005-11-19,TMAX,315
ID000097900,2005-11-19,TMIN,245
ID000097900,2007-05-18,TMIN,253
ID000097900,2015-07-14,TMIN,240
ID000097900,2009-07-02,TMIN,230
ID000097900,2006-08-16,TMIN,230
ID000097900,2011-05-30,TMIN,254
ID000097900,2006-05-19,TMIN,245
ID000097900,2012-03-25,TMIN,244
ID000097900,2006-05-19,TMAX,310
ID000097900,2013-04-13,TMAX,324
ID000097900,2013-12-18,TMIN,252
ID000097900,2012-11-17,TMAX,334
ID000097900,2005-08-29,TMAX,298
ID000097900,2005-08-29,TMIN,230
ID000097900,2006-06-10,TMAX,291
ID000097900,2006-06-10,TMIN,236
ID000097900,2009-04-16,TMIN,230
ID000097900,2007-02-10,TMAX,338
ID000097900,2011-05-30,TMAX,298
ID000097900,2015-04-04,TMAX,316
ID000097900,2014-02-07,TMIN,265
ID000097900,2012-11-12,TMIN,272
ID000097900,2008-03-08,TMAX,304
ID000097900,2006-05-26,TMAX,296
ID000097900,2015-09-20,TMAX,295
ID000097900,2015-04-22,TMIN,242
ID000097900,2014-09-29,TMIN,230
ID000097900,2012-02-27,TMIN,258
ID000097900,2012-02-27,TMAX,327
ID000097900,2015-12-08,TMIN,262
ID000097900,2009-10-09,TMAX,325
ID000097900,2008-03-16,TMIN,235
ID000097900,2011-10-15,TMIN,256
ID000097900,2008-03-16,TMAX,314
ID000097900,2011-10-15,TMAX,324
ID000097900,2009-10-27,TMAX,320
ID000097900,2006-10-10,TMAX,295
ID000097900,2012-06-18,TMAX,286
ID000097900,2015-05-08,TMAX,301
ID000097900,2015-05-08,TMIN,244
ID000097900,2006-10-10,TMIN,223
ID000097900,2010-05-09,TMAX,311
ID000097900,2010-05-09,TMIN,256
ID000097900,2009-09-15,TMAX,312
ID000097900,2008-08-28,TMAX,290
ID000097900,2005-07-15,TMIN,225
ID000097900,2008-08-28,TMIN,232
ID000097900,2005-07-15,TMAX,296
ID000097900,2012-11-12,TMAX,326
ID000097900,2007-02-10,TMIN,245
ID000097900,2013-01-29,TMAX,328
ID000097900,2013-01-29,TMIN,249
ID000097900,2005-11-27,TMIN,234
ID000097900,2005-11-03,TMAX,328
ID000097900,2005-11-03,TMIN,256
ID000097900,2015-06-06,TMIN,252
ID000097900,2010-09-13,TMAX,300
ID000097900,2010-06-23,TMAX,302
ID000097900,2015-06-06,TMAX,305
ID000097900,2008-06-13,TMIN,230
ID000097900,2008-06-13,TMAX,296
ID000097900,2012-08-24,TMAX,294
ID000097900,2012-10-25,TMAX,319
ID000097900,2007-03-17,TMIN,225
ID000097900,2007-03-17,TMAX,322
ID000097900,2007-04-01,TMAX,290
ID000097900,2012-04-01,TMAX,320
ID000097900,2012-07-07,TMAX,283
ID000097900,2007-01-11,TMIN,255
ID000097900,2007-01-11,TMAX,336
ID000097900,2010-05-03,TMAX,318
ID000097900,2010-05-03,TMIN,266
ID000097900,2010-11-16,TMAX,328
ID000097900,2007-03-16,TMIN,235
ID000097900,2013-01-05,TMAX,314
ID000097900,2010-11-16,TMIN,248
ID000097900,2011-08-28,TMIN,244
ID000097900,2011-08-28,TMAX,292
ID000097900,2008-06-14,TMAX,297
ID000097900,2008-06-14,TMIN,240
ID000097900,2010-12-25,TMAX,270
ID000097900,2014-09-29,TMAX,304
ID000097900,2012-12-12,TMAX,344
ID000097900,2010-09-13,TMIN,252
ID000097900,2012-05-27,TMAX,270
ID000097900,2007-08-21,TMIN,235
ID000097900,2009-01-20,TMIN,240
ID000097900,2010-03-15,TMAX,326
ID000097900,2010-03-15,TMIN,255
ID000097900,2012-05-27,TMIN,248
ID000097900,2005-11-27,TMAX,314
ID000097900,2012-03-28,TMAX,316
ID000097900,2006-03-20,TMIN,235
ID000097900,2012-07-26,TMIN,232
ID000097900,2006-03-20,TMAX,303
ID000097900,2015-03-15,TMIN,242
ID000097900,2009-04-16,TMAX,322
ID000097900,2012-07-26,TMAX,294
ID000097900,2007-11-09,TMAX,328
ID000097900,2006-01-16,TMAX,297
ID000097900,2008-01-03,TMIN,246
ID000097900,2010-08-07,TMAX,292
ID000097900,2007-11-09,TMIN,241
ID000097900,2007-08-21,TMAX,290
ID000097900,2005-09-02,TMAX,300
ID000097900,2010-01-26,TMAX,316
ID000097900,2010-05-06,TMIN,252
ID000097900,2013-05-18,TMIN,251
ID000097900,2010-05-06,TMAX,286
ID000097900,2005-09-02,TMIN,230
ID000097900,2006-01-16,TMIN,240
ID000097900,2012-05-11,TMAX,291
ID000097900,2006-05-26,TMIN,240
ID000097900,2011-12-19,TMIN,256
ID000097900,2011-12-19,TMAX,334
ID000097900,2006-02-02,TMAX,318
ID000097900,2007-06-11,TMAX,290
ID000097900,2012-07-18,TMAX,293
ID000097900,2007-06-11,TMIN,235
ID000097900,2010-02-19,TMAX,338
ID000097900,2007-12-09,TMAX,340
ID000097900,2006-11-03,TMAX,315
ID000097900,2006-11-03,TMIN,210
ID000097900,2010-02-19,TMIN,263
ID000097900,2009-12-22,TMAX,313
ID000097900,2010-12-13,TMIN,246
ID000097900,2011-09-23,TMAX,294
ID000097900,2010-11-11,TMAX,325
ID000097900,2015-05-01,TMIN,239
ID000097900,2010-12-13,TMAX,302
ID000097900,2014-05-21,TMAX,304
ID000097900,2005-05-07,TMIN,251
ID000097900,2007-10-13,TMIN,235
ID000097900,2005-05-07,TMAX,312
ID000097900,2015-02-12,TMAX,332
ID000097900,2012-02-28,TMAX,334
ID000097900,2012-02-29,TMAX,330
ID000097900,2012-02-28,TMIN,256
ID000097900,2012-02-29,TMIN,256
ID000097900,2006-03-31,TMIN,233
ID000097900,2009-07-05,TMAX,298
ID000097900,2009-07-05,TMIN,230
ID000097900,2012-07-18,TMIN,251
ID000097900,2015-02-06,TMIN,241
ID000097900,2006-02-02,TMIN,240
ID000097900,2007-12-06,TMIN,235
ID000097900,2005-09-10,TMAX,300
ID000097900,2007-05-20,TMIN,250
ID000097900,2012-12-01,TMAX,334
ID000097900,2005-09-10,TMIN,207
ID000097900,2007-05-20,TMAX,318
ID000097900,2007-12-06,TMAX,350
ID000097900,2008-10-06,TMIN,245
ID000097900,2012-04-19,TMIN,242
ID000097900,2008-10-06,TMAX,316
ID000097900,2009-06-20,TMIN,216
ID000097900,2009-06-20,TMAX,298
ID000097900,2005-03-23,TMIN,235
ID000097900,2012-04-19,TMAX,276
ID000097900,2015-11-30,TMAX,350
ID000097900,2012-10-11,TMAX,314
ID000097900,2012-10-11,TMIN,250
ID000097900,2007-12-08,TMAX,342
ID000097900,2007-12-08,TMIN,245
ID000097900,2014-12-10,TMIN,252
ID000097900,2014-04-14,TMIN,246
ID000097900,2013-11-25,TMIN,231
ID000097900,2012-12-01,TMIN,235
ID000097900,2015-07-21,TMAX,293
ID000097900,2014-01-03,TMIN,257
ID000097900,2006-07-05,TMIN,231
ID000097900,2015-07-21,TMIN,244
ID000097900,2013-03-10,TMAX,322
ID000097900,2007-12-09,TMIN,247
ID000097900,2005-09-03,TMAX,295
ID000097900,2009-06-09,TMIN,244
ID000097900,2010-11-09,TMAX,321
ID000097900,2011-06-15,TMIN,226
ID000097900,2009-12-22,TMIN,249
ID000097900,2010-05-11,TMAX,282
ID000097900,2006-02-22,TMAX,328
ID000097900,2006-02-22,TMIN,250
ID000097900,2006-09-12,TMIN,226
ID000097900,2015-11-15,TMAX,341
ID000097900,2006-09-12,TMAX,279
ID000097900,2005-01-16,TMAX,338
ID000097900,2014-09-09,TMAX,294
ID000097900,2012-01-20,TMIN,252
ID000097900,2007-10-07,TMAX,316
ID000097900,2012-01-20,TMAX,316
ID000097900,2009-05-27,TMAX,310
ID000097900,2015-09-04,TMIN,238
ID000097900,2009-05-05,TMAX,310
ID000097900,2009-05-05,TMIN,234
ID000097900,2015-09-04,TMAX,300
ID000097900,2009-05-27,TMIN,242
ID000097900,2009-10-09,TMIN,260
ID000097900,2012-01-22,TMIN,248
ID000097900,2012-01-22,TMAX,323
ID000097900,2012-02-06,TMAX,323
ID000097900,2015-01-12,TMAX,308
ID000097900,2013-04-08,TMAX,310
ID000097900,2012-02-06,TMIN,263
ID000097900,2015-09-20,TMIN,213
ID000097900,2006-09-20,TMAX,284
ID000097900,2007-11-07,TMIN,244
ID000097900,2010-11-20,TMIN,250
ID000097900,2005-09-17,TMIN,235
ID000097900,2007-07-27,TMAX,290
ID000097900,2007-10-13,TMAX,328
ID000097900,2015-10-08,TMAX,304
ID000097900,2013-08-25,TMIN,251
ID000097900,2013-08-04,TMIN,221
ID000097900,2005-04-06,TMAX,302
ID000097900,2006-12-16,TMAX,320
ID000097900,2009-07-18,TMAX,292
ID000097900,2011-01-10,TMIN,269
ID000097900,2014-10-12,TMAX,310
ID000097900,2014-10-12,TMIN,224
ID000097900,2011-01-10,TMAX,336
ID000097900,2006-07-02,TMAX,292
ID000097900,2006-07-02,TMIN,228
ID000097900,2011-04-30,TMAX,312
ID000097900,2006-03-31,TMAX,266
ID000097900,2006-06-28,TMIN,225
ID000097900,2011-04-30,TMIN,203
ID000097900,2006-12-26,TMIN,243
ID000097900,2006-06-28,TMAX,296
ID000097900,2007-07-27,TMIN,232
ID000097900,2009-07-18,TMIN,229
ID000097900,2006-12-26,TMAX,338
ID000097900,2005-09-17,TMAX,305
ID000097900,2010-11-20,TMAX,330
ID000097900,2005-05-31,TMAX,316
ID000097900,2011-06-15,TMAX,284
ID000097900,2007-11-07,TMAX,320
ID000097900,2008-12-18,TMIN,231
ID000097900,2008-12-18,TMAX,298
ID000097900,2012-09-11,TMIN,254
ID000097900,2015-12-27,TMAX,324
ID000097900,2015-12-27,TMIN,258
ID000097900,2015-11-03,TMIN,240
ID000097900,2015-11-03,TMAX,310
ID000097900,2012-03-08,TMIN,250
ID000097900,2012-03-08,TMAX,321
ID000097900,2015-07-25,TMAX,299
ID000097900,2014-07-09,TMIN,229
ID000097900,2012-05-09,TMAX,280
ID000097900,2012-05-09,TMIN,239
ID000097900,2009-11-01,TMAX,314
ID000097900,2012-07-21,TMAX,282
ID000097900,2007-07-30,TMIN,220
ID000097900,2011-06-29,TMAX,272
ID000097900,2011-05-17,TMAX,306
ID000097900,2008-08-07,TMAX,286
ID000097900,2008-01-14,TMIN,250
ID000097900,2011-09-08,TMAX,292
ID000097900,2011-09-08,TMIN,246
ID000097900,2009-11-01,TMIN,266
ID000097900,2011-06-24,TMAX,282
ID000097900,2011-06-24,TMIN,204
ID000097900,2005-06-04,TMIN,245
ID000097900,2010-09-24,TMAX,307
ID000097900,2008-08-07,TMIN,230
ID000097900,2015-08-12,TMAX,290
ID000097900,2015-07-25,TMIN,240
ID000097900,2014-09-06,TMIN,218
ID000097900,2014-09-06,TMAX,289
ID000097900,2007-07-30,TMAX,288
ID000097900,2011-03-04,TMAX,307
ID000097900,2011-11-21,TMIN,256
ID000097900,2011-03-04,TMIN,241
ID000097900,2011-11-21,TMAX,346
ID000097900,2013-02-03,TMIN,260
ID000097900,2010-08-20,TMIN,258
ID000097900,2008-06-30,TMAX,290
ID000097900,2015-02-18,TMAX,330
ID000097900,2015-02-18,TMIN,254
ID000097900,2010-08-20,TMAX,297
ID000097900,2013-02-03,TMAX,333
ID000097900,2007-05-08,TMIN,250
ID000097900,2008-06-30,TMIN,204
ID000097900,2007-08-26,TMAX,290
ID000097900,2007-08-26,TMIN,210
ID000097900,2015-08-07,TMAX,290
ID000097900,2015-08-07,TMIN,230
ID000097900,2007-11-18,TMAX,332
ID000097900,2007-11-18,TMIN,245
ID000097900,2007-09-28,TMAX,302
ID000097900,2007-06-24,TMIN,244
ID000097900,2007-09-28,TMIN,217
ID000097900,2011-05-25,TMAX,282
ID000097900,2007-06-24,TMAX,300
ID000097900,2010-07-23,TMAX,286
ID000097900,2011-09-10,TMAX,292
ID000097900,2010-08-12,TMAX,288
ID000097900,2012-08-13,TMAX,276
ID000097900,2015-08-12,TMIN,224
ID000097900,2012-08-13,TMIN,234
ID000097900,2014-06-12,TMAX,292
ID000097900,2008-07-12,TMIN,235
ID000097900,2008-04-01,TMIN,234
ID000097900,2012-06-17,TMAX,291
ID000097900,2015-03-21,TMIN,230
ID000097900,2012-06-17,TMIN,244
ID000097900,2008-04-01,TMAX,320
ID000097900,2007-05-09,TMIN,230
ID000097900,2007-05-09,TMAX,320
ID000097900,2012-08-03,TMAX,290
ID000097900,2008-02-09,TMAX,304
ID000097900,2006-09-28,TMIN,226
ID000097900,2015-10-16,TMIN,246
ID000097900,2010-03-12,TMIN,262
ID000097900,2015-03-12,TMIN,252
ID000097900,2012-12-02,TMIN,245
ID000097900,2010-03-12,TMAX,326
ID000097900,2012-12-31,TMAX,353
ID000097900,2007-08-27,TMIN,224
ID000097900,2007-08-27,TMAX,287
ID000097900,2012-12-31,TMIN,256
ID000097900,2015-11-13,TMIN,254
ID000097900,2008-06-07,TMIN,240
ID000097900,2007-01-08,TMAX,336
ID000097900,2015-11-13,TMAX,339
ID000097900,2008-11-26,TMIN,233
ID000097900,2015-04-18,TMAX,306
ID000097900,2006-01-10,TMIN,245
ID000097900,2008-07-12,TMAX,288
ID000097900,2009-04-24,TMAX,300
ID000097900,2012-03-20,TMIN,248
ID000097900,2014-07-22,TMIN,244
ID000097900,2011-11-05,TMAX,328
ID000097900,2014-06-12,TMIN,240
ID000097900,2011-05-17,TMIN,258
ID000097900,2013-02-08,TMAX,330
ID000097900,2006-02-28,TMIN,235
ID000097900,2010-09-24,TMIN,235
ID000097900,2008-11-26,TMAX,332
ID000097900,2012-05-24,TMIN,246
ID000097900,2012-11-23,TMIN,262
ID000097900,2006-01-30,TMAX,322
ID000097900,2006-01-30,TMIN,260
ID000097900,2012-05-24,TMAX,300
ID000097900,2010-07-17,TMAX,292
ID000097900,2008-10-10,TMIN,247
ID000097900,2010-07-17,TMIN,240
ID000097900,2007-01-17,TMIN,250
ID000097900,2007-06-13,TMAX,302
ID000097900,2006-09-11,TMIN,230
ID000097900,2006-02-28,TMAX,300
ID000097900,2007-01-17,TMAX,338
ID000097900,2007-06-13,TMIN,240
ID000097900,2014-08-05,TMIN,242
ID000097900,2008-08-31,TMIN,235
ID000097900,2005-12-01,TMAX,334
ID000097900,2005-12-01,TMIN,240
ID000097900,2014-07-22,TMAX,284
ID000097900,2006-09-11,TMAX,282
ID000097900,2012-03-20,TMAX,300
ID000097900,2009-04-24,TMIN,223
ID000097900,2013-09-24,TMIN,232
ID000097900,2006-02-16,TMAX,316
ID000097900,2008-04-20,TMIN,240
ID000097900,2008-12-07,TMAX,329
ID000097900,2009-03-06,TMAX,332
ID000097900,2011-12-24,TMAX,314
ID000097900,2006-09-18,TMAX,290
ID000097900,2008-04-20,TMAX,310
ID000097900,2008-12-07,TMIN,235
ID000097900,2012-10-04,TMAX,309
ID000097900,2012-10-04,TMIN,250
ID000097900,2013-09-11,TMIN,247
ID000097900,2008-01-31,TMAX,330
ID000097900,2008-01-31,TMIN,245
ID000097900,2005-05-06,TMAX,310
ID000097900,2012-06-11,TMAX,294
ID000097900,2010-10-30,TMAX,318
ID000097900,2015-03-25,TMIN,228
ID000097900,2010-10-30,TMIN,240
ID000097900,2015-03-25,TMAX,328
ID000097900,2010-06-28,TMIN,242
ID000097900,2005-05-19,TMAX,322
ID000097900,2012-10-22,TMAX,316
ID000097900,2012-10-22,TMIN,258
ID000097900,2015-03-16,TMIN,250
ID000097900,2010-06-28,TMAX,270
ID000097900,2006-04-14,TMAX,316
ID000097900,2008-12-31,TMIN,235
ID000097900,2015-03-16,TMAX,325
ID000097900,2010-10-12,TMAX,315
ID000097900,2006-04-14,TMIN,230
ID000097900,2009-03-14,TMIN,230
ID000097900,2007-08-22,TMIN,220
ID000097900,2005-09-23,TMAX,306
ID000097900,2005-09-23,TMIN,238
ID000097900,2006-08-30,TMIN,223
ID000097900,2006-08-30,TMAX,285
ID000097900,2014-07-27,TMAX,291
ID000097900,2007-07-21,TMIN,225
ID000097900,2007-07-21,TMAX,280
ID000097900,2009-05-23,TMIN,236
ID000097900,2008-10-27,TMAX,316
ID000097900,2009-05-23,TMAX,302
ID000097900,2010-06-04,TMAX,309
ID000097900,2013-04-19,TMIN,267
ID000097900,2014-07-05,TMIN,245
ID000097900,2012-09-02,TMIN,228
ID000097900,2012-05-04,TMAX,288
ID000097900,2013-04-19,TMAX,320
ID000097900,2007-09-20,TMIN,234
ID000097900,2012-05-04,TMIN,240
ID000097900,2005-01-02,TMIN,255
ID000097900,2007-09-20,TMAX,300
ID000097900,2009-03-06,TMIN,235
ID000097900,2014-03-07,TMIN,242
ID000097900,2014-04-15,TMIN,246
ID000097900,2005-05-19,TMIN,235
ID000097900,2006-09-18,TMIN,230
ID000097900,2007-08-22,TMAX,290
ID000097900,2009-03-14,TMAX,320
ID000097900,2005-01-02,TMAX,335
ID000097900,2010-09-05,TMIN,262
ID000097900,2013-01-09,TMAX,350
ID000097900,2008-08-22,TMAX,293
ID000097900,2011-04-20,TMAX,300
ID000097900,2009-06-12,TMIN,225
ID000097900,2006-01-04,TMAX,315
ID000097900,2012-03-03,TMAX,322
ID000097900,2006-01-04,TMIN,226
ID000097900,2009-06-12,TMAX,302
ID000097900,2009-04-15,TMAX,326
ID000097900,2009-04-15,TMIN,249
ID000097900,2012-12-08,TMAX,345
ID000097900,2007-01-26,TMAX,320
ID000097900,2007-01-26,TMIN,245
ID000097900,2012-12-08,TMIN,260
ID000097900,2012-03-03,TMIN,264
ID000097900,2005-05-26,TMAX,312
ID000097900,2005-05-26,TMIN,251
ID000097900,2010-02-22,TMIN,265
ID000097900,2011-09-17,TMAX,294
ID000097900,2006-02-16,TMIN,245
ID000097900,2006-04-04,TMAX,312
ID000097900,2006-09-25,TMAX,299
ID000097900,2006-09-25,TMIN,206
ID000097900,2011-12-05,TMIN,255
ID000097900,2011-12-05,TMAX,344
ID000097900,2011-12-29,TMAX,318
ID000097900,2009-01-19,TMIN,245
ID000097900,2006-04-04,TMIN,246
ID000097900,2011-12-29,TMIN,252
ID000097900,2007-02-12,TMAX,332
ID000097900,2013-01-09,TMIN,260
ID000097900,2007-02-12,TMIN,230
ID000097900,2012-10-07,TMAX,310
ID000097900,2008-08-22,TMIN,232
ID000097900,2008-12-24,TMAX,312
ID000097900,2008-12-24,TMIN,235
ID000097900,2015-07-13,TMIN,247
ID000097900,2010-11-30,TMAX,330
ID000097900,2013-09-22,TMAX,314
ID000097900,2010-11-30,TMIN,256
ID000097900,2013-09-22,TMIN,222
ID000097900,2015-05-19,TMIN,258
ID000097900,2015-05-19,TMAX,310
ID000097900,2008-02-07,TMAX,288
ID000097900,2008-02-07,TMIN,236
ID000097900,2011-11-16,TMAX,333
ID000097900,2008-02-27,TMAX,325
ID000097900,2015-08-24,TMIN,222
ID000097900,2015-08-24,TMAX,288
ID000097900,2005-05-06,TMIN,250
ID000097900,2005-12-11,TMIN,238
ID000097900,2005-04-03,TMIN,240
ID000097900,2005-12-11,TMAX,320
ID000097900,2013-02-13,TMIN,253
ID000097900,2009-09-20,TMAX,313
ID000097900,2005-08-19,TMIN,235
ID000097900,2005-08-19,TMAX,298
ID000097900,2010-06-12,TMIN,248
ID000097900,2010-06-12,TMAX,272
ID000097900,2012-10-07,TMIN,240
ID000097900,2012-11-20,TMAX,344
ID000097900,2015-04-18,TMIN,234
ID000097900,2012-12-02,TMAX,336
ID000097900,2007-01-08,TMIN,246
ID000097900,2006-12-21,TMAX,328
ID000097900,2005-11-14,TMAX,338
ID000097900,2007-10-02,TMAX,300
ID000097900,2008-08-11,TMIN,230
ID000097900,2007-10-02,TMIN,235
ID000097900,2008-06-03,TMIN,232
ID000097900,2008-08-11,TMAX,289
ID000097900,2015-02-15,TMAX,318
ID000097900,2015-11-02,TMAX,313
ID000097900,2013-12-03,TMIN,255
ID000097900,2005-11-14,TMIN,250
ID000097900,2007-02-17,TMIN,234
ID000097900,2007-02-17,TMAX,325
ID000097900,2009-07-30,TMIN,230
ID000097900,2008-12-14,TMAX,316
ID000097900,2010-05-27,TMAX,316
ID000097900,2007-09-07,TMIN,217
ID000097900,2010-05-27,TMIN,257
ID000097900,2008-06-03,TMAX,289
ID000097900,2007-09-07,TMAX,290
ID000097900,2010-04-01,TMAX,322
ID000097900,2010-04-01,TMIN,248
ID000097900,2007-03-02,TMAX,306
ID000097900,2007-03-02,TMIN,254
ID000097900,2010-02-06,TMIN,252
ID000097900,2014-03-21,TMIN,237
ID000097900,2010-07-18,TMAX,288
ID000097900,2010-10-23,TMAX,310
ID000097900,2011-07-29,TMAX,286
ID000097900,2008-12-27,TMAX,316
ID000097900,2005-09-09,TMAX,299
ID000097900,2011-03-02,TMAX,319
ID000097900,2009-11-21,TMIN,244
ID000097900,2010-07-20,TMIN,254
ID000097900,2014-03-30,TMIN,262
ID000097900,2010-07-20,TMAX,292
ID000097900,2005-08-11,TMAX,292
ID000097900,2011-03-18,TMIN,251
ID000097900,2011-03-02,TMIN,262
ID000097900,2009-07-19,TMIN,235
ID000097900,2008-06-23,TMIN,216
ID000097900,2006-07-28,TMIN,210
ID000097900,2009-07-19,TMAX,292
ID000097900,2005-12-14,TMAX,323
ID000097900,2005-12-14,TMIN,240
ID000097900,2006-07-28,TMAX,286
ID000097900,2013-07-15,TMIN,247
ID000097900,2009-12-30,TMAX,326
ID000097900,2009-12-30,TMIN,268
ID000097900,2008-05-28,TMAX,298
ID000097900,2008-05-28,TMIN,240
ID000097900,2011-05-10,TMAX,311
ID000097900,2013-03-01,TMAX,336
ID000097900,2011-08-23,TMAX,280
ID000097900,2013-03-01,TMIN,264
ID000097900,2007-08-10,TMAX,286
ID000097900,2007-08-10,TMIN,229
ID000097900,2008-02-17,TMIN,245
ID000097900,2008-12-27,TMIN,248
ID000097900,2009-11-21,TMAX,340
ID000097900,2010-07-18,TMIN,256
ID000097900,2011-07-29,TMIN,248
ID000097900,2006-07-27,TMAX,290
ID000097900,2011-01-16,TMAX,263
ID000097900,2008-03-01,TMIN,240
ID000097900,2010-09-11,TMIN,259
ID000097900,2005-01-21,TMAX,294
ID000097900,2006-07-27,TMIN,216
ID000097900,2005-01-21,TMIN,226
ID000097900,2013-12-22,TMIN,249
ID000097900,2010-09-11,TMAX,300
ID000097900,2010-07-02,TMAX,292
ID000097900,2012-07-04,TMIN,235
ID000097900,2005-01-25,TMIN,230
ID000097900,2006-10-24,TMIN,236
ID000097900,2010-07-02,TMIN,255
ID000097900,2006-10-24,TMAX,300
ID000097900,2013-05-29,TMIN,237
ID000097900,2005-01-25,TMAX,336
ID000097900,2013-06-03,TMIN,221
ID000097900,2007-06-12,TMAX,292
ID000097900,2007-06-12,TMIN,246
ID000097900,2006-12-14,TMAX,340
ID000097900,2006-12-14,TMIN,243
ID000097900,2014-08-15,TMIN,238
ID000097900,2012-09-11,TMAX,310
ID000097900,2011-03-13,TMAX,344
ID000097900,2011-03-13,TMIN,266
ID000097900,2005-02-03,TMIN,238
ID000097900,2013-01-14,TMAX,314
ID000097900,2014-08-29,TMIN,240
ID000097900,2005-07-05,TMAX,306
ID000097900,2007-05-19,TMAX,314
ID000097900,2014-08-29,TMAX,288
ID000097900,2010-05-10,TMAX,310
ID000097900,2010-05-10,TMIN,262
ID000097900,2010-05-21,TMAX,315
ID000097900,2008-10-17,TMIN,255
ID000097900,2008-10-17,TMAX,320
ID000097900,2005-12-27,TMAX,288
ID000097900,2005-12-27,TMIN,243
ID000097900,2010-05-21,TMIN,267
ID000097900,2014-03-02,TMIN,255
ID000097900,2006-10-16,TMIN,230
ID000097900,2006-10-16,TMAX,300
ID000097900,2005-01-14,TMAX,334
ID000097900,2005-01-14,TMIN,240
ID000097900,2009-08-25,TMAX,299
ID000097900,2006-03-02,TMAX,312
ID000097900,2012-08-09,TMAX,286
ID000097900,2006-10-28,TMAX,316
ID000097900,2014-03-08,TMIN,252
ID000097900,2006-10-28,TMIN,226
ID000097900,2012-04-21,TMIN,245
ID000097900,2006-03-02,TMIN,235
ID000097900,2006-08-10,TMIN,196
ID000097900,2011-04-06,TMAX,324
ID000097900,2007-05-19,TMIN,252
ID000097900,2012-10-28,TMIN,250
ID000097900,2012-10-28,TMAX,322
ID000097900,2005-07-05,TMIN,242
ID000097900,2006-06-04,TMAX,300
ID000097900,2008-06-23,TMAX,268
ID000097900,2011-02-15,TMAX,312
ID000097900,2015-06-27,TMAX,276
ID000097900,2015-06-20,TMAX,302
ID000097900,2015-06-20,TMIN,256
ID000097900,2013-12-11,TMIN,258
ID000097900,2005-05-22,TMAX,310
ID000097900,2006-01-27,TMAX,316
ID000097900,2005-05-22,TMIN,240
ID000097900,2009-12-01,TMAX,349
ID000097900,2015-10-11,TMAX,300
ID000097900,2007-11-17,TMAX,328
ID000097900,2009-11-13,TMAX,324
ID000097900,2010-07-13,TMAX,298
ID000097900,2009-11-13,TMIN,258
ID000097900,2010-10-25,TMAX,316
ID000097900,2007-11-17,TMIN,236
ID000097900,2006-04-18,TMIN,230
ID000097900,2013-03-27,TMIN,247
ID000097900,2010-10-25,TMIN,256
ID000097900,2006-04-18,TMAX,280
ID000097900,2013-03-27,TMAX,311
ID000097900,2009-04-30,TMAX,282
ID000097900,2007-04-26,TMIN,250
ID000097900,2007-04-26,TMAX,313
ID000097900,2015-10-22,TMAX,298
ID000097900,2006-01-27,TMIN,235
ID000097900,2014-11-27,TMAX,328
ID000097900,2009-04-30,TMIN,244
ID000097900,2006-08-13,TMAX,280
ID000097900,2009-02-20,TMIN,225
ID000097900,2006-02-04,TMIN,236
ID000097900,2007-10-18,TMIN,249
ID000097900,2007-06-07,TMIN,235
ID000097900,2014-03-01,TMIN,245
ID000097900,2007-06-07,TMAX,286
ID000097900,2007-03-22,TMIN,225
ID000097900,2011-10-17,TMAX,322
ID000097900,2005-11-28,TMIN,235
ID000097900,2015-09-27,TMAX,298
ID000097900,2015-06-14,TMIN,244
ID000097900,2005-08-26,TMIN,238
ID000097900,2005-11-28,TMAX,325
ID000097900,2015-12-07,TMIN,260
ID000097900,2015-12-07,TMAX,345
ID000097900,2015-10-11,TMIN,243
ID000097900,2010-09-02,TMIN,256
ID000097900,2014-09-30,TMAX,300
ID000097900,2005-08-26,TMAX,299
ID000097900,2014-09-30,TMIN,244
ID000097900,2015-07-06,TMAX,276
ID000097900,2015-07-06,TMIN,213
ID000097900,2006-12-06,TMIN,240
ID000097900,2006-08-13,TMIN,215
ID000097900,2010-07-13,TMIN,240
ID000097900,2007-03-22,TMAX,316
ID000097900,2012-06-01,TMIN,250
ID000097900,2012-06-01,TMAX,298
ID000097900,2015-06-27,TMIN,219
ID000097900,2006-11-05,TMAX,312
ID000097900,2007-10-18,TMAX,316
ID000097900,2011-02-15,TMIN,252
ID000097900,2008-06-20,TMIN,208
ID000097900,2005-07-16,TMIN,234
ID000097900,2006-10-30,TMAX,324
ID000097900,2005-12-22,TMIN,230
ID000097900,2015-04-09,TMAX,318
ID000097900,2012-09-18,TMAX,303
ID000097900,2007-08-04,TMIN,205
ID000097900,2008-11-19,TMAX,335
ID000097900,2005-12-22,TMAX,326
ID000097900,2013-04-25,TMAX,320
ID000097900,2009-10-02,TMAX,316
ID000097900,2013-04-25,TMIN,242
ID000097900,2010-09-29,TMIN,254
ID000097900,2015-04-02,TMIN,258
ID000097900,2005-09-09,TMIN,210
ID000097900,2008-09-21,TMIN,228
ID000097900,2012-01-18,TMAX,306
ID000097900,2008-09-07,TMIN,225
ID000097900,2006-11-01,TMAX,314
ID000097900,2008-09-07,TMAX,295
ID000097900,2011-01-05,TMAX,332
ID000097900,2009-05-01,TMIN,225
ID000097900,2009-05-01,TMAX,310
ID000097900,2010-02-25,TMAX,336
ID000097900,2011-01-05,TMIN,258
ID000097900,2012-09-21,TMAX,304
ID000097900,2012-09-21,TMIN,229
ID000097900,2010-01-14,TMAX,313
ID000097900,2011-03-18,TMAX,312
ID000097900,2010-09-29,TMAX,307
ID000097900,2014-11-27,TMIN,242
ID000097900,2012-10-31,TMAX,318
ID000097900,2007-07-03,TMAX,284
ID000097900,2010-07-04,TMAX,290
ID000097900,2010-07-04,TMIN,257
ID000097900,2006-05-02,TMAX,318
ID000097900,2005-01-01,TMIN,252
ID000097900,2013-09-01,TMIN,242
ID000097900,2006-05-02,TMIN,239
ID000097900,2012-01-08,TMIN,250
ID000097900,2005-03-09,TMAX,330
ID000097900,2007-05-27,TMIN,240
ID000097900,2014-12-21,TMAX,320
ID000097900,2009-05-30,TMAX,308
ID000097900,2009-05-30,TMIN,230
ID000097900,2014-04-27,TMIN,239
ID000097900,2007-05-27,TMAX,312
ID000097900,2011-03-20,TMIN,244
ID000097900,2010-05-26,TMAX,314
ID000097900,2005-03-09,TMIN,248
ID000097900,2010-05-26,TMIN,263
ID000097900,2009-02-20,TMAX,320
ID000097900,2014-02-05,TMIN,257
ID000097900,2009-11-17,TMAX,330
ID000097900,2005-12-08,TMAX,332
ID000097900,2008-08-01,TMAX,288
ID000097900,2008-08-01,TMIN,225
ID000097900,2007-07-03,TMIN,222
ID000097900,2012-10-31,TMIN,270
ID000097900,2015-04-09,TMIN,260
ID000097900,2006-10-30,TMIN,230
ID000097900,2011-07-06,TMIN,244
ID000097900,2015-10-01,TMIN,250
ID000097900,2007-04-29,TMIN,230
ID000097900,2011-12-28,TMAX,316
ID000097900,2011-07-14,TMIN,251
ID000097900,2007-08-15,TMIN,226
ID000097900,2007-08-15,TMAX,289
ID000097900,2006-04-01,TMIN,226
ID000097900,2008-09-03,TMAX,286
ID000097900,2014-07-24,TMIN,231
ID000097900,2010-10-20,TMAX,309
ID000097900,2015-10-21,TMAX,300
ID000097900,2005-09-07,TMIN,228
ID000097900,2009-12-23,TMAX,305
ID000097900,2014-09-12,TMIN,224
ID000097900,2008-11-01,TMAX,317
ID000097900,2007-09-10,TMAX,292
ID000097900,2006-07-01,TMAX,290
ID000097900,2009-04-05,TMIN,242
ID000097900,2007-04-09,TMAX,286
ID000097900,2007-05-10,TMAX,320
ID000097900,2008-02-13,TMAX,323
ID000097900,2010-12-03,TMIN,248
ID000097900,2005-12-16,TMAX,332
ID000097900,2009-04-05,TMAX,316
ID000097900,2007-12-29,TMIN,235
ID000097900,2005-04-23,TMAX,308
ID000097900,2011-09-22,TMIN,240
ID000097900,2005-06-29,TMAX,292
ID000097900,2012-03-24,TMAX,308
ID000097900,2011-06-12,TMAX,280
ID000097900,2005-06-29,TMIN,235
ID000097900,2006-07-16,TMAX,300
ID000097900,2006-03-26,TMIN,250
ID000097900,2005-04-25,TMIN,230
ID000097900,2006-12-09,TMIN,240
ID000097900,2006-04-01,TMAX,300
ID000097900,2006-03-26,TMAX,318
ID000097900,2010-02-08,TMAX,328
ID000097900,2010-12-05,TMIN,261
ID000097900,2005-09-07,TMAX,294
ID000097900,2005-12-16,TMIN,245
ID000097900,2007-05-10,TMIN,245
ID000097900,2006-09-04,TMIN,201
ID000097900,2013-04-20,TMIN,262
ID000097900,2005-02-17,TMAX,342
ID000097900,2007-04-07,TMAX,280
ID000097900,2014-08-26,TMAX,295
ID000097900,2010-01-24,TMAX,326
ID000097900,2005-03-11,TMAX,334
ID000097900,2015-01-09,TMIN,265
ID000097900,2007-09-10,TMIN,221
ID000097900,2007-04-07,TMIN,230
ID000097900,2011-09-22,TMAX,298
ID000097900,2005-04-07,TMIN,232
ID000097900,2006-02-25,TMAX,310
ID000097900,2005-10-22,TMAX,333
ID000097900,2010-10-29,TMAX,309
ID000097900,2011-02-09,TMAX,302
ID000097900,2005-04-07,TMAX,298
ID000097900,2013-06-02,TMIN,251
ID000097900,2006-02-25,TMIN,236
ID000097900,2013-04-20,TMAX,312
ID000097900,2014-08-26,TMIN,249
ID000097900,2010-03-30,TMIN,266
ID000097900,2005-10-22,TMIN,234
ID000097900,2005-04-12,TMAX,286
ID000097900,2005-01-19,TMAX,327
ID000097900,2012-08-04,TMAX,290
ID000097900,2010-03-30,TMAX,342
ID000097900,2012-08-27,TMAX,305
ID000097900,2005-03-11,TMIN,254
ID000097900,2014-08-31,TMAX,289
ID000097900,2007-11-25,TMIN,256
ID000097900,2006-04-26,TMAX,320
ID000097900,2006-07-01,TMIN,224
ID000097900,2009-08-12,TMAX,300
ID000097900,2012-09-15,TMAX,306
ID000097900,2014-08-31,TMIN,229
ID000097900,2009-05-13,TMAX,304
ID000097900,2009-12-23,TMIN,251
ID000097900,2009-12-04,TMAX,344
ID000097900,2011-02-10,TMAX,316
ID000097900,2008-04-26,TMAX,318
ID000097900,2008-03-10,TMIN,236
ID000097900,2015-10-12,TMAX,300
ID000097900,2005-09-24,TMAX,302
ID000097900,2008-05-12,TMIN,237
ID000097900,2011-05-09,TMIN,252
ID000097900,2008-05-15,TMAX,300
ID000097900,2005-05-21,TMAX,308
ID000097900,2007-12-29,TMAX,270
ID000097900,2015-10-12,TMIN,242
ID000097900,2011-01-28,TMIN,226
ID000097900,2007-06-14,TMAX,276
ID000097900,2011-01-28,TMAX,322
ID000097900,2010-07-16,TMAX,291
ID000097900,2005-09-24,TMIN,240
ID000097900,2009-05-10,TMAX,314
ID000097900,2007-06-14,TMIN,245
ID000097900,2007-06-20,TMAX,290
ID000097900,2009-05-13,TMIN,240
ID000097900,2009-12-26,TMAX,328
ID000097900,2009-05-10,TMIN,236
ID000097900,2007-10-20,TMIN,250
ID000097900,2008-05-12,TMAX,310
ID000097900,2012-08-26,TMIN,248
ID000097900,2013-03-08,TMIN,264
ID000097900,2007-03-15,TMIN,234
ID000097900,2008-05-15,TMIN,222
ID000097900,2008-07-13,TMIN,233
ID000097900,2014-12-18,TMAX,345
ID000097900,2005-06-13,TMAX,300
ID000097900,2011-05-09,TMAX,300
ID000097900,2007-04-06,TMAX,282
ID000097900,2005-11-21,TMAX,328
ID000097900,2012-10-16,TMIN,268
ID000097900,2014-06-24,TMIN,241
ID000097900,2012-09-24,TMAX,304
ID000097900,2015-03-31,TMAX,326
ID000097900,2015-03-31,TMIN,258
ID000097900,2007-10-20,TMAX,316
ID000097900,2011-10-01,TMAX,307
ID000097900,2005-10-24,TMAX,333
ID000097900,2012-04-02,TMIN,250
ID000097900,2005-04-25,TMAX,312
ID000097900,2008-10-14,TMAX,320
ID000097900,2005-09-19,TMIN,242
ID000097900,2014-03-19,TMIN,251
ID000097900,2007-07-13,TMAX,272
ID000097900,2007-09-24,TMIN,208
ID000097900,2010-12-05,TMAX,338
ID000097900,2006-12-19,TMIN,265
ID000097900,2005-06-13,TMIN,230
ID000097900,2012-12-10,TMIN,260
ID000097900,2015-02-01,TMAX,322
ID000097900,2014-01-08,TMIN,257
ID000097900,2007-01-20,TMAX,324
ID000097900,2008-03-10,TMAX,316
ID000097900,2011-02-09,TMIN,246
ID000097900,2015-11-01,TMAX,311
ID000097900,2007-06-20,TMIN,220
ID000097900,2014-01-15,TMIN,242
ID000097900,2007-01-20,TMIN,249
ID000097900,2011-04-26,TMAX,312
ID000097900,2011-04-26,TMIN,268
ID000097900,2012-04-02,TMAX,318
ID000097900,2010-04-10,TMAX,324
ID000097900,2009-12-26,TMIN,260
ID000097900,2012-11-15,TMAX,326
ID000097900,2007-03-15,TMAX,308
ID000097900,2012-10-16,TMAX,310
ID000097900,2008-09-09,TMAX,298
ID000097900,2006-12-19,TMAX,326
ID000097900,2008-09-09,TMIN,240
ID000097900,2013-03-08,TMAX,332
ID000097900,2011-11-01,TMAX,321
ID000097900,2005-11-21,TMIN,234
ID000097900,2008-10-14,TMIN,245
ID000097900,2005-10-24,TMIN,232
ID000097900,2008-07-13,TMAX,290
ID000097900,2007-09-24,TMAX,302
ID000097900,2014-06-24,TMAX,297
ID000097900,2006-04-26,TMIN,235
ID000097900,2011-10-01,TMIN,236
ID000097900,2005-04-12,TMIN,234
ID000097900,2011-02-10,TMIN,242
ID000097900,2015-08-18,TMAX,288
ID000097900,2013-11-22,TMIN,255
ID000097900,2013-02-09,TMIN,240
ID000097900,2006-12-03,TMAX,338
ID000097900,2009-11-11,TMAX,316
ID000097900,2006-12-03,TMIN,240
ID000097900,2009-06-15,TMIN,225
ID000097900,2012-12-10,TMAX,336
ID000097900,2010-06-25,TMAX,300
ID000097900,2013-04-24,TMIN,256
ID000097900,2007-06-21,TMIN,220
ID000097900,2007-01-05,TMIN,235
ID000097900,2007-04-29,TMAX,312
ID000097900,2010-11-23,TMAX,334
ID000097900,2012-05-07,TMAX,302
ID000097900,2012-11-03,TMAX,328
ID000097900,2008-08-13,TMAX,290
ID000097900,2013-04-24,TMAX,320
ID000097900,2015-01-20,TMIN,242
ID000097900,2006-02-27,TMIN,230
ID000097900,2010-11-23,TMIN,254
ID000097900,2010-03-25,TMAX,328
ID000097900,2007-04-21,TMIN,237
ID000097900,2014-02-18,TMIN,242
ID000097900,2011-06-23,TMAX,286
ID000097900,2006-08-27,TMIN,223
ID000097900,2007-04-21,TMAX,308
ID000097900,2007-04-09,TMIN,235
ID000097900,2007-10-08,TMAX,316
ID000097900,2013-02-09,TMAX,330
ID000097900,2006-05-12,TMIN,236
ID000097900,2011-06-28,TMAX,292
ID000097900,2008-12-22,TMAX,302
ID000097900,2007-06-21,TMAX,278
ID000097900,2011-08-25,TMAX,284
ID000097900,2005-03-08,TMAX,300
ID000097900,2008-08-13,TMIN,225
ID000097900,2008-04-16,TMIN,232
ID000097900,2008-01-10,TMAX,318
ID000097900,2010-06-25,TMIN,228
ID000097900,2005-03-08,TMIN,240
ID000097900,2010-03-25,TMIN,264
ID000097900,2005-05-21,TMIN,246
ID000097900,2011-07-30,TMAX,289
ID000097900,2012-02-02,TMAX,290
ID000097900,2015-10-07,TMIN,245
ID000097900,2014-03-16,TMIN,255
ID000097900,2006-06-04,TMIN,245
ID000097900,2005-04-23,TMIN,232
ID000097900,2009-12-17,TMAX,329
ID000097900,2008-04-16,TMAX,279
ID000097900,2007-08-05,TMIN,216
ID000097900,2010-02-11,TMIN,254
ID000097900,2008-05-27,TMIN,216
ID000097900,2010-12-07,TMAX,331
ID000097900,2006-01-17,TMAX,312
ID000097900,2009-04-25,TMIN,229
ID000097900,2014-07-24,TMAX,280
ID000097900,2009-12-17,TMIN,254
ID000097900,2010-01-08,TMAX,296
ID000097900,2008-01-10,TMIN,249
ID000097900,2008-05-27,TMAX,302
ID000097900,2015-08-18,TMIN,232
ID000097900,2009-04-25,TMAX,312
ID000097900,2015-07-01,TMAX,296
ID000097900,2006-05-12,TMAX,295
ID000097900,2007-01-05,TMAX,292
ID000097900,2010-03-27,TMAX,306
ID000097900,2014-05-23,TMIN,242
ID000097900,2009-11-03,TMAX,316
ID000097900,2005-02-17,TMIN,230
ID000097900,2012-09-14,TMAX,308
ID000097900,2013-04-18,TMIN,256
ID000097900,2012-04-16,TMAX,313
ID000097900,2006-12-09,TMAX,340
ID000097900,2015-08-19,TMIN,230
ID000097900,2006-07-16,TMIN,230
ID000097900,2011-07-30,TMIN,247
ID000097900,2015-10-07,TMAX,297
ID000097900,2015-02-28,TMAX,308
ID000097900,2015-08-19,TMAX,286
ID000097900,2005-09-19,TMAX,308
ID000097900,2009-02-15,TMAX,290
ID000097900,2013-04-18,TMAX,320
ID000097900,2007-03-04,TMIN,250
ID000097900,2014-05-23,TMAX,280
ID000097900,2014-05-18,TMIN,241
ID000097900,2007-03-04,TMAX,320
ID000097900,2011-06-28,TMIN,246
ID000097900,2012-01-02,TMAX,326
ID000097900,2006-09-10,TMIN,228
ID000097900,2006-01-17,TMIN,237
ID000097900,2006-08-27,TMAX,290
ID000097900,2006-09-10,TMAX,280
ID000097900,2012-12-16,TMAX,349
ID000097900,2013-11-21,TMIN,256
ID000097900,2012-12-16,TMIN,259
ID000097900,2008-09-03,TMIN,230
ID000097900,2012-02-02,TMIN,230
ID000097900,2013-02-18,TMIN,254
ID000097900,2009-12-04,TMIN,254
ID000097900,2015-01-09,TMAX,322
ID000097900,2008-02-13,TMIN,255
ID000097900,2008-12-22,TMIN,225
ID000097900,2007-10-08,TMIN,245
ID000097900,2015-01-20,TMAX,328
ID000097900,2012-08-26,TMAX,298
ID000097900,2015-02-28,TMIN,240
ID000097900,2009-02-23,TMIN,240
ID000097900,2013-02-18,TMAX,328
